id,height,rottingFleshPct,bloodCoverage,aura,hairLength,color_green,color_grey,color_purple,color_white
1,59.0548725745855,15.64,1.825,0.257760347377999,3.32465124006125,1,0,0,0
2,77.6708715547151,6.5,25.589,0.380248260042717,3.99830750849906,0,0,0,1
3,67.2260962430185,23.24,3.487,0.140157715638842,3.3276090563816,0,0,1,0
4,66.7361550551815,27.8,28.058,0.244492028138505,3.69988342147695,1,0,0,0
5,59.9536220003457,32.26,33.037,0.171565297769569,3.46413668042377,1,0,0,0
6,63.9059150695425,31.1,33.771,0.161809784492933,3.4125326080031,1,0,0,0
7,62.8054045963283,17.17,13.987,0.20206292913168,4.56608863711651,0,0,1,0
8,43.8657865673502,36.79,34.202,0.158884510845636,2.56115267058133,1,0,0,0
9,55.6375579959562,43.84,30.644,0.310328920585451,3.54920146639932,0,0,0,1
10,55.7411643135793,27.25,29.701,0.223579675933167,3.37489832213068,0,0,1,0
11,43.7598171665972,24.6,24.047,0.243109003897896,2.97731649191006,1,0,0,0
12,69.9632992638732,14.21,32.009,0.138241434374453,3.80495241197374,0,1,0,0
13,60.9598004319837,21.55,18.512,0.258510792135744,3.78914934983304,1,0,0,0
14,64.6795086708711,36.25,36.58,0.236940800938008,3.49522459957781,1,0,0,0
15,64.093727239246,24.12,12.402,0.195406903282643,2.87091271053984,0,0,1,0
16,63.7240330144148,26.97,12.472,0.0821657833502429,3.31052331347835,0,1,0,0
17,67.496944015641,11.47,6.349,0.0940667359189929,3.56744729001614,0,1,0,0
18,47.3298334754227,5.4,2.569,0.194899630822954,3.8769877958814,0,0,0,1
19,55.4444258381824,5.59,4.981,0.26238610678311,3.31244893838211,0,0,0,1
20,64.8954567908828,32.75,29.587,0.245424959056313,3.87602784675711,1,0,0,0
21,48.3937791902593,28.24,25.943,0.138097952775566,3.5364168432818,0,1,0,0
22,56.7816178880533,25.13,4.455,0.231244034116738,3.42649225667193,0,0,1,0
23,74.7157091124965,12.47,19.646,0.333085580667155,3.90889973719144,0,0,0,1
24,66.609371559421,19.2,42.62,0.244127692597073,3.64363279675036,1,0,0,0
25,63.1729791992077,29.72,18.854,0.227781382399046,3.25417560759075,1,0,0,0
26,64.1870384341383,39.8,41.031,0.173459128618528,3.74905006201707,0,0,1,0
27,60.8718084461877,30.42,24.974,0.156102719235948,2.6067000393307,1,0,0,0
28,61.1599539903524,20.05,28.447,0.11073839633252,3.66479752684662,0,1,0,0
29,42.6858483223463,21.77,45.408,0.108456222537554,2.48125149103122,0,1,0,0
30,50.0498904907001,8.75,3.638,0.308351357653007,3.15989034210111,0,0,0,1
31,62.4488158168463,26.23,32.934,0.0499941400196181,3.47277203422858,0,1,0,0
32,61.2429033432169,31.4,25.668,0.0759118486413357,3.0838615431359,0,1,0,0
33,67.2221958036918,11.87,28.97,0.110166084173854,3.22198367321424,0,1,0,0
34,55.8988118727359,26.66,29.506,0.404590999998286,3.71276388574677,0,0,0,1
35,50.2946682180508,4.38,4.215,0.27912731987169,3.29603914894707,0,0,0,1
36,64.6981888257723,7.1,14.044,0.232317252103984,3.38245660032655,0,0,1,0
37,64.3405018365072,13.64,25.569,0.112859849828472,3.4127640359348,0,1,0,0
38,63.1597321193849,11.75,32.702,0.120576305562078,3.7944976811146,0,0,1,0
39,57.4978753131836,30.83,21.753,0.0813124760542391,3.13138075218389,0,1,0,0
40,72.445626877699,11.73,12.451,0.333447894064319,4.64626816729009,0,0,0,1
41,60.1510398870505,14.13,2.077,0.280719552020043,3.4931474327264,0,0,0,1
42,63.4354616703946,12.17,13.167,0.0805512744939558,3.68786380203655,0,1,0,0
43,44.2924647750773,30.19,15.159,0.0854301858787352,3.30950555946072,0,1,0,0
44,61.6293864137032,17.75,6.922,0.200627663892392,3.82147396865076,0,0,1,0
45,56.6726443562286,37.37,21.824,0.120275736997762,3.27216343445939,0,1,0,0
46,61.9191162145313,29.49,32.835,0.0933980266279932,3.33661456612374,0,1,0,0
47,63.3723401485246,25.27,39.96,0.153955500735237,3.12771605651716,1,0,0,0
48,65.0681385025949,13.69,11.958,0.111153175987092,3.56179975159671,0,1,0,0
49,58.0877302093647,29.02,25.772,0.23510219562965,3.73583742123239,1,0,0,0
50,64.7994648531474,32.21,27.574,0.224863343600622,3.69012280227649,1,0,0,0
51,65.8944101965297,7.59,21.675,0.127417760426653,4.04315990968139,0,1,0,0
52,65.7212892183652,13.22,22.877,0.111072933323229,3.03614283252671,0,1,0,0
53,62.4312681903089,31.97,37.259,0.100289252701995,3.74982132711026,0,1,0,0
54,61.2136209228851,30.71,22.696,0.167343531107724,3.57989310356194,1,0,0,0
55,62.2792205695683,5.61,10.728,0.231872677661549,3.75660531816596,1,0,0,0
56,66.8198316389972,23.05,16.654,0.0498605041053807,3.67113511970814,0,1,0,0
57,61.2662025315782,23.89,12.135,0.154113634259149,4.37408221510812,0,0,1,0
58,69.464542774016,6.71,26.883,0.124021938256513,4.02951586990112,0,1,0,0
59,61.4265696670351,23.91,22.891,0.0716769241935016,3.74144410006449,0,1,0,0
60,66.3255270641846,36.29,17.056,0.284401019868466,3.63571102308441,0,0,0,1
61,64.6393696612058,39.39,28.397,0.0826958407121029,2.93198075372437,0,1,0,0
62,71.6594191892562,28.39,24.432,0.107805206893211,3.2990795215087,0,1,0,0
63,55.4814080932026,21.14,18.68,0.243439219163274,3.65038326073171,0,0,1,0
64,52.4268841822595,10.6,8.182,0.398121657665529,2.83593016114573,0,0,0,1
65,44.817814459374,33.48,31.468,0.158109548369613,2.77810988474717,1,0,0,0
66,71.5394922479009,12.41,27.528,0.131389142723761,4.20152683665398,0,1,0,0
67,51.0005564932293,3.16,9.785,0.0943659547030931,3.40839478688649,0,1,0,0
68,55.0467510004661,36.61,20.432,0.137434541046582,3.37637054012221,0,1,0,0
69,61.4990077281843,29.49,20.457,0.0885274913735572,3.60204721654166,0,1,0,0
70,60.8451643866633,32.65,29.761,0.0901897194515614,4.15577622896429,0,1,0,0
71,51.3105013774794,22.86,21.078,0.335338796379899,3.2554439172671,0,0,0,1
72,66.9780421040408,27.39,27.635,0.101838637623919,3.57531946224011,0,1,0,0
73,72.5456275018748,11.22,28.734,0.344929067854316,4.31672634542553,0,0,0,1
74,70.4035373736959,30.99,10.398,0.120589690018334,4.32919640068147,0,1,0,0
75,57.8351644874158,3.73,8.114,0.426818995962729,3.4539892903307,0,0,0,1
76,73.5211893460666,36.71,6.002,0.0779816973579567,3.75578316355546,0,1,0,0
77,70.4570523666314,28.39,26.432,0.107591616749015,3.45936568656348,0,1,0,0
78,55.5684296469053,40.92,40.578,0.27420017936566,3.33663608752317,1,0,0,0
79,62.3918458892045,24.2,26.577,0.289674545945903,3.7155765226288,1,0,0,0
80,63.9742017473522,34.85,21.64,0.275557821829073,3.36838777446539,0,0,0,1
81,67.5646432412317,14.56,32.087,0.191621935932985,3.73926607905038,0,0,1,0
82,58.5795692299736,34.81,23.708,0.0839514511144221,4.03218885747507,0,1,0,0
83,43.1040342559858,26.14,44.555,0.256477400715457,2.53085550438418,1,0,0,0
84,60.6800739849724,34.6,22.692,0.0576185654835209,2.82054109369024,0,1,0,0
85,68.8946067012255,16.78,22.674,0.0700043437534318,3.98207679474277,0,1,0,0
86,65.9663125897065,30.96,39.198,0.288625998007533,3.49078809234034,0,0,0,1
87,65.1467404944372,37.29,39.327,0.171781695241767,3.90269286866894,1,0,0,0
88,70.017305774546,14.34,27.482,0.254038912859008,4.27112950072469,0,0,0,1
89,64.240277344781,26.25,32.45,0.239852812945316,3.10937426225735,1,0,0,0
90,49.8700297247829,31.22,26.816,0.104089829910729,3.18449497630969,0,1,0,0
91,68.5863256257358,14.29,13.956,0.115682646666892,2.66452796279038,0,0,1,0
92,66.4212292038208,7.42,8.236,0.142303954130875,3.03014155133981,1,0,0,0
93,71.3868811666428,21.89,18.701,0.102160160460904,3.91470105103282,0,1,0,0
94,51.6628485479895,37.96,33.363,0.167114325421564,2.62884019475118,1,0,0,0
95,76.5750355435977,8.63,13.868,0.099172120898539,3.90425239709087,0,1,0,0
96,55.683071464195,12.86,9.992,0.201131804233424,3.88735719775808,0,0,1,0
97,67.8605954025864,20.73,36.025,0.110508805656035,3.74775947364242,1,0,0,0
98,67.6737508799499,40.16,22.662,0.129190144603039,3.25853243036107,0,1,0,0
99,61.4527938263547,25.02,38.699,0.110751113045385,3.49241637556889,1,0,0,0
100,62.9385181888659,25.8,19.545,0.103451772069156,3.69682674577506,0,1,0,0
101,65.0947729492295,5.41,8.899,0.176027482880738,3.24697778899424,0,0,1,0
102,67.7113494201551,36.13,26.7,0.302636723335558,3.62197277642483,0,0,0,1
103,52.0084927489546,24.61,2.972,0.283299223921999,3.21300808970488,0,0,1,0
104,59.2205457963448,27.55,21.853,0.0819477439740879,3.12773942043992,0,1,0,0
105,57.6888913507388,12.37,18.94,0.355477941337677,3.33982223793754,0,0,0,1
106,66.0534601301741,38.01,27.388,0.0804237722194247,3.99572418194268,0,1,0,0
107,36.963443665065,6.96,9.95,0.290869939299526,2.79600011087025,0,0,0,1
108,60.7777654488151,16.03,6.776,0.213365178117131,3.91359457759076,1,0,0,0
109,44.8186117855298,32.23,32.199,0.12548419560911,3.2284968177482,0,0,1,0
110,61.0908544220147,30.11,35.384,0.103051284303531,3.58692163190377,0,1,0,0
111,44.8704931091279,34.23,18.529,0.120781942702758,2.37303183683453,0,1,0,0
112,60.9918790739467,37.03,9.198,0.351123421768743,3.55712176456487,0,0,0,1
113,67.1409651552017,16.13,3.513,0.368687151607067,3.50828414844068,0,0,0,1
114,61.92729688209,21.34,4.35,0.146231320953847,3.41142787410059,1,0,0,0
115,60.2010222672866,29.27,37.153,0.169476421924222,2.78912751628171,1,0,0,0
116,65.1076033187106,22.67,0.438,0.177716010541521,2.93125345309121,0,0,1,0
117,51.82651403489,6.21,9.565,0.377420067948031,3.17479157282288,0,0,0,1
118,62.1168226512811,20.38,3.098,0.153695402378786,3.45511985237729,0,0,1,0
119,68.0004933378153,11.78,14.448,0.0876336272105957,3.51734690140251,0,1,0,0
120,60.10481545338,29.2,41.923,0.229299611004253,2.77472266584482,1,0,0,0
121,51.3147592377319,9.59,6.433,0.354368364689767,2.95328281581024,0,0,0,1
122,58.1730936788073,17.36,6.099,0.260987556982508,3.42467685196881,1,0,0,0
123,67.9302653387338,13.99,19.285,0.235172512073774,3.46957819254527,1,0,0,0
124,52.5828460599575,10.86,1.255,0.2798685646339,3.26242144048922,0,0,0,1
125,64.26047261964,13.49,22.901,0.121834834990753,3.35911175044741,0,1,0,0
126,67.5587870439066,9.04,20.122,0.111412486674617,3.69210313471619,0,1,0,0
127,66.432598653237,17.7,16.139,0.135819937058753,4.01880367728606,1,0,0,0
128,61.1121834921891,21.94,34.616,0.268109721439459,3.16587198576073,1,0,0,0
129,74.2566428208891,19.63,8.512,0.354709248906961,4.73370507633009,0,0,0,1
130,63.8651508943534,6.33,0.438,0.341807369809031,3.51545873426299,0,0,0,1
131,68.2795648528172,23.79,16.308,0.0843781799503922,3.44428099414197,0,1,0,0
132,55.1641084672156,25.16,3.946,0.243935321984735,2.56309616893444,1,0,0,0
133,69.3283184660871,9.63,14.683,0.220368371439052,3.87676561316448,0,0,1,0
134,64.0592377770374,24.6,26.67,0.181155138909721,3.46722869244433,1,0,0,0
135,58.5311731206158,23.33,26.862,0.273936704095686,2.68919828182547,0,0,0,1
136,48.6855560399621,6.82,2.42,0.33876787267874,3.18243664184303,0,0,0,1
137,61.6859515187771,25.33,43.642,0.0967610321296224,3.13085461457722,0,1,0,0
138,66.2268259653344,27.05,18.419,0.0883173799842873,3.86465423885686,0,1,0,0
139,60.6029829201758,27.68,38.512,0.0950065798718463,2.85287753359974,0,1,0,0
140,63.4558307640346,14.03,12.039,0.351776609056205,3.42726892916199,0,0,0,1
141,57.4638699225907,3.7,7.415,0.114225850684734,3.61073864406913,0,1,0,0
142,57.3534103339761,12.72,0.059,0.230776944951716,3.28780428608835,0,0,0,1
143,66.7992514114221,34.84,33.003,0.262018070642297,3.2146255644614,1,0,0,0
144,48.9005262633998,24.55,33.666,0.372652204177971,3.06564968281609,0,0,0,1
145,68.3948880664114,18.67,7.323,0.0677115077514806,3.37276345263402,0,1,0,0
146,67.8572450955986,39.67,39.741,0.116163022295676,3.20433512113404,0,1,0,0
147,57.44233401912,11.55,11.93,0.183888246107685,2.77544383172079,1,0,0,0
148,59.8065459609212,28.7,23.995,0.201637094400347,3.43114709425003,1,0,0,0
149,42.7330793800883,30.41,6.405,0.224067675590838,3.22036065160587,0,0,1,0
150,66.4042397400495,3.86,3.77,0.287843411647292,3.88942071756211,0,0,0,1
151,60.8609494457346,33.92,22.921,0.0848385805334358,4.04686466631189,0,1,0,0
152,58.702023171851,15.3,2.307,0.204556125670298,3.82256493735409,1,0,0,0
153,64.7663325111461,28.55,34.184,0.220618371272012,3.64816122655599,1,0,0,0
154,60.646844840862,32.16,29.786,0.169627092939027,3.5758039791274,0,0,1,0
155,62.6562545704836,34.64,25.997,0.14006227028448,3.14566318958597,1,0,0,0
156,63.201387384774,20.88,19.239,0.188601171192686,3.09551372493845,0,0,1,0
157,71.8798928463269,27.52,16.911,0.250688662207949,3.87474265402249,0,0,1,0
158,65.2301842981956,30.66,38.802,0.118165890950091,4.04603360125207,0,1,0,0
159,63.8549945585983,9.46,21.182,0.0853585620700115,3.2159436006661,0,1,0,0
160,71.626963235862,37.85,43.841,0.206414798333199,4.09383851114737,1,0,0,0
161,48.7512937466208,5.02,3.732,0.242556301574914,3.07399968842615,0,0,0,1
162,67.6330312174817,26.54,12.992,0.0836786100934485,3.81603715980531,0,1,0,0
163,63.305063650934,31.43,37.255,0.0964139101967821,4.4775994883789,0,1,0,0
164,47.1402138940093,39.59,33.509,0.118237355577041,2.89479029345681,0,1,0,0
165,65.8193093668284,5.79,30.104,0.078271376974758,3.62668741457584,0,1,0,0
166,48.9994372341586,3.92,2.115,0.392358696861855,3.38161449894801,0,0,0,1
167,56.9538008306458,35.05,33.732,0.182118702458983,3.87841641881301,1,0,0,0
168,52.8806942165223,30.35,32.802,0.0807600433641135,2.18580283543265,0,1,0,0
169,50.2361617803514,26.34,38.884,0.0655564370995637,2.83909810215114,0,1,0,0
170,67.2233426253507,7.86,32.135,0.166345902723453,3.30985065508025,0,0,1,0
171,52.567246369871,11.6,9.663,0.26405285569794,3.7710856627889,0,0,0,1
172,61.0328361818908,36.11,25.883,0.238545437034173,3.52063760176484,0,0,1,0
173,74.050734140358,24.06,20.56,0.339651714617337,3.58679325031144,0,0,0,1
174,58.6453925239766,24.2,15.661,0.0766082126431427,3.17268664546835,0,1,0,0
175,64.5013246151067,26.04,37.653,0.208821583943923,3.35513923402186,1,0,0,0
176,59.1057686823257,39.03,21.236,0.315744943508854,3.2144057316831,0,0,0,1
177,59.2957864688681,34.2,22.42,0.100544276816249,4.16161161876943,0,1,0,0
178,56.5506000426994,12.69,24.205,0.128054981776985,3.06328097961442,0,1,0,0
179,49.4690450686722,30.6,30.245,0.20904429697618,3.18184314116449,1,0,0,0
180,53.2194405580271,4.06,6.38,0.306959058195889,3.64343220553323,0,0,0,1
181,64.826545744439,22.63,8.36,0.202148585973,3.24664972540712,0,0,1,0
182,44.2769093900525,28.51,24.273,0.0950197455052414,2.91355345409693,0,1,0,0
183,69.7199254726678,20.24,14.432,0.295112906101385,4.35350335658956,0,0,0,1
184,59.341618952081,30.95,30.558,0.165010728546976,3.05263477009248,1,0,0,0
185,58.1301346814878,27.65,28.277,0.276802918214163,3.39770387057653,0,0,0,1
186,38.1713161015009,8.2,5.382,0.376286051111702,2.86805873020584,0,0,0,1
187,44.6075693071377,25.6,28.03,0.228758670190507,3.26985816501951,1,0,0,0
188,57.3561152300083,18.6,13.262,0.134915523319222,3.53236703365221,1,0,0,0
189,71.8580202928708,14.18,6.669,0.374369582601991,3.83057140408826,0,0,0,1
190,60.8756269972855,20.75,3.461,0.201028501701159,3.49114737163071,1,0,0,0
191,59.9766947425257,6.96,1.897,0.227457513156695,4.10836757931862,0,0,0,1
192,63.8906378327273,10.11,4.628,0.276312479712358,3.26980732987247,1,0,0,0
193,63.1530793049533,31.65,32.898,0.224810831220396,3.4080177614928,1,0,0,0
194,64.9760589094414,5.05,2.745,0.151344020709234,3.92180339702404,0,0,0,1
195,61.6280875998073,20.77,7.456,0.227078881183847,3.87106767625653,0,0,1,0
196,63.2457193333729,31.11,13.831,0.116387829879929,3.10722106768231,0,1,0,0
197,59.4889220715703,23.97,38.928,0.179728168692264,3.9218406438345,0,0,1,0
198,60.4242516962078,16.44,17.535,0.188950200239728,3.45968326059206,1,0,0,0
199,66.1620975175522,26.54,19.081,0.129713912511854,3.43174539583956,0,1,0,0
200,66.4233293651305,27.67,15.98,0.222329511905873,3.78848539052872,1,0,0,0
201,62.2218371027556,28.67,18.99,0.383199112799759,3.62454785323927,0,0,0,1
202,62.5986266312722,19.2,9.653,0.15176203310527,4.19791630111447,0,0,1,0
203,75.524437409164,7.03,21.552,0.257665146149171,4.4229350009163,0,0,0,1
204,54.4416823829912,10.03,11.467,0.366375364861698,3.1823972432606,0,0,0,1
205,61.7374989031827,23.08,9.076,0.219810014713907,3.56116565499313,1,0,0,0
206,60.3703939996127,12.11,6.232,0.153070709820913,3.56174327839722,1,0,0,0
207,67.4919170561486,13.65,23.888,0.222293890738205,3.04005528923162,0,0,0,1
208,61.4064746692181,9.44,9.491,0.0987939097606106,3.55973858060421,0,1,0,0
209,69.8063342926994,19.99,31.12,0.170480925592444,3.87612167277353,1,0,0,0
210,65.7245090538549,13.32,33.337,0.0991000353988208,3.82548732311875,0,1,0,0
211,55.8538832180184,32.25,21.184,0.196259294100499,2.86821177175421,1,0,0,0
212,67.238650642774,26.06,30.733,0.384262116569698,3.52135231311826,0,0,0,1
213,57.6115128351801,18.02,10.105,0.248579735486057,3.44660374375092,1,0,0,0
214,65.9221822398269,19.71,33.135,0.233462276386975,2.78683641061514,0,0,1,0
215,61.5161786851894,36.38,25.452,0.185707115632169,3.34036590603812,1,0,0,0
216,58.1209204978134,18.4,7.257,0.16220243391327,2.85088164927376,1,0,0,0
217,59.2382174546981,29.88,41.474,0.164279511344555,3.81275640290929,1,0,0,0
218,47.0167410177941,34.1,26.431,0.32031721989169,3.11325400605903,1,0,0,0
219,61.5057994873858,21.4,5.119,0.140278393505568,3.41000763801303,1,0,0,0
220,63.1034084820799,8.81,3.866,0.375383965381484,3.38714348177327,0,0,0,1
221,53.7712481794079,6.09,4.291,0.190189391143022,2.98794336445699,0,0,1,0
222,44.5290943669682,32.05,37.938,0.0813180624690573,3.22463893020403,0,1,0,0
223,63.2618090918771,25.53,37.05,0.0939690300286445,3.35724830435789,0,1,0,0
224,68.0844902978025,14.4,8.068,0.190983241278581,3.18612532013914,0,0,1,0
225,65.4682546045312,5.76,14.984,0.332992079476564,3.97026636375479,0,0,0,1
226,48.1523725681921,35.18,33.102,0.264186923280859,2.65749844892996,1,0,0,0
227,53.298463420194,15.9,22.368,0.274227818753817,3.32996151046841,0,0,0,1
228,57.1270682798674,32.97,28.583,0.181083951013549,2.87544847449006,1,0,0,0
229,60.124245454877,16.4,12.063,0.108260957628494,3.49522515646103,0,1,0,0
230,55.0978604039274,21.29,31.458,0.238951950410498,3.33439139773878,1,0,0,0
231,66.072039160896,23.07,34.064,0.138577398428768,3.53797605810435,1,0,0,0
232,68.132995914492,22.36,30.799,0.143775960723903,3.47713479823947,1,0,0,0
233,68.9745595779135,29.13,32.549,0.290110266183267,3.49945855610723,0,0,0,1
234,46.7135968176529,12.02,5.486,0.363144882467265,2.99103928132273,0,0,0,1
235,65.1561821934187,20.27,17.241,0.250335568110991,3.45300277691168,0,0,0,1
236,50.9194652166647,6.86,9.101,0.277277077280487,2.59445990227508,0,0,0,1
237,53.2816840530545,5.16,5.749,0.296948166129417,3.58803694582557,0,0,0,1
238,60.7734769245282,24.16,27.251,0.212112813695981,3.08787507959826,0,0,0,1
239,48.6607004940899,5.42,1.227,0.343241677428058,2.67508481172945,0,0,0,1
240,50.596452923003,7.37,8.021,0.347158029360866,3.40079068385073,0,0,0,1
241,57.7761553676738,16.93,0.689,0.23850020761496,4.0112988611142,0,0,1,0
242,62.9764561708016,24.45,24.467,0.284889434621305,4.16597427924632,1,0,0,0
243,62.6955348508935,18.32,10.624,0.186440197657614,3.18843029910965,0,0,1,0
244,64.1700707834852,15.52,1.194,0.29431324489404,2.78379694289994,0,0,0,1
245,64.6495872038009,6.02,15.853,0.142414350463801,4.14218983812101,0,1,0,0
246,65.426449311474,27.46,29.619,0.187608194691757,3.68617319001887,0,0,1,0
247,63.8105095702017,26.16,33.564,0.118328444597843,3.36774520759045,0,1,0,0
248,71.3742844075324,11.69,9.531,0.212686634065873,3.76186692877534,1,0,0,0
249,42.9355669512307,7.29,9.165,0.305275745776334,3.04010042865159,0,0,0,1
250,48.2108233423707,27.26,33.148,0.201160939441111,3.12522472415393,1,0,0,0
251,68.8769121772136,13.27,22.628,0.0989864999120759,3.82468911830276,0,1,0,0
252,50.5212324760364,31.87,41.123,0.074914647990161,2.56698565247404,0,1,0,0
253,65.7249541884388,30.59,33.656,0.120914929796096,3.34518891958789,0,1,0,0
254,65.4022045362637,12.53,24.953,0.0621239307365658,3.71378205095949,0,1,0,0
255,63.5474179754336,19.95,9.7,0.246791752928356,3.69817587526806,0,0,1,0
256,57.7780634429885,6.3,2.131,0.357603636215501,3.10373312931215,0,0,0,1
257,46.9813089274973,27.0,43.773,0.115831973196294,3.13298337401908,0,1,0,0
258,62.8873090011718,11.5,4.254,0.250112482760481,3.41175449809055,0,0,0,1
259,39.4371482833486,7.87,4.157,0.442781639003235,2.88332158783952,0,0,0,1
260,61.1375867425413,4.67,8.425,0.274760457706391,3.17950755727331,0,0,0,1
261,62.0340414332472,17.74,16.518,0.101939242391098,3.35318394490811,0,1,0,0
262,70.6547287119082,5.05,28.288,0.123990599194486,3.66176121953142,0,1,0,0
263,46.2871170355072,23.46,41.635,0.0725379008601034,2.90608411075294,0,1,0,0
264,40.8999917437036,39.79,20.188,0.294501187867048,3.17165208547463,0,0,0,1
265,55.7089136732347,32.25,20.985,0.106457576558961,2.70400987930128,0,1,0,0
266,66.0955058525372,20.2,27.294,0.175264371875092,3.27991383382548,1,0,0,0
267,57.0516740054539,23.96,12.132,0.114357974617175,3.63777616530958,0,1,0,0
268,65.81142849834,5.41,5.93,0.150315637222829,4.42388311419893,1,0,0,0
269,65.7884603083272,18.9,11.419,0.0930232224238392,3.76557176947412,0,1,0,0
270,62.2565714609942,31.45,48.646,0.149977145284884,3.35484505176673,0,1,0,0
271,63.0316360416433,8.7,18.992,0.199001323619913,2.67910421579663,1,0,0,0
272,57.0299473106275,8.6,2.42,0.351613801983014,4.23692473975328,0,0,0,1
273,61.4131409574608,11.62,8.606,0.158426378609586,3.32589888950787,0,0,1,0
274,51.1420644729744,32.01,33.562,0.241263556139106,3.06232219159383,1,0,0,0
275,61.1373741102252,25.56,15.38,0.096856173953041,3.45448222818972,0,1,0,0
276,59.1264850005806,38.29,31.57,0.361760922715741,3.76063496489238,0,0,0,1
277,61.5441139499518,25.14,7.627,0.216889004582487,3.39984685250317,1,0,0,0
278,50.0230004535995,25.99,40.306,0.157440253444436,2.9838038215207,1,0,0,0
279,66.0442844453461,35.64,14.299,0.24621841173457,3.74120994822354,1,0,0,0
280,36.0444167754497,11.77,2.79,0.389484867228259,2.61202839011752,0,0,0,1
281,48.4310066157941,29.59,34.475,0.164630961949453,3.63957331456681,0,0,1,0
282,63.3509605508639,31.85,22.522,0.161197095766459,3.54128603750414,0,0,1,0
283,53.3572154002373,4.75,2.026,0.361664025633453,2.86425677328297,0,0,0,1
284,62.1914130685977,15.74,11.846,0.255554595360975,3.65056267328451,1,0,0,0
285,67.8314043625488,16.17,2.785,0.119698233250304,3.71470185566804,0,1,0,0
286,64.1193135616419,30.15,22.995,0.120486376110128,3.18226228267419,0,1,0,0
287,60.4398467907498,23.89,8.995,0.206528751657357,3.72489241514512,0,0,1,0
288,54.3666182762705,29.91,25.614,0.108057373639915,3.24211100941897,0,1,0,0
289,52.74357996185,6.96,5.466,0.22237019129292,2.87862224784777,0,0,0,1
290,43.6556139311284,24.45,40.798,0.289443510452147,3.19903226811101,1,0,0,0
291,66.0278278044185,30.82,28.082,0.111212264906423,3.80518217294,0,1,0,0
292,76.2332139343833,19.51,5.483,0.0672174261316354,3.22018058717038,0,1,0,0
293,56.30868356154,5.61,1.76,0.365217550870631,3.76744843161234,0,0,0,1
294,49.6484714669932,25.43,13.094,0.202317606664244,3.1414650726046,0,0,1,0
295,62.7786707099606,27.61,37.558,0.0590033196527786,3.28425884211875,0,1,0,0
296,64.2549999074644,26.21,30.822,0.237474820563326,3.76854945229577,0,0,1,0
297,54.6046542357858,7.65,4.32,0.339124784706988,3.15797158745228,0,0,0,1
298,45.1141880631378,33.82,28.392,0.181103178435686,3.48609462301723,0,0,0,1
299,49.2211414820527,24.4,31.384,0.216449740526589,2.56681633281921,0,0,0,1
300,62.1557441039996,29.74,33.038,0.215154313075735,3.36333652775359,1,0,0,0
301,57.3062481089367,38.35,31.578,0.104716556193896,3.37432148081437,0,1,0,0
302,46.1549053732591,32.47,34.88,0.170588659632011,3.28652562796929,1,0,0,0
303,42.228404217628,4.35,4.448,0.286380705563264,3.32319677980541,0,0,0,1
304,74.5624280034833,12.19,15.396,0.190345575578177,3.90170366495643,1,0,0,0
305,48.1485464636257,37.57,41.67,0.140063250091845,3.58188631168637,1,0,0,0
306,61.2968106395743,24.09,12.692,0.11013965830938,2.56350207426388,0,1,0,0
307,58.1486321983683,29.89,28.912,0.0999314649277081,3.28313872561746,0,1,0,0
308,49.198003201193,27.61,22.128,0.246932997692714,3.77613505453286,1,0,0,0
309,67.1737781483617,33.72,24.015,0.413429029059182,3.64237271001305,0,0,0,1
310,65.3632077946054,25.08,28.084,0.176167555216796,3.89526590688588,1,0,0,0
311,60.6239076925536,28.17,22.355,0.235391357254072,3.38349751867643,1,0,0,0
312,58.4921595651794,19.89,12.401,0.183685494383366,3.6388602022206,1,0,0,0
313,67.440029753102,8.62,33.639,0.197726915290749,3.46886196185931,0,0,0,1
314,68.0469226984515,17.19,12.09,0.165790606586456,3.71022968761896,0,0,1,0
315,60.4813656241479,15.46,2.278,0.337461286753003,3.38696184100319,0,0,0,1
316,52.3582555210128,23.25,25.015,0.0963859084234053,3.00406667217172,0,1,0,0
317,58.7949454969306,33.84,44.786,0.0524118837452296,3.20367953670748,0,1,0,0
318,58.9229566829252,5.47,0.754,0.308510303138393,3.05509417315072,0,0,0,1
319,63.7258280728191,18.02,3.428,0.120573089737938,3.38089673991918,0,1,0,0
320,67.4453331645196,26.48,2.231,0.332721939931093,3.95759169899952,0,0,0,1
321,60.8406756220337,19.21,5.22,0.115925011471762,3.74790443452307,0,1,0,0
322,72.5743617946042,32.42,33.232,0.125700700276571,3.59449263322557,1,0,0,0
323,67.05549456327,21.38,5.252,0.320121585617745,3.46804104461342,0,0,0,1
324,47.1031264632046,24.5,25.088,0.179185288923711,3.71782383927339,1,0,0,0
325,59.1587467202309,25.7,29.226,0.178618207344662,3.3966349912294,1,0,0,0
326,66.069605382997,34.01,23.061,0.121960555318636,3.1384184470923,0,1,0,0
327,58.6171400967634,14.69,15.754,0.194879865312485,3.16306657425709,1,0,0,0
328,63.316849380394,27.05,19.881,0.172268721227698,2.67044652946083,1,0,0,0
329,58.9809946836985,16.38,13.501,0.190956832236212,3.23050642174066,1,0,0,0
330,64.1796222737864,10.92,17.289,0.124915278608442,3.75854894925508,0,1,0,0
331,67.1448180232589,13.1,10.808,0.319718850653998,4.11539400386783,0,0,0,1
332,60.3379101431194,16.72,12.663,0.0987330042208353,2.83496064284504,0,1,0,0
333,50.8100880931806,10.02,1.968,0.358651255012819,2.98767648827737,0,0,0,1
334,61.4446135863148,18.64,0.99,0.249201101327597,3.11176560698038,0,0,0,1
335,68.0265947325249,6.51,23.316,0.0935983123004031,3.63292771245252,0,1,0,0
336,73.4152925032166,13.97,13.078,0.23337912206305,3.98934126074412,0,0,1,0
337,67.5165857962552,31.06,39.745,0.183170787129505,3.52088930037483,0,0,1,0
338,69.1549388908941,29.14,25.234,0.177491865666253,3.40369621307059,0,0,1,0
339,63.4168240957201,31.21,24.081,0.0889431570022609,3.04346098041053,0,1,0,0
340,70.5137563852814,7.22,22.47,0.15080520842801,3.11191219638217,0,0,1,0
341,54.6023262085124,23.51,36.427,0.250187464123161,3.49564993244403,1,0,0,0
342,67.0824756378734,11.22,29.553,0.118520546292789,3.59651127499432,0,1,0,0
343,67.2177534685924,28.72,24.253,0.145630244578345,3.83480850064832,1,0,0,0
344,68.5188401257011,14.3,24.461,0.0790467861497345,3.94382115776139,0,1,0,0
345,55.7334572464184,18.17,6.417,0.160873229639426,3.86515039844279,1,0,0,0
346,68.3868022991815,11.06,15.952,0.0931262642779756,4.29231492700433,0,1,0,0
347,63.5836730407206,29.93,16.832,0.240567423351139,3.42120320285973,0,0,1,0
348,59.3331887573474,5.44,5.888,0.216639813708283,3.014979761647,1,0,0,0
349,69.1914011554038,13.86,24.52,0.135549249763533,3.59734996951964,0,1,0,0
350,63.7406249735715,26.13,14.402,0.10551598271684,3.50514232232006,0,1,0,0
351,58.4450958279099,32.28,38.932,0.10714701227064,2.82237662401409,0,1,0,0
352,63.6247410879339,34.46,9.098,0.0966698122853873,3.84173444219526,0,1,0,0
353,57.7648381369273,11.05,17.989,0.151754881339994,3.97962309619362,0,0,1,0
354,64.0817300054805,18.21,15.09,0.255061083173726,3.63345428895348,1,0,0,0
355,65.5827203701758,16.29,32.205,0.171787061500575,3.79682450706651,1,0,0,0
356,60.9235077192978,26.24,40.584,0.108526144718003,3.11736699693897,0,1,0,0
357,66.1323246121659,30.49,21.36,0.201025523299513,3.26444059046996,1,0,0,0
358,67.9176746658176,28.56,34.722,0.0957399233069084,3.17054778737851,0,1,0,0
359,60.9009116178517,26.27,36.062,0.194714814022064,4.11517104389721,1,0,0,0
360,58.6974403679778,31.99,30.083,0.212093802528658,3.60782766298324,0,0,1,0
361,66.3863172265609,8.98,17.408,0.0619099483166147,3.71358747095193,0,1,0,0
362,57.372208785387,4.65,7.405,0.273744576887261,3.02452024683048,0,0,0,1
363,63.8271845098222,30.98,28.41,0.155621785055504,3.6522804508748,1,0,0,0
364,68.3140623246425,31.07,15.754,0.200319987415641,3.52195494054368,0,0,1,0
365,50.3489950010462,34.68,37.681,0.25678264040933,3.37015518320282,1,0,0,0
366,55.6965321123812,24.51,0.851,0.137542330846972,2.6554228358668,0,0,1,0
367,68.3787110534194,5.8,11.903,0.0794152847055289,3.47226298850063,0,1,0,0
368,64.1047900065944,21.81,12.666,0.206946811890559,3.0680389856977,1,0,0,0
369,48.6156273314349,28.61,27.91,0.0844970874350147,3.6327126188586,0,1,0,0
370,58.6943832507489,28.41,17.681,0.232727470032747,3.69284535121408,1,0,0,0
371,66.9443154907344,8.28,32.569,0.193865316681282,3.64270995658426,0,0,0,1
372,65.4769554439969,16.28,9.121,0.333911559888841,3.23657120662573,0,0,0,1
373,67.6999761965737,11.28,13.593,0.246696712415996,3.57206810574994,0,0,0,1
374,60.8249164015227,16.43,4.299,0.179368810839614,2.51214231142475,0,0,1,0
375,59.9402613913581,5.34,4.335,0.341655189494868,4.09124191605479,0,0,0,1
376,54.4152682748029,8.56,6.251,0.221172975400662,3.53929171330486,0,0,0,1
377,64.7992231824629,21.01,3.934,0.166099180503743,3.0981617215733,1,0,0,0
378,41.4007234582218,21.77,30.73,0.172801178499126,2.93841911154889,1,0,0,0
379,69.9937746138558,32.93,26.721,0.197867975217223,4.44764329572259,1,0,0,0
380,65.1277910134899,5.69,2.259,0.25750861939172,3.95509848153266,0,0,0,1
381,56.3859309300006,3.6,9.638,0.240533441368475,3.29298062948021,0,0,0,1
382,62.1478551906962,7.09,33.446,0.0719190036770091,3.87286825184024,0,1,0,0
383,45.4468525288949,21.36,37.462,0.170852637379686,2.6729149862307,1,0,0,0
384,43.4904873563134,26.02,38.254,0.0649673245842113,2.81732148963831,0,1,0,0
385,66.4493316040038,35.31,33.483,0.168755878184409,3.18711536375067,0,0,0,1
386,60.4560975857725,23.86,23.606,0.202694903044389,2.88251590881027,1,0,0,0
387,58.5258176910122,4.86,8.64,0.276333057230212,4.16226499224522,0,0,0,1
388,58.9142371734719,13.49,14.384,0.396681410985454,3.7378148798255,0,0,0,1
389,58.4417463361834,21.66,16.46,0.10965253939121,3.51666323983105,0,1,0,0
390,69.7699894927571,11.61,22.924,0.0725100201920444,3.92649387104189,0,1,0,0
391,46.9844265489953,31.04,24.837,0.050856719733267,2.66767147553638,0,1,0,0
392,48.1282611954776,31.86,25.52,0.185251685266353,3.01121127640483,1,0,0,0
393,61.718293527175,25.31,39.602,0.271062133753601,3.30433068545918,0,0,1,0
394,69.9510151817849,8.31,25.139,0.291075855504737,4.5017260306643,0,0,0,1
395,66.7101450480039,5.88,18.89,0.242096052004603,2.74772643667928,0,0,0,1
396,61.0553054883972,17.36,6.712,0.176964822795077,3.69764406433003,0,0,1,0
397,41.2746749449239,27.38,38.9,0.165800781071029,3.15266307258176,1,0,0,0
398,46.450760665745,9.34,2.786,0.298803160250713,2.43810703517087,0,0,0,1
399,70.171884631752,20.82,21.846,0.0761312547143111,4.47414732483723,0,1,0,0
400,70.5086378762508,11.32,28.187,0.177745701673237,3.97951774054212,0,0,1,0
401,74.4635341279349,34.07,14.808,0.342849393879646,3.8368219441587,0,0,0,1
402,45.8947733078573,32.89,27.215,0.0863239671862606,2.70670712898412,0,1,0,0
403,70.7513730587728,8.22,24.415,0.0742913666655562,4.26518707333745,0,1,0,0
404,64.8852137359008,22.79,19.587,0.199909555194305,3.66986808452045,1,0,0,0
405,70.7130315290143,37.01,22.942,0.180005979649108,3.46063490657627,1,0,0,0
406,67.3827027145189,12.06,8.028,0.28231291815542,3.70267810598676,0,0,0,1
407,56.2498194373311,26.86,11.623,0.223724013133641,3.94327366211634,1,0,0,0
408,67.3640797864571,23.28,33.741,0.192233523867298,3.69782673279473,1,0,0,0
409,65.562565030043,14.11,11.928,0.174588097704593,3.45729248374478,0,0,1,0
410,57.9808661008584,12.39,14.079,0.198089556226412,3.78418975113504,1,0,0,0
411,65.6743456753549,25.53,23.028,0.11505148806897,3.70483685441168,0,1,0,0
412,57.6048886661288,27.82,16.853,0.283497409769512,3.41862964991023,1,0,0,0
413,60.6536371427138,32.02,23.39,0.106496932791376,3.71915847204041,0,1,0,0
414,48.475391363712,34.85,36.755,0.173173312651815,2.50221839992737,1,0,0,0
415,60.8083975973962,35.21,20.206,0.276101599200902,3.68514124166144,1,0,0,0
416,60.9037482822761,27.49,11.325,0.190579583919819,3.50955317600426,0,0,1,0
417,46.6606242916459,8.49,1.828,0.343777030435056,2.85306624751792,0,0,0,1
418,62.3757149122957,11.06,3.398,0.251658475771121,3.72137085893077,0,0,1,0
419,61.0209136525776,25.42,1.444,0.0895201179056622,3.345880540615,0,1,0,0
420,70.0271965774989,7.39,9.483,0.313309665436646,3.66230851731292,0,0,0,1
421,59.0999676642612,22.3,7.259,0.215890855417292,3.67790241864165,0,0,1,0
422,65.7129069909445,8.54,3.186,0.256876646258594,3.37878220579265,0,0,0,1
423,54.8209509331373,4.79,6.734,0.257640701614655,3.75121710536519,0,0,0,1
424,65.5130464251764,33.09,27.075,0.111847703111867,3.45731342174394,0,1,0,0
425,67.0317007847844,31.59,5.551,0.0771161402758609,4.20196167195898,0,1,0,0
426,59.7688465238773,26.42,25.648,0.244794058932396,3.58215065439499,1,0,0,0
427,65.1596915296354,35.24,12.945,0.11097453413378,3.39259052522151,0,1,0,0
428,61.0360985446499,19.06,29.955,0.266338978083855,4.27163680294342,1,0,0,0
429,56.6745824480069,5.25,7.664,0.226858363107524,3.50101495411372,0,0,0,1
430,62.4710436238955,31.91,22.853,0.245663917357418,3.72277470437827,0,0,0,1
431,55.0351991064524,8.4,2.918,0.32754217325901,2.99895965988681,0,0,0,1
432,64.5648271073627,38.55,29.957,0.124975452698153,4.11636799806017,0,1,0,0
433,52.0349425522341,3.62,8.662,0.273897333663912,3.22661292373172,0,0,0,1
434,53.9677198569646,9.47,8.634,0.18582862306791,3.57145480065714,0,0,0,1
435,67.9242358091697,11.96,27.647,0.160618633247071,3.41357578208423,0,0,1,0
436,44.243820544814,6.55,3.463,0.338173477761798,2.64463642495211,0,0,0,1
437,64.0140671529996,9.51,22.392,0.096157805493801,4.29634919731368,0,1,0,0
438,48.8403475357808,37.82,42.753,0.150962757657003,3.26567765487265,1,0,0,0
439,62.3612443454868,23.2,13.373,0.18897558859089,3.81404271565778,1,0,0,0
440,60.151056603422,31.48,37.202,0.276184618675598,3.63910666638719,1,0,0,0
441,62.2169642679562,10.15,15.595,0.10735917159757,3.20591115086184,0,1,0,0
442,59.9222895422596,16.1,12.569,0.220620331932543,3.46763797926791,1,0,0,0
443,59.7949630104082,6.05,1.485,0.401996188057713,3.05639857918485,0,0,0,1
444,71.0834963150944,29.08,28.216,0.210781185070699,3.60388669575159,1,0,0,0
445,66.3760074737792,7.1,7.412,0.257950762747869,3.76576178129496,0,0,0,1
446,64.3431995314199,28.2,33.956,0.176968765616793,3.83907277423915,1,0,0,0
447,58.9396299649104,6.36,10.487,0.183296269734963,3.53911661522251,0,0,1,0
448,66.0827782347456,11.42,13.534,0.205160769631808,3.47769190693209,0,0,1,0
449,70.0531311313736,10.51,22.527,0.168799521406494,3.60163442319853,0,0,1,0
450,62.3437792806575,11.33,19.66,0.331817261212237,3.37116051660182,0,0,0,1
451,65.2494085016055,12.23,14.026,0.228693878675396,3.73817998614167,0,0,0,1
452,69.0558315283681,3.75,1.394,0.23772361537943,3.98098229165018,0,0,0,1
453,58.7103207187488,17.36,17.094,0.196445200311504,3.0133400104905,0,0,0,1
454,65.2436352208649,25.78,13.048,0.0816870504904191,3.78413772552177,0,1,0,0
455,63.9766124177292,13.3,20.675,0.388424818271625,2.95701017274158,0,0,0,1
456,66.1371696936006,12.59,8.208,0.0760365634539744,3.95177747027354,0,1,0,0
457,54.636627673889,23.36,27.215,0.284465496773595,3.15960191702853,1,0,0,0
458,57.7294754946938,27.56,13.222,0.264280865332506,3.45328024238113,0,0,1,0
459,73.7742993139647,14.29,32.604,0.0948995856198448,3.64323849752252,0,1,0,0
460,68.2906905957439,31.66,31.014,0.19302107206167,3.96428178583175,1,0,0,0
461,60.256660575997,16.66,15.481,0.22628156401589,3.39862980220461,0,0,1,0
462,65.166921527376,9.73,12.102,0.120117550781161,3.36262266668433,0,0,1,0
463,58.7880438268825,30.9,36.701,0.305348144618914,3.67518854257208,0,0,0,1
464,50.5709182478462,3.89,1.738,0.35549669140007,3.18214906379547,0,0,0,1
465,59.0448499070626,18.82,8.087,0.162469923733019,3.33288915310851,0,0,1,0
466,63.6386946836993,30.04,34.72,0.199805756166574,3.66744972862299,1,0,0,0
467,49.8115254133097,7.93,3.697,0.346638377825712,3.58596832828186,0,0,0,1
468,62.4487456242526,18.64,39.807,0.239183543170343,3.98235565144552,0,0,0,1
469,49.512132807572,14.94,32.039,0.214665394140297,3.12029292141629,1,0,0,0
470,68.5453874894432,35.74,28.377,0.205837946685871,3.82239413202132,1,0,0,0
471,66.7369895842477,11.12,27.93,0.0907571887080708,3.72781328782331,0,1,0,0
472,64.355068242175,21.09,11.442,0.199139411219406,3.44151996581038,0,0,1,0
473,62.4347996191819,12.77,24.907,0.119795346619128,3.1860108184256,0,1,0,0
474,62.1432114484029,19.81,1.366,0.159154039454815,3.38712239907289,1,0,0,0
475,46.8603096574198,31.51,15.822,0.267358639696582,3.84134132594174,1,0,0,0
476,62.3746838572444,20.48,3.293,0.276797449627582,3.93768415065173,0,0,1,0
477,50.232633078919,15.41,2.582,0.119449814369771,3.1988240265134,0,1,0,0
478,51.1050348631163,28.79,26.62,0.249665781304653,3.52082564747469,0,0,1,0
479,45.2787944110303,20.69,32.408,0.105125788312007,3.40146880885441,0,1,0,0
480,57.2085229485579,15.59,4.052,0.122818780515322,3.36334745188254,0,1,0,0
481,72.0358159846428,21.14,7.333,0.0729045827549276,4.14272095150321,0,1,0,0
482,65.071990335736,18.24,10.428,0.263968290962654,3.04039627714296,1,0,0,0
483,68.7778687282865,19.46,7.14,0.10637182931022,3.99121974656622,0,1,0,0
484,63.7080350133506,33.03,27.01,0.246169625202355,3.20774340379272,0,0,0,1
485,70.3356523116162,14.52,26.565,0.155033302597186,3.75206660290469,0,0,1,0
486,61.2175717370563,41.96,25.089,0.216049902054504,3.93745786312948,1,0,0,0
487,65.2183356636764,32.22,34.181,0.120567588533718,3.34189119836316,0,1,0,0
488,72.5854627823635,18.47,11.753,0.102986444073374,3.9391715056381,0,1,0,0
489,59.5520206753699,23.97,27.215,0.192149409682151,2.72951912101832,0,0,1,0
490,69.7631818743184,14.82,29.712,0.144649841379575,3.91635877035412,0,1,0,0
491,62.7848388431363,25.91,35.09,0.118098722830451,3.9647511082948,0,1,0,0
492,61.8562479596811,19.06,10.755,0.199615341222711,3.69474306426789,1,0,0,0
493,73.2572541664916,9.84,23.702,0.0937167378319377,3.56593037626278,0,1,0,0
494,60.8590389060717,21.74,35.257,0.205677305735921,3.99869279341344,0,0,1,0
495,61.3336446528512,16.57,13.294,0.190501560043988,3.86497788166449,0,0,1,0
496,57.1253472596858,41.11,13.53,0.187531275582722,3.67940971859017,1,0,0,0
497,71.3652094027003,11.01,31.158,0.238624863412386,4.25367912651282,0,0,1,0
498,64.5833587817932,10.86,19.874,0.0964709006778202,3.52670418476575,0,1,0,0
499,69.1217722697506,11.1,18.778,0.140993801873477,3.55863223870117,1,0,0,0
500,69.8045554706873,29.88,11.607,0.0908274773385798,3.11547527029601,0,1,0,0
501,63.3367124403785,9.56,9.061,0.220174917726972,3.10950170761546,1,0,0,0
502,49.7372893876055,22.57,23.015,0.111493248134328,3.04006035996785,0,1,0,0
503,60.4012657122656,11.26,7.422,0.238256280744414,3.50746498920027,0,0,1,0
504,61.9118922695811,9.53,16.755,0.324183937509684,3.04875116705983,0,0,0,1
505,58.7432940162106,18.02,19.53,0.119181303387937,3.40284999758216,1,0,0,0
506,49.6861552926937,5.68,7.804,0.230564310081565,2.91851001162456,0,0,0,1
507,45.4685563025623,5.34,9.46,0.257512320420669,2.73518687949197,0,0,0,1
508,71.1140736519915,31.28,4.147,0.191592992585969,3.43521451707433,1,0,0,0
509,67.5066385135895,35.76,34.44,0.313642749226548,3.09384743239801,0,0,0,1
510,50.6922182733507,31.62,43.833,0.252839707627502,3.76011593799279,1,0,0,0
511,63.573609546532,21.58,5.948,0.216010139228467,3.71134974320382,0,0,1,0
512,48.4522066893493,28.51,36.539,0.253362298289897,3.63367530630583,1,0,0,0
513,53.6985989403367,5.64,4.605,0.262421292958014,3.45964197733688,0,0,0,1
514,67.7322022885858,7.93,22.746,0.309389940705038,3.54482779083766,0,0,0,1
515,46.410336681642,30.65,32.969,0.209839373189749,2.90851847390178,0,0,1,0
516,62.988184579278,41.39,18.447,0.103410621652858,3.30230405479439,0,1,0,0
517,63.1276433567835,33.02,21.388,0.27590897293602,3.55911853654088,1,0,0,0
518,61.3004776295984,22.62,4.76,0.230987401825587,4.33872583128872,0,0,1,0
519,54.2297010936296,18.24,1.032,0.210765862564976,2.84223236839409,0,0,1,0
520,62.7799975025511,11.45,30.11,0.195392352633616,3.50450445612267,0,0,1,0
521,45.8001688090536,25.0,16.686,0.214567745925029,3.20321764603262,1,0,0,0
522,63.9079128158089,10.82,12.301,0.20675764045309,2.99641279463877,1,0,0,0
523,66.1440911351401,12.02,11.464,0.207721211778339,3.65870376871574,0,0,1,0
524,65.1012724535399,23.57,32.931,0.0871224234415594,3.66454974057992,0,1,0,0
525,60.9699420291794,30.99,20.875,0.195035332029731,3.10903474612739,1,0,0,0
526,50.0869216619067,34.61,32.158,0.23906602150623,3.93121327543333,1,0,0,0
527,68.9715755934582,8.23,34.294,0.0714534297854193,3.79341650246015,0,1,0,0
528,52.1714874373652,17.14,18.297,0.293827711465576,3.05819231775718,0,0,0,1
529,70.3895742701891,28.05,33.586,0.106061179074043,3.93721356400882,0,1,0,0
530,63.6122460446162,21.14,2.74,0.265398009198655,3.19021431808106,1,0,0,0
531,67.5710268167745,22.9,3.102,0.368447506137153,4.13143619959691,0,0,0,1
532,65.8063810122234,11.55,13.484,0.248002778357024,3.02516588164121,0,0,1,0
533,45.6887789952875,8.4,9.298,0.362018968825798,2.96386958623023,0,0,0,1
534,68.1336246704268,7.2,32.118,0.0980904399021542,3.59343613565543,0,1,0,0
535,44.4258486256311,5.49,0.081,0.420109956167595,3.21889089165154,0,0,0,1
536,67.7444621424057,10.13,26.366,0.289847132869558,3.12985866439904,0,0,0,1
537,62.0482507208936,7.78,23.041,0.0855475823217333,3.52788795837758,0,1,0,0
538,58.9686052992911,23.96,2.368,0.196129419726369,3.71546800620758,1,0,0,0
539,67.9407475540492,28.98,39.348,0.123295759558536,4.10138655619224,1,0,0,0
540,53.063725427532,28.58,30.607,0.127891638272486,3.60976558728064,1,0,0,0
541,63.7953850814223,33.06,32.901,0.194063769776884,3.42510253201314,0,0,1,0
542,66.2813063830821,30.46,34.099,0.203319468941543,3.18155214883982,1,0,0,0
543,54.4290942579491,31.48,35.079,0.0707317817240208,3.18957046947977,0,1,0,0
544,58.9961202782713,29.59,20.05,0.376213737936983,3.46853126519445,0,0,0,1
545,49.3970999967075,30.89,36.072,0.0913541620297895,2.9784089923833,0,1,0,0
546,65.9970999012252,27.41,11.61,0.209354452256855,3.99657775131456,1,0,0,0
547,62.3447089927063,34.72,38.49,0.320221438159592,3.39864875131784,0,0,0,1
548,61.6110016321491,18.64,12.701,0.281686870189743,4.15275474598557,0,0,0,1
549,59.7963174500893,16.49,15.222,0.200565710926722,3.46383919921658,0,0,1,0
550,68.5947689062406,13.28,19.46,0.0722640730950311,3.2182088600255,0,1,0,0
551,58.1750145990477,38.18,49.932,0.175343172287397,3.49018547191628,1,0,0,0
552,61.1120057991271,30.71,37.263,0.0726491823514099,3.83323804932346,0,0,1,0
553,61.0465308943426,31.09,13.49,0.252599037034025,3.82847194791842,0,0,1,0
554,71.66194526,9.08,20.585,0.112512655669333,4.13987158138972,0,1,0,0
555,66.3687207021059,22.71,6.891,0.12803159824555,2.9429777712168,0,1,0,0
556,59.6379888087431,20.41,4.527,0.171277364889213,3.17664898255502,0,0,1,0
557,47.7898794697047,24.54,27.747,0.205955362090619,2.57536291707149,1,0,0,0
558,69.6940853693604,5.48,27.784,0.163026761031001,3.72246637650598,0,0,1,0
559,66.6961486927386,5.38,12.8,0.201049523732139,4.02256190779814,0,0,1,0
560,65.2905339512482,35.14,6.407,0.246856547727261,2.90010961337957,0,0,0,1
561,62.3803362006541,33.22,26.091,0.183311039174346,3.18196114301298,1,0,0,0
562,64.6717636145775,21.86,30.507,0.211545464570972,3.17724205181287,1,0,0,0
563,66.2056740758399,27.44,42.015,0.0928241851679,3.55800338963563,0,1,0,0
564,67.090816836301,26.52,34.893,0.174979247283372,3.46305583785754,0,0,1,0
565,65.9310286177815,36.89,33.449,0.203848773672287,4.14114983751345,1,0,0,0
566,57.3929017428959,32.15,25.865,0.0959875213053198,3.23919117199903,0,1,0,0
567,59.3766281380519,33.55,32.277,0.102808567175054,3.52623074277355,0,1,0,0
568,59.0325941904165,28.51,7.711,0.183849086977952,3.35936839992813,0,0,1,0
569,56.6326232801784,36.27,25.499,0.105681813676939,3.0988972140058,0,1,0,0
570,68.172835292276,33.2,12.516,0.148400393564025,3.5797112691522,0,0,1,0
571,54.6667976803133,7.65,3.858,0.337522973985452,3.13154850020228,0,0,0,1
572,45.7016924563943,37.3,45.778,0.271426045199267,3.33401764054539,1,0,0,0
573,61.3015818709426,29.78,16.079,0.28881640185337,3.21883566854383,0,0,0,1
574,63.5480151118928,30.92,25.227,0.11516892984842,3.57535694292944,0,1,0,0
575,63.2408188442267,5.99,4.177,0.293985147276942,2.99663549725456,0,0,0,1
576,63.5466183124279,4.5,5.512,0.221927934699801,3.95726194596666,1,0,0,0
577,55.3847888872106,4.08,1.251,0.198411287161832,3.63499400588888,0,0,1,0
578,59.4613390406988,28.63,24.32,0.216024153488333,3.17265469048948,1,0,0,0
579,69.9891084136897,20.83,11.574,0.0799986820728934,3.92127546926947,0,1,0,0
580,61.8609371782385,36.02,35.63,0.127960412215068,3.19114746566716,0,1,0,0
581,59.3073933958804,26.78,38.869,0.26814712481896,2.91821006840404,0,0,0,1
582,64.64669538245,39.81,19.663,0.370910567359801,3.66783810313664,0,0,0,1
583,63.1616357251708,16.53,18.248,0.203037034234576,3.89170623894152,1,0,0,0
584,67.7812311993364,35.25,23.336,0.084680282001029,3.58133646414021,0,1,0,0
585,68.6157380468975,14.4,2.383,0.21414224641345,3.36217002478227,1,0,0,0
586,50.503864750427,8.12,1.975,0.319038339695063,3.39268374271777,0,0,0,1
587,49.9387536682615,29.33,21.273,0.178705420555944,2.86158247780687,0,0,1,0
588,37.1503238600101,30.74,35.91,0.0800069369528116,2.51570435813615,0,1,0,0
589,59.4302737879069,19.81,0.762,0.285922173297509,3.64284307649167,0,0,0,1
590,45.591508917904,28.48,23.29,0.273426301101005,3.36079802821243,1,0,0,0
591,65.7997579642286,26.39,17.217,0.270271326438138,3.43782697718996,0,0,0,1
592,69.5635831819602,6.18,31.703,0.228795331889638,4.29631926939603,1,0,0,0
593,72.4666381359019,8.28,27.764,0.186348179322248,3.94106325326877,0,0,0,1
594,66.2015668990512,20.8,4.835,0.104642060946525,3.42672442735968,1,0,0,0
595,60.8709882963766,8.84,8.758,0.33776946270387,3.37460456355519,0,0,0,1
596,65.5751942932815,25.79,15.593,0.205043166554172,3.11280045773298,1,0,0,0
597,50.8394612259133,32.07,27.07,0.195644082922982,3.32731361578129,1,0,0,0
598,51.1013057405524,12.0,6.953,0.103117104279013,3.6863780848708,0,1,0,0
599,43.086578232742,5.0,2.487,0.278067030655605,2.78617818631795,0,0,0,1
600,63.5232760030816,33.85,10.299,0.124362189355601,3.669543309764,0,1,0,0
601,61.464314884695,25.93,38.794,0.206317309930841,3.44094152793969,0,0,1,0
602,63.7973186874148,15.21,5.998,0.109866845637527,3.0124941058635,0,1,0,0
603,73.7569180652062,6.8,22.645,0.327281552038469,4.09163017423464,0,0,0,1
604,59.0245131703667,22.86,8.754,0.0656638818437939,3.08985071736696,0,1,0,0
605,45.8528869387704,4.68,5.05,0.285307547000974,3.34623620880648,0,0,0,1
606,56.5927236125414,28.28,28.86,0.199225295753115,4.00191044452436,1,0,0,0
607,47.9632288958567,34.04,20.288,0.226034905076568,3.31647222023507,1,0,0,0
608,53.140655191354,7.82,7.074,0.273253399004617,3.42777272469718,0,0,0,1
609,43.8761996239088,28.9,33.953,0.06549647681203,2.89845898405553,0,1,0,0
610,52.4818582402561,17.51,8.131,0.0966112896518451,3.10069205249274,0,1,0,0
611,60.2423346008639,24.2,25.807,0.070497284215012,3.69328194590225,0,1,0,0
612,50.6408682398454,28.23,46.699,0.129882507626735,2.7143979385682,0,1,0,0
613,64.2746996200363,34.1,44.758,0.236898189984704,3.33746707110162,0,0,0,1
614,65.0896512655356,10.41,30.037,0.300528612267828,4.21906097870553,0,0,0,1
615,70.2324924204929,10.98,33.043,0.122429638040519,4.10660911882353,0,1,0,0
616,59.4946886935816,30.62,18.585,0.24599821201447,3.64736360332753,0,0,1,0
617,64.5030795353415,36.12,32.639,0.123458819867353,3.41203443288519,0,0,1,0
618,65.0503068141635,20.55,2.304,0.147363704337308,4.14072173529689,0,0,1,0
619,41.7285282795836,32.74,31.744,0.222881873077462,3.75344642599953,1,0,0,0
620,61.6086124136091,18.2,0.811,0.0865712756404576,3.709053827022,0,1,0,0
621,68.9811777994995,31.71,27.031,0.0772200481140316,3.88908514641184,0,1,0,0
622,47.0856072669418,30.71,28.61,0.211442032075148,3.08101931744686,1,0,0,0
623,62.8107157644008,20.74,0.094,0.231955813284161,3.34244005954116,1,0,0,0
624,46.8141601218029,3.85,2.274,0.418452536020912,3.64381465639175,0,0,0,1
625,62.881172481826,5.55,31.428,0.098181441070543,2.84656748079483,0,1,0,0
626,63.8821180163474,25.44,8.805,0.106484441207939,3.94961614418601,0,1,0,0
627,47.861445276252,3.38,5.758,0.327197299879461,3.22125030534019,0,0,0,1
628,63.1827085122518,8.59,7.261,0.3263046900806,3.46544196692191,0,0,0,1
629,57.2393719614768,5.32,4.706,0.393279406647633,3.2012491859244,0,0,0,1
630,58.1650704986442,6.04,3.605,0.28578904575378,3.26288235241045,0,0,0,1
631,70.2807142756537,14.01,16.474,0.119464713879999,3.37268212866994,0,1,0,0
632,61.5051023027563,23.08,0.753,0.129321327167596,3.81259774429514,0,1,0,0
633,55.9504349781186,4.27,4.377,0.396304370576235,2.91772573825149,0,0,0,1
634,63.2184445135908,19.48,0.516,0.16052817138195,3.01804593424308,1,0,0,0
635,65.8383314405558,24.29,8.862,0.0745141724502107,4.74686726704677,0,1,0,0
636,61.8842051468999,22.26,19.742,0.308327869760986,3.17478657446511,0,0,0,1
637,68.839145297669,6.41,24.293,0.208842812856389,3.42910101275511,0,0,1,0
638,67.1282169580107,22.55,28.463,0.0901187687074988,2.8619326549384,1,0,0,0
639,72.2233091533675,5.25,18.622,0.0786031660201712,3.65048008671664,0,1,0,0
640,59.2542163630227,10.38,1.64,0.311793423659328,3.51229439782796,0,0,0,1
641,61.6494885797499,28.18,31.821,0.191157084853462,3.63327741551419,1,0,0,0
642,65.2150448420239,34.64,36.355,0.215270662300285,3.77254408371197,1,0,0,0
643,68.3761039940655,27.39,10.869,0.20256396836833,3.60090113937229,1,0,0,0
644,65.0683873590467,31.52,21.353,0.101919665736783,3.45918876877945,0,1,0,0
645,66.0871635917551,17.97,13.591,0.193851630564692,3.58409264512783,1,0,0,0
646,66.5183608728495,33.25,27.277,0.135372652360105,3.71448049821227,1,0,0,0
647,52.4941797038766,4.01,8.593,0.35038926013407,2.95683238936468,0,0,0,1
648,64.4464645194869,18.07,19.556,0.232674254351304,3.07793881617527,1,0,0,0
649,68.4272064140544,4.36,3.158,0.328261820213833,3.49427077183703,0,0,0,1
650,68.6570086764107,14.35,16.102,0.105828235864525,3.6148203726544,0,1,0,0
651,61.2860770628956,22.0,0.308,0.246504692338195,3.48809371183236,1,0,0,0
652,45.5610779400279,17.15,33.719,0.242223625980037,3.2377450311174,0,0,0,1
653,63.2932982371637,29.08,27.257,0.224263777404914,3.53872525211245,1,0,0,0
654,59.2413471663746,22.5,47.129,0.106603040034604,3.76243027822207,0,1,0,0
655,61.6604898556383,30.34,30.347,0.231625023492623,3.84227148393128,1,0,0,0
656,50.2161851014562,29.63,44.238,0.16146495943374,4.01216794264163,1,0,0,0
657,70.3876295121033,22.35,8.495,0.143141058565351,3.23008774139991,0,0,1,0
658,57.2316713278151,9.36,9.087,0.252559681348974,3.22506343793623,0,0,0,1
659,69.7125313416576,21.57,31.988,0.172037964843056,3.43203935497473,1,0,0,0
660,42.7557635651494,5.54,8.002,0.299186669328287,3.15382599495514,0,0,0,1
661,60.4595699332733,24.55,24.872,0.178745272284564,3.06483593530966,1,0,0,0
662,65.0954875921533,25.71,1.074,0.152920154441117,3.72135727123802,0,1,0,0
663,70.7239055781727,5.22,9.887,0.0805972613205988,3.48553512383814,0,1,0,0
664,61.8666267754041,15.62,18.369,0.1445459563704,3.01955364985092,1,0,0,0
665,63.296002395386,26.76,2.935,0.201376708959369,2.98864290044522,0,0,1,0
666,60.543951657248,28.0,31.014,0.202612772727193,3.36256431711374,1,0,0,0
667,64.8288359817713,23.58,19.365,0.204780625266872,3.51590369178841,1,0,0,0
668,67.2325856222195,10.99,18.102,0.152681067090567,4.41021581238053,1,0,0,0
669,70.6191256159566,19.77,14.664,0.128445540794501,3.66722024861464,1,0,0,0
670,62.3778712051487,3.8,5.766,0.249292700365512,3.71358124032531,0,0,0,1
671,51.8829390120216,5.78,0.001,0.353345237038919,3.18805342816816,0,0,0,1
672,42.7948405134859,7.01,1.968,0.300059929023506,3.07332447675421,0,0,0,1
673,65.8121374188549,8.56,6.745,0.333387782912198,3.36387434222059,0,0,0,1
674,64.3274414775303,12.13,6.877,0.268746050139553,3.31511842201381,0,0,0,1
675,60.5129823348022,23.58,14.726,0.184797921416644,3.36087814195488,0,0,1,0
676,57.148500600782,32.08,28.994,0.069897539942923,3.5473043409537,0,1,0,0
677,60.9951526446955,16.54,3.08,0.250371282301081,3.47524365324472,0,0,0,1
678,46.9416121063913,27.81,22.455,0.210284687055395,3.24838560459345,1,0,0,0
679,61.7505002644817,18.85,19.947,0.202757655088973,3.8632057689154,1,0,0,0
680,69.2122904094103,12.0,16.089,0.39514368176795,3.85427454478703,0,0,0,1
681,66.4370893286097,22.47,14.254,0.317413212452032,3.37553694975207,0,0,0,1
682,43.3299409379392,37.33,39.186,0.202953698575569,3.32937871388061,1,0,0,0
683,64.2635400149028,9.23,17.738,0.109866069669664,3.81534205648009,0,1,0,0
684,61.2943909551804,32.95,39.018,0.228083717458478,3.26536631270777,0,0,1,0
685,52.0124291608183,19.52,3.28,0.316362202647814,3.66643299839811,0,0,0,1
686,48.4015058293668,28.99,32.525,0.19803605470394,3.17283019028934,1,0,0,0
687,58.2281988986447,12.03,2.505,0.116347434254194,2.92210992823246,0,1,0,0
688,62.680449500223,30.89,31.111,0.08763017697347,3.480357556966,0,1,0,0
689,64.5076102425543,11.52,9.645,0.184654709925501,3.97327416734054,0,0,1,0
690,65.0629416463598,30.25,14.421,0.12111696815619,3.70759122119628,0,1,0,0
691,69.5636924302814,33.82,25.562,0.202298727144696,3.35163709169801,1,0,0,0
692,63.1695130680345,21.52,48.785,0.0888515450691619,3.58521367613419,0,1,0,0
693,52.4513286128798,4.21,0.255,0.279828057262607,3.03016446378112,0,0,0,1
694,63.7908666447518,28.04,30.148,0.173041670692609,3.76292058112392,1,0,0,0
695,72.0223829748702,8.67,10.828,0.099641868317236,3.48450558036589,0,1,0,0
696,59.4751648356282,34.97,22.87,0.20379183400134,3.38478915472122,0,0,0,1
697,43.3767269375681,28.38,27.913,0.187199902596324,2.80191858149596,0,0,1,0
698,64.2982024139583,37.27,21.851,0.102218220874354,3.67448304320229,0,1,0,0
699,48.9373909433584,31.82,37.554,0.108572077044119,2.72542198995489,0,1,0,0
700,62.4541730259272,34.0,44.482,0.132468952198986,3.69765868076913,0,1,0,0
701,72.3732855019117,14.98,16.305,0.095586736129021,3.74349965067901,0,1,0,0
702,70.0991372527326,30.97,38.706,0.109237084467751,3.65567085340744,0,1,0,0
703,59.0671385011832,20.76,15.967,0.197536101040255,3.42703400222295,0,0,1,0
704,60.712397930663,8.67,7.214,0.297894083549316,4.07803110520664,0,0,0,1
705,62.652085385741,28.97,24.571,0.194471374746633,3.59788811343068,0,0,1,0
706,62.8251331563258,18.15,10.401,0.170172165756431,3.75983942725299,1,0,0,0
707,70.3330093642816,6.35,15.248,0.104372121793948,3.96605465179347,0,1,0,0
708,56.8709287920122,19.72,19.463,0.234494669822707,3.55206528461331,0,0,0,1
709,60.0447453551702,7.05,5.087,0.338716501384069,2.96816828827732,0,0,0,1
710,65.071584830991,28.52,32.258,0.121153638646066,3.69696718374962,0,1,0,0
711,65.6685908057508,38.4,33.731,0.158344553332332,3.76259024649482,1,0,0,0
712,64.9267094311294,27.63,22.008,0.184055168536434,3.23595746020014,1,0,0,0
713,62.3746789914143,9.07,7.19,0.261302135099249,2.59594568756268,0,0,1,0
714,63.8962581064565,7.23,1.48,0.171403585206159,3.02373104388783,0,0,1,0
715,57.0438300268825,30.66,27.591,0.114153935868222,3.28337686047238,0,1,0,0
716,55.3802732934483,5.16,8.791,0.309591247045338,3.714627388118,0,0,0,1
717,68.3662841141841,11.09,21.18,0.373788150440719,2.96091868198747,0,0,0,1
718,52.7585756095489,3.65,2.572,0.236255485303765,3.42454435052871,1,0,0,0
719,59.0929748618276,8.29,2.436,0.314360187280769,3.72072374416313,0,0,0,1
720,61.5034570751387,29.73,32.198,0.0935731506156943,3.2276601792335,0,1,0,0
721,64.178525628124,8.97,20.537,0.17186189285861,3.21935663865311,0,0,0,1
722,67.0452965995842,11.76,18.426,0.165418434855193,3.76763219671393,1,0,0,0
723,57.318161806087,37.22,33.868,0.0871317855156836,3.31589771825195,0,1,0,0
724,67.3342208859846,36.79,30.912,0.113110972545024,3.34027936552337,0,1,0,0
725,66.7264321037182,18.49,18.386,0.11043634915008,3.59113363870738,0,1,0,0
726,63.9228809033816,14.93,13.116,0.270354458055209,4.00959409018479,0,0,0,1
727,60.8679681686183,22.83,14.203,0.102049050193025,3.45734310127729,0,1,0,0
728,66.208869548797,5.89,27.32,0.369191963804169,3.49312229517124,0,0,0,1
729,69.7051729324975,26.75,43.066,0.0964553712800505,3.94167451701453,0,1,0,0
730,73.0066778300158,5.45,9.161,0.102812348728294,3.59525434830361,0,1,0,0
731,64.9572325806919,26.12,23.121,0.255494708876647,4.13674515742092,1,0,0,0
732,64.2335076553876,9.9,10.035,0.0682498566373509,3.73772374896717,0,1,0,0
733,64.9241208276966,34.27,33.788,0.168863948047808,3.59384452752982,0,0,1,0
734,62.0902289609989,38.72,13.407,0.198709242658636,3.53199486694666,0,0,1,0
735,65.3210492726693,26.59,35.845,0.210750255578027,5.10358770669564,1,0,0,0
736,59.425057012452,4.74,6.3,0.221953271938325,3.4849045873826,0,0,0,1
737,67.9035867348546,28.81,32.736,0.120074215262378,3.77282948486362,0,1,0,0
738,53.0202879554594,6.76,5.376,0.140036598722448,2.80395898127931,0,0,1,0
739,62.0690088506646,28.04,38.474,0.165577141247233,3.59211111315607,1,0,0,0
740,66.943452476405,12.36,7.208,0.210744806932082,3.66351746462746,1,0,0,0
741,62.0905932472363,26.63,33.264,0.185091276652845,3.73223377095235,1,0,0,0
742,65.5413385722201,33.81,15.088,0.310212210260342,3.63865748378334,0,0,0,1
743,60.4569825078162,30.85,30.282,0.2270458955531,3.07145132142469,1,0,0,0
744,56.8340826781329,16.96,15.438,0.396670384107335,2.74041702349175,0,0,0,1
745,60.5418673075432,38.96,36.959,0.190117346218295,3.48958226961759,1,0,0,0
746,68.6484346793914,7.27,8.52,0.255954698689683,4.07321653652479,0,0,0,1
747,69.375693604973,12.67,11.351,0.231845361926994,3.73422945766968,0,0,0,1
748,56.0917298312295,13.25,2.532,0.23350994586021,3.20406603392424,0,0,0,1
749,63.3419806353331,31.29,40.476,0.193108092411044,3.81708004797777,1,0,0,0
750,70.757922124113,12.74,15.185,0.202221213815519,3.80734564583036,0,0,1,0
751,72.2546141338772,7.78,23.229,0.106064974684528,4.29541153284019,0,1,0,0
752,65.7104603445795,24.54,38.276,0.365596243518643,3.75516683101492,0,0,0,1
753,51.8666487736247,4.42,1.767,0.147642303409348,3.36657736602072,1,0,0,0
754,61.9762338096522,6.94,9.455,0.36190930185312,3.21168240635229,0,0,0,1
755,67.05639445256,34.38,24.328,0.189543989444677,3.44791257814239,1,0,0,0
756,61.9269709301649,29.76,12.635,0.0931671299506119,2.70568769759613,0,1,0,0
757,45.0784461362697,29.97,38.765,0.0822093720856917,2.9863302474547,0,1,0,0
758,42.6356297776373,28.43,33.66,0.15827737233866,2.88036598442316,1,0,0,0
759,67.6006289311874,3.82,9.678,0.222032117773732,3.54409525777365,0,0,0,1
760,60.8671248731262,30.05,25.384,0.264197779642382,3.98911982451821,1,0,0,0
761,67.4003412307231,3.72,0.797,0.348427118985677,3.63271342509414,0,0,0,1
762,44.2235655967425,28.25,41.356,0.0664472120085926,3.25916443604882,0,1,0,0
763,63.3240665266826,31.57,34.404,0.110532131242252,3.8069532891484,0,1,0,0
764,67.5055099590323,34.24,19.555,0.209262613477107,3.26157511608253,1,0,0,0
765,44.5914293045865,37.43,26.489,0.0906530145693538,3.38434983895383,0,1,0,0
766,59.8815322080645,25.9,20.062,0.274380225604851,3.4037890799349,0,0,0,1
767,65.4853973835319,7.38,23.659,0.410833053456626,4.10400640404098,0,0,0,1
768,59.4464657802924,3.63,1.508,0.339585815375565,3.66714349031751,0,0,0,1
769,58.2572495298302,26.45,18.22,0.250308308386263,3.92757446281594,1,0,0,0
770,75.0045485792801,24.15,14.315,0.200150936581803,4.61231839882393,1,0,0,0
771,61.4102366198918,27.3,31.343,0.175652625461812,3.23355226416804,0,0,1,0
772,47.3549822859397,33.76,35.2,0.107938944817535,2.93097130645738,0,1,0,0
773,59.4138105551003,22.15,7.187,0.225766849665111,3.64266059716385,0,0,1,0
774,44.5259788043398,33.67,27.373,0.232996330712238,3.14487055299211,1,0,0,0
775,60.3509796534945,27.36,11.805,0.122281200299026,3.59545611859489,0,0,0,1
776,58.8227166919193,13.2,13.035,0.128167668850083,3.05953059830151,0,0,1,0
777,54.1617968194476,5.22,2.047,0.235639467485977,3.18660017963381,0,0,0,1
778,60.1858999287902,27.73,23.866,0.116298989444149,3.62305916860672,1,0,0,0
779,49.4648849405901,36.32,31.269,0.27811965258922,2.56614391497373,0,0,0,1
780,69.4552923248712,27.33,22.871,0.135682268452229,3.65745988807828,0,1,0,0
781,59.4839125344771,22.07,9.632,0.164676056332791,3.06567542631768,1,0,0,0
782,44.8802521597691,39.14,28.599,0.118744524251632,2.9077827858164,0,1,0,0
783,71.745637656865,9.46,18.008,0.270301223225697,3.51013868018632,0,0,0,1
784,56.3555122287379,33.01,25.841,0.0901307810408005,3.71538461246916,0,1,0,0
785,55.9512484978813,7.34,4.771,0.31096819134756,3.04743874765169,0,0,0,1
786,66.3334933164348,34.47,25.748,0.204379833707116,3.32157510628345,1,0,0,0
787,62.3247908107463,12.88,7.731,0.16336248802556,3.43687356172198,1,0,0,0
788,46.6215380745457,4.43,6.2,0.102326348359297,2.92754215543499,0,1,0,0
789,62.728249947569,29.39,40.185,0.065436151911321,3.68085474968886,0,1,0,0
790,68.884253347998,28.63,17.359,0.199510003956117,3.8464874253465,1,0,0,0
791,67.0035672088273,26.27,2.25,0.102241589079374,3.45688087962507,0,1,0,0
792,46.0386345836255,4.15,5.937,0.21892331577484,3.58911164943771,0,0,0,1
793,63.5815561507038,14.37,19.843,0.082413013721638,4.49981741796265,0,1,0,0
794,63.7049489281137,26.82,13.524,0.19046270562912,3.62418896492397,1,0,0,0
795,65.1070788486769,10.84,13.375,0.102348109546555,3.3612191386979,0,1,0,0
796,51.4162843249092,34.68,37.719,0.0915164115307703,3.00256220197654,0,1,0,0
797,63.6356168484888,24.24,17.038,0.184972166415127,3.58008017661004,1,0,0,0
798,60.1423308335646,20.51,6.125,0.344130379996904,3.61103182412621,0,0,0,1
799,64.1987862142809,27.93,29.409,0.2220668084026,4.15563703083085,1,0,0,0
800,60.4803002115142,25.6,27.715,0.201476210269454,3.60265525756826,1,0,0,0
801,65.9471114080775,20.39,1.523,0.284008535232015,4.01772911082086,1,0,0,0
802,64.3855117538457,21.05,10.496,0.0861595335618511,3.92352387008261,0,1,0,0
803,56.3944170073362,16.79,18.777,0.198998406203578,2.76098915571174,0,0,1,0
804,66.8139292270604,9.64,31.081,0.0755592537820309,3.99934797597457,0,1,0,0
805,58.1457016514103,32.72,32.3,0.389906534161764,3.85661089558916,0,0,0,1
806,68.1751408682057,36.81,2.28,0.0793566106034304,3.72010766976646,0,1,0,0
807,65.7699837235698,28.72,30.571,0.152439908253298,4.04071754052852,1,0,0,0
808,62.9712377178364,26.59,39.193,0.198701479041785,3.29532839687701,1,0,0,0
809,67.2496150502855,23.15,15.797,0.156285661457863,3.35977152127618,1,0,0,0
810,65.2614617159584,21.85,3.389,0.172579883947262,3.48058322439538,1,0,0,0
811,59.798049681513,23.01,18.471,0.351340749695544,4.10955960967397,0,0,0,1
812,66.5645188925497,31.34,13.116,0.400652510333742,3.98087161251948,0,0,0,1
813,60.2597717766589,28.92,33.057,0.23678332421476,3.21647245720477,1,0,0,0
814,71.8926660451267,7.66,18.252,0.0862318800832199,3.9863289471993,0,1,0,0
815,67.3598229530809,7.01,18.334,0.121027502256832,3.26778601752581,0,1,0,0
816,47.682839563487,6.25,6.091,0.197916386662994,3.66313995758003,0,0,0,1
817,62.4364736026227,24.17,18.499,0.206810157532057,3.5120488848551,1,0,0,0
818,48.9690379186225,16.61,0.675,0.355330526640876,2.43703620398596,0,0,0,1
819,58.1761075272533,21.55,12.375,0.220325144486499,3.57201868650903,1,0,0,0
820,66.021948124344,14.83,28.87,0.0881388715625203,3.5203513035702,0,1,0,0
821,63.5803071649622,30.91,34.64,0.0582000383989374,3.54640003917788,0,1,0,0
822,59.5788056555257,29.16,31.137,0.103540036760602,3.8268432726018,0,1,0,0
823,53.4277028240988,31.12,32.799,0.124548456583463,3.40197807865257,0,1,0,0
824,46.5614190097249,25.6,36.251,0.0933928740120572,3.20954952818858,0,1,0,0
825,41.4018607364796,30.12,24.429,0.0976183079989634,2.25861358428949,0,1,0,0
826,70.2157095194704,34.51,8.013,0.361873802982031,3.76064311846963,0,0,0,1
827,49.1281239048874,30.08,30.73,0.258062013930933,2.89862493237808,1,0,0,0
828,58.9242593431359,29.33,27.881,0.0925978163125878,3.71740796707784,0,1,0,0
829,50.1936093132829,26.46,33.267,0.130761539455789,3.30525715989902,0,1,0,0
830,48.5576663449966,30.94,22.362,0.205248757995555,3.38879662589484,1,0,0,0
831,60.3426794232544,22.75,48.442,0.10369160279769,3.72718002471607,0,1,0,0
832,64.5434027059821,35.48,16.034,0.0894682366637855,2.94442854826528,0,1,0,0
833,52.2833091861549,35.33,19.851,0.0989679689695283,3.62300561543561,0,1,0,0
834,56.3618676357171,22.33,5.664,0.147885776342924,2.94598212867557,0,0,1,0
835,55.7721435400343,22.52,10.229,0.130867331164478,3.45145151194908,1,0,0,0
836,55.0628521359929,24.83,25.009,0.0849417582527651,3.35049647617427,0,1,0,0
837,45.2960211190803,33.74,25.625,0.218992969125726,2.97416293750664,1,0,0,0
838,68.4054402637459,12.84,25.514,0.0926299938616033,3.79458169805554,0,1,0,0
839,63.9159788230763,26.41,35.511,0.21322993971471,4.00636271729959,1,0,0,0
840,48.5849591958,35.71,20.978,0.196067949747529,2.56335537748765,1,0,0,0
841,61.9099832430935,24.51,16.417,0.158201017856274,3.39560041001081,1,0,0,0
842,76.5898027790289,20.31,31.873,0.0911133606515403,3.81192309904184,0,1,0,0
843,61.81294973743,16.99,11.315,0.142321778582143,3.57186378126725,1,0,0,0
844,63.6344202184385,19.29,10.041,0.186385040749414,3.11595837284896,1,0,0,0
845,69.1151537766455,14.93,6.234,0.280991838204025,3.37279818927279,0,0,0,1
846,63.9131754354677,25.65,24.871,0.0879995478553744,3.30914212567123,0,1,0,0
847,43.7901394756819,26.07,29.519,0.155176165091614,2.7494068159739,1,0,0,0
848,57.308862597412,20.7,15.491,0.210245776059651,3.36650419795916,1,0,0,0
849,60.9426304778126,25.39,10.54,0.207162532850172,3.3661432211417,1,0,0,0
850,42.8053697790501,34.31,29.984,0.227283796078562,3.26843543247988,1,0,0,0
851,50.7816289907464,17.51,17.118,0.228081875416744,3.80594712295741,1,0,0,0
852,68.4213769365348,36.02,11.274,0.292342411971271,3.64855115613081,0,0,0,1
853,60.1698559900003,14.87,4.059,0.319539998001815,3.08808572315206,0,0,0,1
854,68.4502847261096,20.1,7.593,0.1226148462688,3.82957443885224,0,1,0,0
855,64.9642982411004,27.36,11.535,0.223823447746886,3.18352134148301,1,0,0,0
856,59.7010222497316,25.14,29.364,0.110820562994054,3.41212703802296,0,1,0,0
857,65.8625774742627,35.94,49.29,0.158684136763762,4.16683600716277,1,0,0,0
858,60.8111059493506,40.42,20.569,0.192516276792746,3.29851647970946,1,0,0,0
859,63.7825010572676,16.84,16.913,0.16235311569241,3.66794375846319,0,0,1,0
860,65.7456785951357,14.72,8.705,0.123515192953108,3.56480738200935,0,1,0,0
861,65.1981838785404,13.27,16.628,0.20419819549841,3.94239663474339,1,0,0,0
862,53.1217846976561,4.88,7.785,0.122794633544341,3.40651643424864,0,0,0,1
863,44.1392050416709,34.1,35.719,0.19751609695917,3.2812644482264,1,0,0,0
864,66.9883428227862,15.05,19.039,0.112367927226269,3.4967206076051,0,1,0,0
865,61.503937678424,29.29,21.424,0.258438626675869,2.87925284908303,0,0,0,1
866,62.368676822229,9.67,28.958,0.18785254101594,2.83876137373855,0,0,1,0
867,50.4623533009933,17.34,3.863,0.288014301302953,3.58710680274592,0,0,0,1
868,66.3353360123332,12.61,26.189,0.145889240826186,3.39543889800042,0,0,1,0
869,47.9264744269159,26.7,27.079,0.201305980907431,2.61288209681064,0,0,1,0
870,62.4199598613637,30.36,25.909,0.22208870625698,3.39508447868745,1,0,0,0
871,64.9374780280491,29.74,27.554,0.279029517863547,3.281183001922,0,0,0,1
872,59.3233697070739,19.88,16.286,0.0869067950626125,3.16195783296188,0,1,0,0
873,40.1012905398462,32.07,41.682,0.104644927155407,2.15099787101169,0,1,0,0
874,59.4916383604738,21.14,35.292,0.259520016330887,3.12248270168455,0,0,1,0
875,66.6612244963713,28.02,31.027,0.0774968936471487,3.80596313344018,0,1,0,0
876,51.6150952824077,27.71,35.967,0.114666112682152,3.56919095237308,0,1,0,0
877,44.7053003440241,31.86,28.093,0.0864398842942056,2.89849240640081,0,1,0,0
878,47.6668780822682,30.42,48.006,0.0731421096647959,3.16822724592945,0,1,0,0
879,56.7737500975264,30.45,29.42,0.115587644909515,3.59119495882195,0,1,0,0
880,45.9171120724489,29.37,37.477,0.207974832653434,3.22065275451763,1,0,0,0
881,65.8935878955769,13.5,24.704,0.217577215370368,3.83139289202996,0,0,0,1
882,60.8698776100969,25.8,14.984,0.217959953088776,3.39296535880919,1,0,0,0
883,56.637743023919,23.07,33.767,0.22838997683859,3.13764492645415,1,0,0,0
884,68.8835412756487,6.73,26.758,0.0835712193535334,4.06333618179772,0,1,0,0
885,65.4494649643762,5.78,2.229,0.436187034365713,3.56148755646639,0,0,0,1
886,66.6704678362739,13.63,14.366,0.127563558597944,3.72776398351673,0,1,0,0
887,67.4465735792094,22.43,0.522,0.207862696785806,3.57069324618533,0,0,1,0
888,56.2964834470318,41.8,22.092,0.18568386990204,3.68199249015709,0,0,1,0
889,64.1369430044056,13.04,28.406,0.282355925181921,3.2515951970384,0,0,0,1
890,38.3255520081038,6.34,3.351,0.224354361176165,2.80313635553058,1,0,0,0
891,63.6279164550766,14.05,27.92,0.117316818324168,3.89441500243044,0,1,0,0
892,67.5262640575706,25.29,29.414,0.097874264718107,3.67026119858849,0,1,0,0
893,52.0699969246547,26.87,29.015,0.128823478001697,3.29657982357082,0,1,0,0
894,60.8845470603514,11.63,0.63,0.406783996718168,3.33438736768815,0,0,0,1
895,62.9296395817114,9.5,24.833,0.0842660046313684,4.22923416593845,0,1,0,0
896,51.1454345605927,10.97,2.151,0.307824048600969,3.57988911659027,0,0,0,1
897,65.7093889243959,16.67,3.274,0.403860951507012,3.38518090624014,0,0,0,1
898,64.3680851013169,12.05,2.941,0.232750056171221,4.13475312553202,0,0,0,1
899,42.643566077695,27.22,30.818,0.199196959827408,3.02587336778314,1,0,0,0
900,59.941270886144,14.56,8.455,0.22089906160933,2.65785079631061,0,0,1,0
901,65.7031190652123,26.24,27.83,0.187744706128229,3.58001139862399,0,0,1,0
902,68.0077662312785,33.65,25.886,0.0886958489995383,3.38604879368466,0,1,0,0
903,65.6246191949267,26.98,23.734,0.194900705225449,3.47563502726966,1,0,0,0
904,64.8728495787107,6.47,24.968,0.271775642774754,3.76902773596639,1,0,0,0
905,62.388108925835,30.1,28.07,0.107399447586047,3.39181548161228,0,1,0,0
906,49.7511368082393,3.4,8.695,0.222939056408122,3.13737580446393,0,0,0,1
907,48.4640652133117,36.2,31.107,0.0959726034889685,3.4892950445542,0,1,0,0
908,68.8150216064455,5.93,18.824,0.104841096325834,4.5182917042916,0,1,0,0
909,45.0385603473851,14.42,8.595,0.256855146914696,3.45739478588275,0,0,0,1
910,68.8740276200556,12.54,22.376,0.115148709355023,3.45742074779244,0,1,0,0
911,70.5041778737018,10.96,33.646,0.101947251130876,3.57013201408872,0,1,0,0
912,60.4697755972727,7.73,2.632,0.179441406206786,3.08177284035207,0,0,1,0
913,70.3924950698663,12.1,26.692,0.0856792682867113,3.70812873591062,0,1,0,0
914,73.3666143412427,23.44,5.844,0.199193312917897,3.83180131546906,0,0,1,0
915,63.1967996132936,19.58,13.789,0.156009931974869,3.97308962936564,0,0,1,0
916,66.5022971724687,21.28,4.129,0.219541403271955,3.47258888483318,0,0,1,0
917,43.5819054303985,39.5,30.451,0.110182081421357,3.20827884146434,0,1,0,0
918,63.4381053135113,28.0,30.397,0.170774234670646,3.37107262634852,1,0,0,0
919,62.70890733631,27.26,53.954,0.362748636945558,4.31520723336983,0,0,0,1
920,47.7681080421719,34.26,24.137,0.212206446947568,3.2823886887153,1,0,0,0
921,68.2199108610466,13.81,17.346,0.206124699767946,3.00029621918068,0,0,1,0
922,53.2319143589483,27.02,2.643,0.187480796296123,2.88324077010565,0,0,1,0
923,48.5436101649164,29.48,30.782,0.208940095973395,3.13398511334444,1,0,0,0
924,66.6092109141787,32.02,28.365,0.180515136236419,3.37108144660557,1,0,0,0
925,64.6177213764639,21.0,13.178,0.0933186864783971,3.55325649921296,0,1,0,0
926,70.254965573407,21.05,13.004,0.0952367872422261,3.96008774024991,0,1,0,0
927,39.4612999941102,4.02,6.867,0.318467432472909,2.49230723828074,0,0,0,1
928,60.8135873571139,21.04,14.048,0.193310875162566,3.6178896423756,1,0,0,0
929,60.338571723166,29.55,31.085,0.350856620518156,3.38997905324803,0,0,0,1
930,62.4521210478191,21.4,10.379,0.171329270490478,3.82358198685621,0,0,1,0
931,52.2624160602232,5.01,4.623,0.191481194003509,3.23084584814064,0,0,1,0
932,42.7418118190247,30.84,26.125,0.229025526265162,3.15120986455974,1,0,0,0
933,61.2539397360958,31.54,5.795,0.110072818444284,3.53426698215995,0,1,0,0
934,62.7848945404355,13.16,7.045,0.0936553926386834,3.85026477690339,0,1,0,0
935,66.4161810546759,31.31,37.667,0.228095390754005,3.25306865917509,1,0,0,0
936,65.5246834100328,34.73,4.01,0.323046204254766,4.02661473245734,0,0,0,1
937,70.9003821253393,18.03,19.384,0.279790348900757,3.58873256989313,0,0,1,0
938,53.6702576207348,18.12,6.729,0.206507967321127,3.71393380126733,1,0,0,0
939,62.3644901874416,23.84,24.774,0.220389810257104,3.32613443264603,1,0,0,0
940,64.1622781901996,24.46,42.858,0.0853638481667801,3.92983126748433,0,1,0,0
941,63.4878460747126,21.53,3.606,0.21702553183391,3.25446421791581,0,0,1,0
942,61.4127032669852,38.87,33.013,0.0910499796260964,3.80857453371896,0,1,0,0
943,62.9870277692527,31.58,25.708,0.0889947072009923,3.29967920782186,0,1,0,0
944,44.2676376755552,29.66,40.486,0.253798730868961,2.77990219085238,1,0,0,0
945,47.8061111681797,3.69,1.445,0.168110394216887,3.46351402259403,1,0,0,0
946,62.4793566490739,31.34,30.296,0.191629041875034,3.88170757246563,0,0,1,0
947,47.1277215639404,4.95,9.78,0.293727789958051,3.05775119042991,0,0,0,1
948,57.2578722232432,9.03,6.901,0.303863412142068,3.82511948184938,0,0,0,1
949,70.0683157422847,8.04,7.511,0.309503321764822,3.92684928172425,0,0,0,1
950,45.2156613160113,26.54,37.787,0.118617938610851,3.10346936982518,1,0,0,0
951,53.6137274857448,21.87,38.958,0.310136176296892,3.3933318382944,0,0,0,1
952,63.7921476122663,10.09,5.284,0.272367896411578,4.31131522802839,1,0,0,0
953,57.8411278701421,13.61,14.283,0.136394929350826,3.25040362024608,0,1,0,0
954,59.7506143316207,17.41,5.281,0.196916248419684,3.90595176323153,0,0,1,0
955,66.5849456382238,28.26,35.24,0.256549476693251,3.53016974952082,0,0,1,0
956,53.534517549279,6.13,3.378,0.22769646293303,3.61547600573581,0,0,0,1
957,41.3919167030077,6.17,5.423,0.238926920653,2.87549142671223,0,0,0,1
958,70.2125197156681,5.77,26.578,0.292744657056934,3.90881771506055,0,0,0,1
959,57.3733575430219,27.07,27.625,0.126647744613107,3.37370320695222,0,1,0,0
960,61.5098863053161,6.89,8.789,0.265794603586566,3.41456738607773,0,0,0,1
961,72.1651945961224,24.96,3.955,0.18269485752803,4.16288342407445,0,0,1,0
962,54.8070339353823,3.97,1.083,0.399791107203601,3.44629890799906,0,0,0,1
963,66.7495774775223,24.04,31.006,0.145169228612185,3.92617921152724,1,0,0,0
964,67.5755823147153,20.34,13.353,0.232871871820582,4.01551447944837,1,0,0,0
965,63.8882624690422,28.13,43.578,0.236907982113269,3.39522279062282,0,0,1,0
966,65.6418140683347,6.19,18.043,0.329444582597794,3.36147544592242,0,0,0,1
967,63.0684669140158,29.15,5.701,0.24120331001413,3.04063600423449,0,0,0,1
968,66.9800603383197,35.11,35.786,0.146649523614875,3.90074988387932,1,0,0,0
969,51.3395329910385,34.64,37.395,0.0856280843861921,3.64745012154804,0,1,0,0
970,60.2218439349206,24.82,27.83,0.20614660445029,3.83359005498818,1,0,0,0
971,53.0764128499177,4.89,9.62,0.177170728176877,3.47987634298941,0,0,0,1
972,68.2416641233306,16.72,4.307,0.192162491498404,3.51859622661904,1,0,0,0
973,65.0403987084684,33.41,24.399,0.201870942902787,3.44809043129242,1,0,0,0
974,54.6402471090213,30.93,33.558,0.156527985746446,3.55149457843676,1,0,0,0
975,71.3646506126403,29.35,35.653,0.0888572367285294,3.35659438337038,0,1,0,0
976,61.4847140021095,6.31,7.674,0.308180765874173,3.45714000284295,0,0,0,1
977,66.0011223585514,23.88,13.964,0.178854134708173,3.44471800495002,0,0,1,0
978,53.196325279725,36.64,16.318,0.315143336657323,3.28696821968543,0,0,0,1
979,65.2945514825099,21.65,1.462,0.199970994169016,3.91182377706247,1,0,0,0
980,65.8892813041325,37.0,9.541,0.127714570933575,3.2107599964055,0,1,0,0
981,58.0436255667719,27.42,7.929,0.317718069009139,3.25621338067766,0,0,0,1
982,50.7842455586399,22.51,30.905,0.226228675016692,3.2600627875744,1,0,0,0
983,67.6671385854639,7.61,31.296,0.22390036885303,2.90574915698123,0,0,1,0
984,62.0509554724818,9.55,23.56,0.128464058247693,3.53110809702349,0,1,0,0
985,67.1502260198774,8.08,11.212,0.360613199613861,3.98915396011362,0,0,0,1
986,46.8076759447525,26.42,26.439,0.118114717902521,3.31595137024843,1,0,0,0
987,65.5289216129334,29.46,13.686,0.120339744064715,3.98856809294928,0,1,0,0
988,70.2798262329644,11.82,31.944,0.256447119424148,3.87578405251221,0,0,0,1
989,58.8019256693293,39.38,33.932,0.24054721386368,3.25654745224932,1,0,0,0
990,46.045119215875,26.81,34.816,0.248853688131228,3.65668373665888,1,0,0,0
991,45.0613851472426,33.4,29.89,0.193004783742364,2.78447649762288,1,0,0,0
992,43.3743009220367,27.57,30.811,0.236121699708121,3.37531127999099,0,0,0,1
993,60.767427784828,23.46,10.541,0.196465394561411,3.06468733611756,1,0,0,0
994,74.6461552695242,14.15,14.22,0.250921291412875,2.9523356955597,0,0,1,0
995,61.860416414986,27.61,42.638,0.229420551225889,3.83240418861048,1,0,0,0
996,56.1825876234995,17.72,8.579,0.217822639252134,3.04181768296579,0,0,1,0
997,67.586130624713,30.35,22.255,0.263578630127633,3.73306145615242,0,0,0,1
998,63.8633095248399,30.72,28.46,0.108730959502046,3.28020916477903,0,1,0,0
999,68.2130212048852,28.2,30.607,0.151604871990651,3.37127338279148,1,0,0,0
1000,67.358310225873,5.06,33.521,0.255385412863128,3.8289213467895,0,0,0,1
1001,62.974137675781,36.76,34.593,0.0533329525151227,3.49139123285988,0,1,0,0
1002,56.1443536949813,31.41,30.564,0.415400778707604,3.15569274404189,0,0,0,1
1003,69.9504156996758,23.3,24.071,0.175060175724728,3.7197789294655,0,0,1,0
1004,47.3020767750436,24.56,39.031,0.22271712472945,2.48159135294069,1,0,0,0
1005,62.2940217052246,24.4,6.697,0.116468928146024,3.30778558637776,0,1,0,0
1006,54.760087830448,4.05,9.583,0.266754081518817,3.53029011664164,0,0,0,1
1007,60.697418803629,38.15,21.156,0.159452841615004,3.709398702073,0,0,1,0
1008,59.5599342806818,30.2,35.77,0.120375305672145,3.29186803572199,0,1,0,0
1009,55.7127021285027,35.63,35.921,0.138014500704557,2.98362198068362,0,1,0,0
1010,62.8675925102586,5.2,2.034,0.270224969242635,2.96912931829623,0,0,0,1
1011,45.1993346744783,28.49,43.956,0.099891697303361,2.67426026010143,0,1,0,0
1012,57.2376400465441,9.22,6.32,0.374177813021831,2.77457824241477,0,0,0,1
1013,70.2551437146505,8.01,17.633,0.110929901876919,4.05582640561809,0,1,0,0
1014,69.7597556573056,14.8,29.747,0.140437551553802,3.43223943377961,0,1,0,0
1015,63.7672662440523,23.64,36.703,0.187198419684422,3.56312774776059,1,0,0,0
1016,67.5967772913684,6.46,9.174,0.0938371173735103,2.71030287917127,0,1,0,0
1017,46.3796925408205,31.76,34.915,0.193716611739433,2.97222034769356,1,0,0,0
1018,68.2350715372512,17.64,3.818,0.226542848713783,4.26525984026035,0,0,1,0
1019,59.4198281078408,18.26,8.548,0.109314398392768,4.3126580815361,0,1,0,0
1020,57.8976770544564,22.34,29.982,0.067379329609674,3.44861790562011,0,1,0,0
1021,72.2972334385587,11.22,22.896,0.105375134896259,3.54315099096342,0,1,0,0
1022,65.1593488037653,31.14,23.915,0.303582363861376,3.55384783614813,0,0,0,1
1023,60.0214756201971,25.04,13.265,0.148316380178715,3.34265214610611,0,0,1,0
1024,61.7281266576544,16.37,2.189,0.123206573764015,3.63803677859158,0,1,0,0
1025,55.6076792687104,30.85,22.559,0.118161402086521,3.66424083627371,1,0,0,0
1026,58.1728456527442,13.64,4.181,0.379341219149595,3.89927960593999,0,0,0,1
1027,61.2532578803516,29.59,25.818,0.184162527795163,3.50181961750223,1,0,0,0
1028,48.0387957197533,36.9,28.002,0.157775129458925,2.87137329319392,1,0,0,0
1029,66.9737889883203,25.8,4.885,0.277837928621048,3.47424290735357,0,0,1,0
1030,62.3837322943116,27.59,43.458,0.0971414563699144,4.14582601488564,0,1,0,0
1031,61.406987871984,32.49,28.01,0.0913738713603585,3.45779433165827,0,1,0,0
1032,45.519681870413,4.25,7.871,0.220207400034348,2.97494459158266,0,0,0,1
1033,50.2114713933821,33.29,22.409,0.243592543107943,2.91612724329633,1,0,0,0
1034,67.6065642569787,26.03,28.579,0.085470851602797,3.55672802952451,0,1,0,0
1035,71.6855990892822,10.27,30.617,0.100094329036965,3.85961326065215,0,1,0,0
1036,71.1075206138883,35.83,19.736,0.188942941282537,3.62777421653026,1,0,0,0
1037,69.331184874683,33.09,9.65,0.0708867250425142,4.66705116768306,0,1,0,0
1038,68.3554188770121,11.45,14.479,0.233535475401345,3.58338731866187,0,0,1,0
1039,61.7309089010561,24.94,3.873,0.211926819118142,3.21034488517549,0,0,1,0
1040,70.6439300497056,12.7,9.931,0.0811541238957377,4.02127498397628,0,1,0,0
1041,62.5530946221595,27.47,22.188,0.0542126387254959,3.52946621840804,0,1,0,0
1042,61.3573593928426,28.58,21.369,0.177813915230804,3.38381656091224,1,0,0,0
1043,62.0785321497552,31.88,51.054,0.0591165368566145,3.37802681353861,0,1,0,0
1044,60.1080329672057,6.4,5.167,0.270253603463283,3.31067080684413,0,0,0,1
1045,56.1147844913641,16.44,14.773,0.185168693368717,2.8957031780436,0,0,1,0
1046,67.3310769169757,10.5,6.075,0.385981688720906,4.03808263909859,0,0,0,1
1047,67.2125799029333,13.19,26.946,0.244640656513092,3.37226890636801,0,0,0,1
1048,49.88819835398,6.52,7.252,0.452228994018412,3.48911600362568,0,0,0,1
1049,62.5915652976139,26.11,18.973,0.104570236580966,3.57475401882175,0,1,0,0
1050,61.5703019212063,3.61,4.671,0.235441607627649,2.93101975252005,0,0,0,1
1051,58.7163980482371,25.01,16.294,0.168178511499588,3.94506903540272,0,0,1,0
1052,63.029376804332,32.54,18.638,0.0827034659887695,3.19709159992011,0,1,0,0
1053,52.7041256644761,6.46,2.363,0.288148253809606,3.53960878949466,0,0,0,1
1054,65.4389759515077,36.65,34.202,0.102173878001862,2.92938166410454,0,1,0,0
1055,69.8984819834018,6.19,24.013,0.198783939786088,3.64554666914956,0,0,1,0
1056,59.0464175789385,29.2,20.309,0.0898602779998475,3.51917687207066,0,1,0,0
1057,65.0213387501627,8.67,21.35,0.353568549967829,3.32632075952959,0,0,0,1
1058,63.4141871669996,35.67,28.518,0.182925829708216,2.85980557368639,1,0,0,0
1059,58.0633989392317,19.8,9.85,0.235896721611419,3.54424327633777,0,0,1,0
1060,67.0984915636589,17.37,5.09,0.243684832960681,3.99067295085712,0,0,1,0
1061,54.9344442319952,28.41,35.038,0.190493310206621,3.27785139241053,1,0,0,0
1062,66.343035905788,8.01,8.023,0.331408652508947,4.09012495238141,0,0,0,1
1063,44.2478297155266,28.0,25.633,0.0554243535189923,3.02966669730938,0,1,0,0
1064,58.4120602431277,10.92,0.866,0.217447353577207,3.74484668229038,1,0,0,0
1065,52.3707758597156,30.74,23.706,0.0759790807593402,2.91534262715387,0,1,0,0
1066,62.4624437856405,26.42,33.952,0.218679489797277,3.39849815489531,1,0,0,0
1067,62.5103889785126,30.77,34.778,0.242134216832122,3.624076483468,1,0,0,0
1068,50.6315575245106,20.19,3.288,0.0879917786618472,3.18422187362631,0,1,0,0
1069,65.9804569940165,23.58,3.0,0.0941164858850998,3.7278334561993,0,1,0,0
1070,68.9314354218592,9.95,9.991,0.212535624994574,4.01004968759147,0,0,1,0
1071,69.5970636866895,26.58,35.673,0.105182715049948,3.58033126220127,0,1,0,0
1072,65.8474465632262,8.23,7.041,0.153593102488565,4.00231566761062,1,0,0,0
1073,66.0334618093631,9.4,19.881,0.0988758665527158,3.3197633323688,0,1,0,0
1074,54.6244870713463,16.44,14.909,0.23141910631036,2.77432793673533,0,0,1,0
1075,58.8321650841905,25.98,18.815,0.186126298651633,3.62535743116744,1,0,0,0
1076,65.934257036776,11.76,18.576,0.280904861112227,3.09284337565304,0,0,0,1
1077,68.3316112006385,31.71,15.29,0.131227586367332,3.44454907077017,0,1,0,0
1078,46.7043302747862,28.23,32.492,0.204628905210141,3.04879440779632,1,0,0,0
1079,47.0403267857766,10.77,6.781,0.112836862826052,2.65221238564801,0,1,0,0
1080,60.5457278088084,30.08,38.182,0.196020889854318,3.35645210830108,1,0,0,0
1081,55.8167534329127,3.4,4.199,0.273119354161611,3.55347192989301,0,0,0,1
1082,54.7247334167154,12.75,1.377,0.291097799129357,3.3352291875367,0,0,0,1
1083,66.2056523280622,34.11,35.869,0.175381992082441,3.47477885165617,1,0,0,0
1084,62.3870422007108,22.06,5.186,0.218324621401728,3.22333371978521,0,0,1,0
1085,60.4621739697071,19.27,14.746,0.156337945214562,3.10466622800428,1,0,0,0
1086,58.3039246632202,24.56,6.799,0.319850530532072,3.16846539158375,1,0,0,0
1087,75.2731683517332,27.23,2.059,0.117579243702969,3.50961169033495,0,1,0,0
1088,48.9041620735417,23.8,17.191,0.0578775638813606,2.65940154698294,0,1,0,0
1089,61.2089499595735,24.39,17.7,0.217514152151951,3.4414836969033,1,0,0,0
1090,60.7460629133789,12.96,6.24,0.132283271573923,3.70711968502342,1,0,0,0
1091,55.179141915705,3.31,2.847,0.0681038583461671,3.53548191300021,0,1,0,0
1092,67.9313002736886,25.75,37.58,0.200730297854802,3.73819587992326,1,0,0,0
1093,63.4855156067585,21.46,11.724,0.0840853577181952,2.81825348404256,0,1,0,0
1094,53.4148418611062,6.44,1.388,0.329945845691666,2.89832646497044,0,0,0,1
1095,64.0924255808975,3.64,9.196,0.110334943048749,4.0219378931586,0,1,0,0
1096,46.0187196508516,29.37,24.052,0.12529825194026,3.28967360269127,0,1,0,0
1097,46.3714040433648,27.36,27.556,0.164555103616411,2.91337557051046,1,0,0,0
1098,60.5734148246898,23.68,11.882,0.232404827395766,4.16922516681204,1,0,0,0
1099,72.529190867013,8.9,8.616,0.119336108885822,4.04969646987488,0,1,0,0
1100,54.179948733196,29.85,20.72,0.217422281806545,3.59856138649007,1,0,0,0
1101,67.8652499155142,14.53,32.323,0.0639079819992345,3.51489880759731,0,1,0,0
1102,65.521094497881,31.27,11.635,0.140536031470527,3.55495399635468,0,0,1,0
1103,60.2219552971265,18.58,11.26,0.236209698320254,3.79709720104619,0,0,1,0
1104,50.7040889958571,29.17,36.23,0.135796156538505,3.42949291001352,1,0,0,0
1105,51.3486559677625,34.29,36.306,0.212639552287636,3.06300336390194,1,0,0,0
1106,55.4968411989437,27.68,53.804,0.130109020298193,3.78959140602439,1,0,0,0
1107,56.1866579908612,24.82,43.558,0.207152842093511,3.68063195951159,0,0,1,0
1108,65.1857868209314,9.62,30.957,0.0856263046590126,3.20498063989183,0,1,0,0
1109,58.7528582285372,29.05,30.769,0.207521837076615,3.49131503746501,1,0,0,0
1110,64.2807597318033,16.39,14.79,0.120150531142135,3.37405901944087,1,0,0,0
1111,61.4725373089566,32.64,25.463,0.212685712214166,3.25074053264007,1,0,0,0
1112,61.2957166562859,11.34,25.709,0.0886170134597823,3.67087090391497,0,1,0,0
1113,61.2758435267769,29.31,24.529,0.0809214396058567,3.59853217881322,0,1,0,0
1114,63.0253496333739,9.99,17.427,0.204189276410711,3.73206382885615,0,0,0,1
1115,60.1574373582195,10.98,16.331,0.148783031044368,3.50777594469691,1,0,0,0
1116,66.7891237540055,14.44,24.866,0.120337698956087,4.23554402621145,0,1,0,0
1117,50.3746635762058,36.96,37.898,0.339838793372152,2.7866817945136,0,0,0,1
1118,64.9708559806431,14.33,30.677,0.100264234566514,3.70987559207833,0,1,0,0
1119,68.5973917574311,19.7,13.104,0.120349128425942,4.07758009155227,0,1,0,0
1120,60.2985648512013,19.72,4.802,0.0839919354399831,3.23733970927268,0,1,0,0
1121,48.4050070956472,24.99,24.572,0.120713828910049,3.32642313774049,0,1,0,0
1122,68.2261251758941,27.87,34.181,0.21642292073725,3.42098671633667,1,0,0,0
1123,58.6479026940993,35.11,37.147,0.0887628135734438,3.39605736054029,0,1,0,0
1124,65.7309591684015,33.62,39.532,0.0776679578327409,3.89333920806165,0,1,0,0
1125,63.9063403609096,8.35,6.534,0.212274479047498,3.16112450271864,1,0,0,0
1126,57.3396298876919,18.18,14.606,0.0595502629050887,3.55262096047966,0,1,0,0
1127,52.9950935539194,15.23,9.688,0.132512988680855,3.40754536562093,0,0,1,0
1128,64.3089396850852,12.23,24.698,0.100947097112755,3.59998971627696,0,1,0,0
1129,73.9115006674875,14.14,23.437,0.101352586017028,3.42091546025173,0,1,0,0
1130,70.8594551858071,34.11,36.265,0.252298481401686,3.55939573900655,1,0,0,0
1131,66.6033513034223,10.22,11.317,0.0925918416844709,3.26122352955318,0,1,0,0
1132,54.679676053712,20.48,20.987,0.176672087623933,3.15203451570693,1,0,0,0
1133,64.8680103880574,25.72,11.866,0.190586562014608,3.2357403900358,0,0,1,0
1134,59.5630393814192,28.62,37.718,0.0481395060950622,3.37810792606892,0,1,0,0
1135,49.9772101243161,31.7,22.274,0.183055302444679,3.2466465554509,1,0,0,0
1136,67.5620893909152,32.23,34.655,0.125972349520224,3.26185345375944,1,0,0,0
1137,63.2751526505184,29.64,20.497,0.146001571223857,3.45460606925152,1,0,0,0
1138,60.9209626293772,40.35,38.521,0.232905209811237,3.88730421015268,1,0,0,0
1139,67.3035374029774,8.46,27.511,0.0931332008325239,3.50546706034637,0,1,0,0
1140,62.6899723721665,9.37,13.69,0.130803490566796,3.2827205374255,0,1,0,0
1141,63.9204958824503,33.9,27.704,0.116160037758457,3.38876081393453,0,1,0,0
1142,69.0760202417704,13.21,28.856,0.0844512218832764,3.28774346953354,0,1,0,0
1143,56.5123424703461,15.51,5.281,0.133337826382005,2.99225089445725,1,0,0,0
1144,53.4187321713964,23.29,22.071,0.0893067057997843,3.19411626643203,0,1,0,0
1145,56.8764544652063,24.44,30.108,0.15629705944219,3.7459403434778,0,0,1,0
1146,69.0291390454779,11.46,32.163,0.388181009617467,3.99037936565219,0,0,0,1
1147,65.4410078087986,37.22,22.978,0.228468423702139,3.55314386831902,1,0,0,0
1148,48.4194252687034,23.31,33.441,0.157865438514891,3.33288916766003,1,0,0,0
1149,64.0276833596173,15.7,6.85,0.223332056662273,3.45001060316396,1,0,0,0
1150,46.9568822315578,33.52,26.666,0.264481550639935,3.23395200368133,1,0,0,0
1151,56.7723412308042,10.23,6.914,0.0650389575512449,3.29481634127235,0,1,0,0
1152,70.0807963393594,8.49,32.924,0.110099882379055,2.86576894625114,0,1,0,0
1153,58.400837980673,15.4,19.469,0.232547518412996,3.24865370143121,1,0,0,0
1154,64.0194791920072,11.15,26.316,0.249704668941481,4.33286728728289,0,0,1,0
1155,60.009667093423,4.54,8.132,0.393502904385598,3.43993091548195,0,0,0,1
1156,66.204274322733,28.52,41.713,0.317987005871297,3.13044138740854,0,0,0,1
1157,62.0284346877235,5.09,5.289,0.331253066545924,4.59208604467586,0,0,0,1
1158,47.6648919557024,33.08,30.632,0.21170008411774,3.22237027180334,1,0,0,0
1159,57.6401716081682,3.71,0.136,0.213431194115651,3.84772900019042,0,0,0,1
1160,45.1393463877473,33.73,32.341,0.224325698707978,3.06879414175703,1,0,0,0
1161,45.684077724627,7.24,5.492,0.302263307202111,3.62610831643144,0,0,0,1
1162,61.8199057080951,26.66,6.912,0.283572986270387,3.50433656713452,0,0,0,1
1163,68.7604590833599,5.49,30.842,0.167075371224956,3.67846102928718,1,0,0,0
1164,60.2601142316705,23.56,21.403,0.367840823440807,3.6249934527968,0,0,0,1
1165,46.8521894981704,29.44,14.304,0.212713475716611,3.03586853840159,1,0,0,0
1166,55.4303573655352,10.35,6.065,0.343959693639199,3.32747217088989,0,0,0,1
1167,47.2237923807398,18.25,35.022,0.104358427968547,2.92744438203685,0,1,0,0
1168,59.3917068052032,24.03,10.695,0.19996236875205,4.05875836014255,1,0,0,0
1169,46.7596152730492,23.91,34.778,0.0999685072227866,3.33169474559885,0,1,0,0
1170,62.3380905092391,33.7,22.073,0.0652008620372896,3.56879931445125,0,1,0,0
1171,64.2774010654815,20.47,40.536,0.238706605885006,3.82234581088105,1,0,0,0
1172,72.1462057638187,8.22,21.002,0.112506986558157,3.26298304383447,0,1,0,0
1173,55.875775361122,7.89,3.741,0.0763138437960404,3.7541645038165,0,1,0,0
1174,62.4136139252373,24.9,26.202,0.0797221716809856,4.01210259272434,0,1,0,0
1175,50.4554000204279,33.36,30.334,0.0840078695104798,3.46464140385175,0,1,0,0
1176,50.3288488905496,26.7,26.838,0.171800609782156,3.24333013000693,1,0,0,0
1177,66.199665689938,12.69,33.789,0.0840471788019913,3.61840211964993,0,1,0,0
1178,51.2448397158073,21.2,40.633,0.195575941193144,3.42275010447862,1,0,0,0
1179,69.2972359870093,36.14,24.547,0.161214766240193,3.69943367468007,1,0,0,0
1180,64.47243430578,12.49,9.895,0.149487357487963,3.83667349819837,0,1,0,0
1181,47.2317253050899,24.05,26.656,0.243013759072351,3.85858459853292,1,0,0,0
1182,68.0825492293828,10.03,22.72,0.108976260366914,4.08163694231595,0,1,0,0
1183,62.5466548710475,23.8,21.752,0.113579694323142,3.19439464133619,0,1,0,0
1184,62.2612109417866,15.75,3.605,0.34143791309685,3.57784481297058,0,0,0,1
1185,64.6310403823202,9.48,12.584,0.102355034496644,3.89003860674464,0,1,0,0
1186,74.9094825924999,5.84,3.116,0.124135276747369,3.792331809622,0,1,0,0
1187,52.5699666659754,34.77,43.364,0.196881318685312,3.30834051363197,1,0,0,0
1188,62.7953245165393,29.47,35.823,0.0896249136980903,3.054964467716,0,1,0,0
1189,64.0938766340433,33.89,23.317,0.200729627696646,4.04094774290676,0,0,1,0
1190,46.4079044120162,34.54,32.239,0.242297925843689,3.39958965936954,0,0,0,1
1191,69.568257735068,31.26,39.574,0.161157979728683,3.73025538301875,1,0,0,0
1192,58.9886071722205,31.65,29.297,0.200286199793434,3.71048709501433,1,0,0,0
1193,65.9992856774165,30.57,19.876,0.220797205068018,3.47648589615889,1,0,0,0
1194,63.9486565209128,15.62,5.459,0.214405729668047,3.96823181185932,1,0,0,0
1195,53.9354280783828,25.88,19.718,0.152848109676507,3.22360655540491,0,0,1,0
1196,67.9101034203924,15.89,1.743,0.193175281274311,3.74972206099655,0,0,1,0
1197,53.3811023121408,21.94,25.819,0.099239083480902,3.30826196781922,0,1,0,0
1198,65.7859196692759,12.33,18.684,0.0827351247762969,3.85411425045488,0,1,0,0
1199,62.2761801989433,5.28,16.598,0.102728989460311,4.10486439899988,0,1,0,0
1200,48.0611814736497,6.12,7.885,0.404705541571842,2.98866374401976,0,0,0,1
1201,58.2667832573909,20.17,0.29,0.293309733939368,3.40899795719042,0,0,0,1
1202,62.3066514829844,25.9,7.632,0.291646676969447,3.29539648212304,0,0,1,0
1203,53.1209781479497,9.44,4.744,0.104719705168847,3.08720917408359,0,1,0,0
1204,65.0779310474263,32.29,33.416,0.105103164779581,3.45336659811773,0,1,0,0
1205,47.4743127681554,4.22,4.774,0.354693709219651,3.20709024537018,0,0,0,1
1206,62.6223559451076,17.56,0.959,0.101615704263067,3.50897934507362,0,1,0,0
1207,69.1817713318177,7.07,12.536,0.126698714226544,3.62461403390582,0,1,0,0
1208,63.0636930009385,31.43,35.058,0.206064758420669,2.80353498448072,0,0,1,0
1209,50.2286500449053,31.39,24.866,0.160379644916268,3.22576271983996,0,1,0,0
1210,58.6934351852188,32.33,48.682,0.253180357611122,2.9886042874303,0,0,0,1
1211,53.0527818059913,35.12,35.806,0.0653504909729254,2.75804503757266,0,1,0,0
1212,64.4079119197448,31.79,43.054,0.279033805570289,3.65911008129355,1,0,0,0
1213,48.4652496678116,25.41,30.811,0.224675064925814,2.90307344519948,1,0,0,0
1214,61.8352440296531,20.51,4.911,0.133791519804667,4.11252023179573,0,0,1,0
1215,44.4838389298267,17.78,40.501,0.211904235380684,3.26383935996836,1,0,0,0
1216,64.7205675248406,19.64,8.53,0.293639877349861,3.53688363639798,0,0,0,1
1217,62.1594337342839,14.47,21.703,0.102325668272168,3.86526481644474,0,1,0,0
1218,50.6762150041568,26.92,16.759,0.187592891491146,3.98312772281407,0,0,1,0
1219,46.836963506233,26.46,29.846,0.27756000231208,2.75840202257438,0,0,0,1
1220,65.3379897369974,36.92,26.744,0.113667775289596,4.20957825849601,0,1,0,0
1221,64.4804601532605,5.41,6.493,0.286359462371242,3.55667241427049,0,0,0,1
1222,53.301644691871,7.57,3.944,0.176263454441891,3.63571422510867,0,0,0,1
1223,65.0380734343358,14.68,13.806,0.145523587835024,3.21856760765835,0,0,1,0
1224,67.4629199312602,14.0,29.949,0.192119823374049,3.77318650915878,0,0,1,0
1225,60.7516659636765,22.04,5.625,0.218505696593016,3.43558423183649,0,0,1,0
1226,66.6239509839978,28.7,26.17,0.204016323577045,2.74719506896566,1,0,0,0
1227,47.0853958377084,23.59,43.679,0.197386828715007,3.05466841306256,1,0,0,0
1228,49.4249550931964,3.77,0.026,0.317391101158869,2.86820111618615,0,0,0,1
1229,53.8059670513945,6.99,1.097,0.263890993050332,2.91092606227455,0,0,0,1
1230,66.2328237272293,31.46,9.777,0.0837446291177,3.89546391824709,0,1,0,0
1231,68.4233125330244,10.57,34.683,0.155855856805438,3.22952347878805,0,0,1,0
1232,48.8071489428858,27.54,29.77,0.175241880135452,3.27131897640816,1,0,0,0
1233,60.5144644487407,27.02,11.496,0.263429562390198,2.6034970888928,0,0,1,0
1234,59.6167649549712,22.93,5.481,0.151779585996267,3.30680342839034,0,0,1,0
1235,45.6939083882362,6.72,0.367,0.17644463476199,2.80603701813168,0,0,0,1
1236,63.466934472635,38.68,28.948,0.190726368346463,3.33720679291549,1,0,0,0
1237,65.7232267445565,39.91,24.301,0.0866660513533916,3.22507120352612,0,1,0,0
1238,60.7165921501889,32.11,31.376,0.191856931445895,3.48467300208907,1,0,0,0
1239,70.9770662515872,9.62,9.836,0.0880448900114766,4.21507258476051,0,1,0,0
1240,70.7953451026421,5.55,25.293,0.115098736237417,3.66488661842687,0,1,0,0
1241,67.2974900023358,35.37,20.245,0.052456473322388,3.09260152477465,0,1,0,0
1242,61.3835276796039,11.59,19.25,0.220455233480856,3.09484059293265,1,0,0,0
1243,57.5571170842776,32.75,23.114,0.119027576723469,3.37416276181985,0,1,0,0
1244,67.8908858427874,15.82,13.044,0.203787718503651,2.9684085578399,1,0,0,0
1245,71.597957763007,19.83,20.645,0.127296284388368,3.7379506545778,0,1,0,0
1246,60.0931666293695,18.48,17.766,0.268943251669669,4.00258023086881,0,0,1,0
1247,68.2939106808465,36.0,15.711,0.108564903276942,3.89119632072446,0,1,0,0
1248,63.8601427277122,20.4,4.606,0.166589398443091,3.58660500400112,0,0,1,0
1249,62.3086140482511,24.68,13.376,0.189133103085678,3.04885721131074,0,0,1,0
1250,61.782222671383,30.31,31.126,0.100314168409149,3.36403780410278,0,1,0,0
1251,62.4512015300435,32.05,14.63,0.212665145124239,3.75491307383237,1,0,0,0
1252,67.7203853011383,13.44,9.428,0.318654786596878,4.34997512236238,0,0,0,1
1253,54.2152641707976,17.02,0.371,0.264438331568269,2.93208215781232,1,0,0,0
1254,61.1735062143679,34.91,14.827,0.182250247357371,3.49849877277584,1,0,0,0
1255,67.2173434229567,28.66,26.009,0.103428677177736,3.50680455152858,0,1,0,0
1256,60.3120447706655,14.2,4.167,0.170487328386918,4.059352339471,1,0,0,0
1257,47.0390952235243,11.53,4.378,0.346389074312347,3.85536814802173,0,0,0,1
1258,62.200307518186,34.27,31.792,0.233219815072585,3.4241065417577,1,0,0,0
1259,51.5057229677478,22.44,13.521,0.180981562922257,2.36780872248837,1,0,0,0
1260,65.2048543485735,5.6,10.357,0.103798060460364,3.33765465709331,0,1,0,0
1261,66.369939504163,21.51,20.105,0.337196016249948,3.25337045471906,0,0,0,1
1262,61.6734427753054,25.77,25.364,0.234743063505985,3.30145110857336,1,0,0,0
1263,59.2362653274112,32.3,24.94,0.196559702882334,3.558225287267,1,0,0,0
1264,48.2517769631359,33.24,44.553,0.211845159599471,2.97277104911841,1,0,0,0
1265,60.6426853690957,15.62,17.36,0.0886387108844736,3.22089419296947,0,1,0,0
1266,67.0686319758025,24.09,10.602,0.23481246145878,3.04704902961299,0,0,1,0
1267,59.4230290834814,24.52,24.698,0.238897580621771,3.38417271452442,1,0,0,0
1268,69.4600633665697,35.25,27.142,0.228253223920424,3.77123937057111,1,0,0,0
1269,64.0884975794566,38.48,9.578,0.339553552790391,3.389962077713,0,0,0,1
1270,60.9025684113502,22.92,3.66,0.241669340666459,3.1112886260989,0,0,1,0
1271,63.0550078247206,30.47,21.863,0.0745045217925603,3.72300187075463,0,1,0,0
1272,76.8075058417997,5.77,21.023,0.0544716691810864,3.89663337783042,0,1,0,0
1273,61.0550460295482,26.81,36.718,0.167842477257391,3.38199036144544,1,0,0,0
1274,51.2490541890666,14.94,5.461,0.362077388673621,3.29250801820734,0,0,0,1
1275,63.7089171547944,30.77,35.037,0.16358040081348,3.42033601330334,1,0,0,0
1276,52.0281548067292,18.14,6.719,0.275988182131341,3.24506510732199,0,0,0,1
1277,72.515511017182,8.47,14.286,0.143495774591913,3.68145477681824,0,0,1,0
1278,61.0355346446194,31.46,44.97,0.187391453300183,2.97345381458893,1,0,0,0
1279,63.0195164501889,6.02,26.293,0.374723070338226,2.55794691632089,0,0,0,1
1280,58.1102490116156,26.65,40.324,0.268988723853918,3.30855033896688,0,0,0,1
1281,55.7944013786304,23.51,43.189,0.103887781022269,3.8075365881246,0,1,0,0
1282,50.8580931931995,31.32,21.66,0.206925156244598,2.82931782945851,1,0,0,0
1283,34.5893525464729,9.23,4.024,0.305813975062092,2.07836559296808,0,0,0,1
1284,59.4609819830955,24.0,11.852,0.159736494686888,3.85570462954312,1,0,0,0
1285,61.948764972054,14.23,11.416,0.114120995421245,3.18440380605733,0,1,0,0
1286,58.4290635840744,8.88,21.518,0.26912823204536,3.39248951396804,0,0,0,1
1287,59.5308325891685,15.36,8.789,0.214703584856034,3.37076746608864,0,0,1,0
1288,60.2592243903578,28.88,42.938,0.319369344895618,3.41493770826219,1,0,0,0
1289,57.6588513282219,21.9,40.097,0.148088624268572,4.07231900408664,0,0,1,0
1290,64.8127676756121,26.94,18.93,0.226602998005495,3.44636055127366,1,0,0,0
1291,43.3137343400734,18.98,9.106,0.345845584145636,3.3300521263039,0,0,0,1
1292,45.4043833347749,8.25,9.556,0.265431484260428,3.53681746178133,0,0,0,1
1293,56.9557395039493,35.87,23.043,0.0667444050661103,3.2788361591238,0,1,0,0
1294,66.2264205153149,10.13,12.548,0.226327565575997,4.15849178240406,0,0,1,0
1295,56.716502360726,5.93,9.904,0.266414405115888,2.86071597881668,0,0,0,1
1296,50.5747180287081,26.35,33.258,0.0987367251206302,3.13564364083375,0,1,0,0
1297,66.3083178533037,39.12,36.938,0.188293802902479,3.49691450481693,1,0,0,0
1298,50.7495265725443,28.87,24.24,0.0534354318394914,3.09738569318726,0,1,0,0
1299,68.8862795078268,7.88,14.953,0.147005451680916,3.66572792109632,0,0,0,1
1300,67.9470888714723,29.71,42.683,0.0661340162334928,3.23864072334896,0,1,0,0
1301,69.4513657158396,19.04,9.628,0.173466815142386,3.34381364003386,0,0,1,0
1302,61.5982391558862,16.77,12.797,0.11295096710495,2.80641425062545,0,0,1,0
1303,64.3493729021967,27.71,26.094,0.207119770992685,3.4586453507031,1,0,0,0
1304,66.6035672485527,36.96,36.695,0.264319234358469,3.85037036839799,1,0,0,0
1305,61.619510047607,22.91,30.935,0.282242942569685,3.13560713744654,0,0,0,1
1306,65.2126821527238,21.74,2.323,0.196736858288235,3.7927293970875,1,0,0,0
1307,61.4906259903206,11.0,8.134,0.0780496160611889,2.86928996819621,0,1,0,0
1308,62.458715011005,5.74,6.591,0.314245493281835,3.7705208403616,0,0,0,1
1309,56.7416814032402,11.4,8.846,0.236543281238703,3.84251391377314,0,0,1,0
1310,58.5317243723883,13.49,22.852,0.288699966434177,3.42401693789202,0,0,0,1
1311,70.9901178375193,12.76,27.75,0.250681936345404,3.78555257812369,0,0,0,1
1312,46.1990295553607,27.23,37.724,0.208446669954337,3.35643558602955,1,0,0,0
1313,61.9200016147922,26.29,30.526,0.18883441442388,3.97545514497481,1,0,0,0
1314,57.4468696779323,3.89,1.804,0.278351981737506,3.73040372183746,0,0,0,1
1315,64.7941151254295,31.02,22.396,0.455623371187128,3.38719994822564,0,0,0,1
1316,63.6833735757792,28.73,30.993,0.211911932078142,3.85807335648204,1,0,0,0
1317,58.7123033421285,29.95,22.76,0.247227093364889,3.52198476976395,0,0,0,1
1318,61.7801992790124,12.43,2.799,0.30978939204722,3.59371497346719,0,0,0,1
1319,60.4135482805744,34.43,27.916,0.221386636928865,2.85383726465154,1,0,0,0
1320,74.5038148008499,37.94,16.44,0.333088198932082,4.3015480037409,0,0,0,1
1321,64.865928340774,8.99,12.141,0.197025991566386,3.78913475125775,1,0,0,0
1322,68.2538183886144,11.9,8.428,0.296156226930816,3.65944676654151,0,0,0,1
1323,73.0204728230146,12.5,20.15,0.214495543642827,4.15658284141807,0,0,1,0
1324,64.9245668308171,35.81,28.719,0.250937197161218,3.68451855870455,0,0,0,1
1325,69.0363356763496,9.33,30.38,0.215935083514773,3.9149379067462,0,0,1,0
1326,62.3457187735563,5.62,9.48,0.35385902123176,3.00657357270425,0,0,0,1
1327,62.5562712378006,41.23,35.186,0.21470217906776,3.96183358909104,0,0,1,0
1328,69.1925797628485,12.86,20.422,0.0802077604723341,3.61614232559594,0,1,0,0
1329,60.0522569838836,23.85,10.734,0.173075657635502,3.41648111820812,0,0,1,0
1330,59.2776658628331,19.81,5.619,0.366167062679558,3.21135545788111,0,0,0,1
1331,70.697156635754,10.5,9.176,0.31315824317028,3.36825680654229,0,0,0,1
1332,64.5170042026155,28.63,20.535,0.0683901175060267,3.57308918923565,0,1,0,0
1333,62.6649086060129,25.43,6.494,0.241418090207946,2.77344255092024,1,0,0,0
1334,61.5247897856341,33.31,38.896,0.170802605634115,3.14105361699324,0,0,1,0
1335,65.429536346928,31.93,22.951,0.187646904709749,3.79385239890746,1,0,0,0
1336,61.3641571675454,17.25,17.128,0.0513213088602198,3.44746448241014,0,1,0,0
1337,58.5571371187153,19.69,7.058,0.0688224853837801,3.77106642898025,0,1,0,0
1338,66.7975376046293,29.47,7.508,0.106976653254667,4.00885139458585,0,1,0,0
1339,67.9051933937272,25.57,33.056,0.0956415627278656,3.57325135484215,0,1,0,0
1340,58.5398248995589,3.18,9.124,0.243321328178828,2.91692186331185,0,0,0,1
1341,67.6650660759698,7.5,30.576,0.158463537315286,3.8595486154093,0,0,1,0
1342,58.8910561671893,5.6,6.709,0.110942844985931,3.67864587815924,0,1,0,0
1343,61.8015685801569,13.22,25.205,0.363584643518661,4.05253071124273,0,0,0,1
1344,72.9850691143853,6.9,29.678,0.339706076851587,3.76173778014443,0,0,0,1
1345,65.8504244657885,24.43,32.669,0.174254321793212,4.31730524269229,0,0,1,0
1346,64.2535041853913,32.31,26.229,0.110160734123649,3.65516145397842,0,1,0,0
1347,63.3409061275385,14.65,6.502,0.154719624219095,3.47014074693402,0,0,1,0
1348,69.5053677505958,11.1,9.207,0.0907358350933018,3.09910844125365,0,1,0,0
1349,62.8665800633503,29.17,32.08,0.218324672756229,3.91596087560354,1,0,0,0
1350,64.260513098368,9.1,25.418,0.207199879487587,3.09396159685458,0,0,1,0
1351,45.480864728246,34.45,44.294,0.267157855338809,3.11737654410112,0,0,0,1
1352,56.8846491708098,32.42,29.95,0.141011530721314,3.77000761959699,1,0,0,0
1353,67.1028348747048,9.23,23.208,0.458933424879656,3.83353381799411,0,0,0,1
1354,55.3077187943241,33.21,44.474,0.197221480925344,3.74235073055916,1,0,0,0
1355,69.121811652804,13.97,6.325,0.212645796546857,3.41326094748416,0,0,1,0
1356,47.5251307762639,23.04,31.098,0.103950601767106,2.8890752568747,0,1,0,0
1357,69.220240842036,14.51,11.411,0.238864539848401,3.66988469722166,1,0,0,0
1358,73.0341969117684,10.01,2.258,0.35045514216029,4.71918384040574,0,0,0,1
1359,66.8924147713201,26.96,38.485,0.186680406012866,3.51047750656423,1,0,0,0
1360,57.7362606347239,32.42,39.694,0.213420817667447,3.53766847820942,1,0,0,0
1361,64.0339222124675,12.57,7.704,0.121330831704233,4.01964565067471,0,1,0,0
1362,64.3011214388043,18.47,19.094,0.321609936365868,3.65494896819295,0,0,0,1
1363,57.3017739386251,23.98,36.857,0.242362091046972,3.76012241563503,0,0,0,1
1364,56.4367877834458,25.37,39.045,0.0852667706538108,3.22073587204018,0,1,0,0
1365,57.6461979944575,27.37,18.204,0.212456624649508,3.09616979250768,0,0,1,0
1366,46.7112579522938,9.19,4.834,0.119979068459066,2.97567305084901,0,1,0,0
1367,47.9526302167694,6.59,2.077,0.25776149734709,3.1277792770727,0,0,0,1
1368,68.0150941478443,29.16,35.23,0.104367589436515,3.64296002085541,0,1,0,0
1369,63.0904346679497,28.67,24.115,0.192978650479304,3.06081381015743,1,0,0,0
1370,68.4579762796243,12.69,15.988,0.183579159036896,3.65058106407283,1,0,0,0
1371,63.6778667294531,20.57,9.907,0.188875522168696,3.29705778246953,1,0,0,0
1372,62.6236122630501,30.41,47.853,0.111212734739934,4.16499013625265,0,1,0,0
1373,64.1957196995532,22.96,13.986,0.17631740886175,4.17243552511551,0,0,1,0
1374,57.7596080309575,8.92,5.026,0.109287999691723,3.39114458248709,0,1,0,0
1375,61.8248226996852,22.52,31.894,0.201692623627488,2.75558683311997,1,0,0,0
1376,60.4628936382407,10.49,21.503,0.141882425846581,2.94387877887762,0,0,1,0
1377,51.1715806308443,30.37,41.407,0.114172026110207,3.01936244421593,0,1,0,0
1378,56.3727715061305,14.56,1.503,0.237062417930914,3.14637598901189,0,0,0,1
1379,48.7697245046072,7.81,3.035,0.356093048967222,3.31920719654809,0,0,0,1
1380,63.5182409641045,28.13,7.461,0.091711402709638,3.38597739734126,0,0,0,1
1381,70.27432557428,24.88,0.44,0.208029702481199,3.91651780240598,1,0,0,0
1382,70.3307622272222,29.31,21.248,0.1016965112125,3.70187569195382,0,1,0,0
1383,63.6663184816349,24.56,23.239,0.0650752608074254,3.48392239226865,0,1,0,0
1384,64.7574775476488,28.68,29.17,0.114296474283316,3.71209660051322,0,1,0,0
1385,63.4795740369364,23.29,4.308,0.130564868343284,3.37791910615022,1,0,0,0
1386,68.9279000764807,29.25,29.821,0.184604177849571,3.77308821114581,0,0,1,0
1387,64.4534255599609,22.7,43.379,0.0801996045085064,3.19755724724032,0,1,0,0
1388,50.1553780059565,15.45,17.697,0.27827060646956,3.19674313595211,0,0,0,1
1389,62.0459487932612,25.07,18.132,0.161633437526661,3.21866044363811,0,0,1,0
1390,63.7594190125846,18.31,25.226,0.192966957238873,3.66417698639005,1,0,0,0
1391,61.1014683182712,11.22,1.113,0.358875967967825,3.98540212302309,0,0,0,1
1392,64.9669967487788,25.13,30.037,0.0798446509531205,3.77740051938864,0,1,0,0
1393,64.1960518071125,24.53,45.069,0.260243021998423,3.92931440373504,1,0,0,0
1394,53.187633777263,39.27,18.954,0.175368326791338,3.38346161006103,1,0,0,0
1395,69.1821964095227,37.32,6.745,0.132281119787135,3.7079257384258,0,1,0,0
1396,62.575450201566,20.71,7.794,0.250409893912249,3.67724729455668,0,0,1,0
1397,59.4766962210358,33.26,40.06,0.203922360904317,3.8606375084861,1,0,0,0
1398,61.4197599581099,34.57,32.433,0.203500910157137,4.38402251351175,1,0,0,0
1399,73.8622606267984,25.82,26.521,0.126551694881743,4.46046648154574,0,1,0,0
1400,61.141241563247,33.84,21.954,0.298834493441549,3.33443351595562,0,0,0,1
1401,56.6514273384222,17.69,11.034,0.109431685548253,2.94347598023186,1,0,0,0
1402,48.3692258047531,26.09,30.738,0.223315019313795,3.4042959529413,1,0,0,0
1403,62.3433711902394,4.22,0.216,0.260794450398822,3.75294657289242,0,0,0,1
1404,48.8658212764162,26.61,31.527,0.0931113054258489,3.31963129845528,0,1,0,0
1405,64.5236863919489,35.22,22.729,0.267570501396884,3.63227854644509,1,0,0,0
1406,64.0531845026899,28.69,30.129,0.216392135244497,4.15019678752104,1,0,0,0
1407,66.6560516414542,12.06,11.317,0.115450583165746,3.85788387140424,0,1,0,0
1408,64.4956768268722,30.12,19.07,0.153251356349971,3.05517098881756,1,0,0,0
1409,62.0169092105352,16.15,19.322,0.108749646820461,3.17599370682199,0,1,0,0
1410,59.6736658721541,17.75,6.951,0.183283569003671,3.5171381785489,0,0,1,0
1411,56.6278517761864,19.0,9.068,0.303967548033056,3.65924857827506,0,0,1,0
1412,66.2107654540374,26.17,21.035,0.154870148859799,3.86635260377747,1,0,0,0
1413,61.6576588370747,17.92,5.039,0.0872785101954116,3.27042859636246,0,1,0,0
1414,69.4260172042342,14.03,12.018,0.169964826369172,3.87987127464057,0,0,1,0
1415,58.4270224237309,9.77,20.616,0.394670388996872,2.83209928382685,0,0,0,1
1416,61.8492317741367,22.56,5.827,0.0946820947209647,2.8665778081077,0,1,0,0
1417,53.7820463808658,13.37,8.526,0.29659942967956,3.6036444032541,0,0,0,1
1418,66.7924886164411,8.7,23.94,0.340513025749255,3.2766898351307,0,0,0,1
1419,68.7618294254038,8.21,15.118,0.0685910847853134,3.60708712208865,0,1,0,0
1420,68.2276000284658,6.23,33.913,0.165919784877798,3.47046797727431,0,0,1,0
1421,72.8241875805567,8.08,16.202,0.313439745619104,4.55904528334308,0,0,0,1
1422,39.832723632371,16.35,9.529,0.307807107536365,2.54039981194616,0,0,0,1
1423,59.1065758792315,10.73,11.102,0.310874748436858,4.30759760456191,0,0,0,1
1424,66.6244852890868,28.6,12.553,0.326787525914138,3.52030339759213,0,0,0,1
1425,65.8614484254595,8.02,1.673,0.271740634838366,3.78037503819794,0,0,0,1
1426,76.8727122709512,5.54,33.34,0.182678726893329,4.22029654765142,0,0,1,0
1427,44.4490380632472,27.01,18.325,0.101559000587995,3.32548713775105,0,1,0,0
1428,64.9247738425555,31.93,16.332,0.19092471897232,3.40528549272684,0,0,1,0
1429,63.8480223872347,36.84,5.292,0.111220547310038,3.88951696739218,0,1,0,0
1430,61.6154748343349,23.78,11.137,0.119689433288956,3.55822306281822,0,1,0,0
1431,46.6030112127073,27.51,41.25,0.127855026462358,2.42907730191603,0,1,0,0
1432,57.8328450386185,15.33,15.081,0.209188813120461,3.50217844165926,0,0,1,0
1433,63.1901022374732,33.97,27.751,0.229223128824344,3.68846805225044,1,0,0,0
1434,68.3410409370435,28.3,16.945,0.0936796511491299,4.18976497246981,0,0,1,0
1435,47.7796965656304,9.65,5.198,0.387497986516481,3.36057519137365,0,0,0,1
1436,61.181467308071,16.06,16.407,0.214668247876367,3.93071874556692,0,0,1,0
1437,52.4449015330489,9.77,3.251,0.223550439162185,2.86181631844345,1,0,0,0
1438,71.8261117991322,35.34,14.171,0.109092508953829,4.36116743739614,0,1,0,0
1439,58.1568489033067,35.19,29.048,0.158740562036301,3.67274764577126,0,0,1,0
1440,67.5251009366481,10.39,32.844,0.392787214412258,3.41008554771297,0,0,0,1
1441,60.7629537844589,13.56,15.663,0.111292385462212,2.78863881656258,0,1,0,0
1442,64.5213832232271,10.92,2.207,0.289376610711428,3.50192456767991,0,0,0,1
1443,60.1341648239756,32.01,31.386,0.23593029138607,3.25155808369808,1,0,0,0
1444,60.7853413054106,31.36,25.241,0.130609035081334,3.29361619745306,1,0,0,0
1445,66.4983033499931,38.4,38.999,0.161000747342161,3.49703966146237,1,0,0,0
1446,69.7387889928896,28.3,42.179,0.226291657579971,3.13327322686498,0,0,1,0
1447,67.1990655856918,12.11,12.79,0.107809330421147,3.47074180775001,0,1,0,0
1448,47.7202245430433,32.13,34.419,0.173535424659092,3.06621413246722,1,0,0,0
1449,60.2713548890315,6.7,4.29,0.283844209925985,3.19199439568289,0,0,0,1
1450,48.2182992082619,32.29,22.049,0.169223983866084,3.34346246663548,1,0,0,0
1451,58.5561703770438,24.49,0.824,0.242933231719313,3.24388351283209,1,0,0,0
1452,66.4183918172274,20.54,49.764,0.192916610695119,3.49244287046466,1,0,0,0
1453,51.9853276757797,28.58,17.692,0.169190732855472,3.38990579275818,1,0,0,0
1454,53.4498415159241,14.48,3.134,0.3145044347247,3.00827425551193,0,0,0,1
1455,62.3528511608846,24.69,16.947,0.18839276385831,3.36759509204496,1,0,0,0
1456,66.9698407105551,35.87,33.147,0.128880869858851,3.64279878502773,0,1,0,0
1457,47.1256022856328,31.49,30.238,0.157572131695535,2.97190280899077,1,0,0,0
1458,64.6553026363473,10.17,6.74,0.169351546833693,3.08360372846879,1,0,0,0
1459,43.1503114470477,35.12,32.973,0.266867138498305,2.59300094847567,1,0,0,0
1460,60.2975508190283,6.57,19.44,0.209148343749643,3.06923991889824,1,0,0,0
1461,65.385248993204,33.31,34.287,0.242090197772166,3.59606207227044,0,0,0,1
1462,60.5251648093722,35.5,31.101,0.0921753473698117,3.71571923800649,0,1,0,0
1463,58.7653047649722,20.54,16.482,0.336136367565303,3.69642226866205,0,0,0,1
1464,67.1471195023279,12.71,11.623,0.0967497751052503,3.96733818275273,0,1,0,0
1465,61.8074135024888,30.53,38.996,0.166008839971875,3.6867178282853,1,0,0,0
1466,57.6148785146337,4.93,8.753,0.174295466515331,3.17545552978753,0,0,1,0
1467,61.7236517473912,4.05,5.06,0.149067621460015,3.7772017163092,0,0,0,1
1468,46.4272618820662,37.03,30.808,0.0784111596901048,3.71507193425571,0,1,0,0
1469,58.810303212576,13.89,15.193,0.234402932555604,3.28237979980321,0,0,1,0
1470,57.7716662699249,16.03,5.051,0.188383183003807,4.16021189397738,0,0,1,0
1471,44.193989229053,8.22,2.073,0.364885198885924,3.19267815033674,0,0,0,1
1472,71.9937005624931,11.11,20.057,0.260476873950486,4.05675950758789,0,0,0,1
1473,62.808143929142,18.76,22.099,0.0985700047847604,3.5462326484531,0,1,0,0
1474,69.9711604488573,6.17,5.164,0.354107032992324,3.59157086113548,0,0,0,1
1475,41.3846828589089,25.72,25.293,0.151734904985901,3.02822569221694,1,0,0,0
1476,56.3738375759843,17.05,8.268,0.148705579711861,2.51744656665657,1,0,0,0
1477,47.1682807033149,32.16,25.208,0.254241056787363,2.7437258650295,1,0,0,0
1478,63.0441778732757,31.64,33.99,0.0934895644773736,3.3559680659589,0,1,0,0
1479,60.3218595092971,14.33,6.9,0.0877435217820002,3.46285970641159,0,1,0,0
1480,57.39507257742,37.74,2.592,0.206334729892438,3.27388922925247,1,0,0,0
1481,67.2684166804291,28.39,8.884,0.372589609573138,3.28508277489013,0,0,0,1
1482,65.2673090095086,19.63,0.212,0.170715624576883,3.71328000469716,1,0,0,0
1483,65.7553247888846,29.62,28.746,0.13722792622839,3.86649858643847,1,0,0,0
1484,55.2901073623676,27.1,24.59,0.0970044361141676,3.93414056153854,0,1,0,0
1485,56.4602276947651,6.48,6.872,0.0910179698891161,3.13185527039739,0,1,0,0
1486,65.4643110898217,11.58,29.267,0.0715244683441359,2.8618098590564,0,1,0,0
1487,37.7180674270193,16.94,4.927,0.249559993555339,3.02822234774246,0,0,0,1
1488,62.5674906828363,24.88,44.942,0.131393023418795,2.87125132819961,1,0,0,0
1489,64.1671300973374,33.61,30.272,0.119679631134681,3.44466011456388,0,1,0,0
1490,67.1647541191429,6.95,20.98,0.315301932129973,3.7692075854623,0,0,0,1
1491,59.1371918426045,21.75,14.602,0.331431606274382,3.28928118408406,0,0,0,1
1492,57.0991846173574,30.37,32.415,0.181179664721933,2.89459496394111,1,0,0,0
1493,58.8559121266083,30.76,37.791,0.118594956879396,3.80870450461625,0,1,0,0
1494,50.7104381273991,36.91,21.241,0.212549220684544,3.73206203661221,1,0,0,0
1495,71.8373490087306,17.99,10.853,0.193513477454398,3.66170568687881,0,0,0,1
1496,61.2679245115249,22.53,4.573,0.212316504125932,3.92254904222689,0,0,1,0
1497,69.9192384677655,10.31,16.473,0.114685839717689,3.59180479952931,0,1,0,0
1498,49.7939752291937,5.5,2.102,0.310177594804534,3.05871692432556,0,0,0,1
1499,65.6561397674821,28.79,22.884,0.416801058569093,3.39994426581795,0,0,0,1
1500,66.9745835553032,11.75,9.775,0.114451263625147,4.08656507247945,0,1,0,0
1501,65.1374856412772,23.77,17.95,0.187606829953627,3.20032440305943,1,0,0,0
1502,59.8834029358731,18.06,13.942,0.108449731397928,3.58152891343025,0,1,0,0
1503,62.9010015361521,18.78,18.177,0.35144612887093,4.07266221082889,0,0,0,1
1504,70.903117013568,13.52,22.967,0.298908688452109,3.60692094084511,0,0,0,1
1505,69.2232754683307,18.99,17.392,0.0684675028727493,4.36377532300906,0,1,0,0
1506,59.3524994891948,14.59,18.336,0.0943704124180861,3.64528698230302,0,1,0,0
1507,62.2399354470203,16.42,0.787,0.274971313692545,3.72917275557086,1,0,0,0
1508,70.6794700324382,7.79,32.622,0.110717495992142,3.77112402616962,0,1,0,0
1509,67.8821648976997,33.82,38.206,0.156079170837794,3.67030615607212,1,0,0,0
1510,50.0456662896682,11.52,4.751,0.253759064254583,3.34394951833346,0,0,0,1
1511,53.3147666827158,34.92,30.886,0.101424033021589,3.48270582476435,0,1,0,0
1512,55.0153938608398,23.92,3.7,0.342109993660062,3.43899015922682,0,0,0,1
1513,62.1075627352562,16.86,15.123,0.282452946475297,3.45219393894156,0,0,1,0
1514,65.9318459740075,17.18,34.826,0.207498305652504,3.48059300461497,1,0,0,0
1515,50.7604683542995,33.95,22.649,0.308992039915008,2.76040303523246,0,0,0,1
1516,64.3442966833267,35.96,19.235,0.315910247774968,3.46666668455939,0,0,0,1
1517,62.8099741455364,7.87,8.847,0.111965927688188,3.61976494402775,0,1,0,0
1518,61.3471216333752,4.12,3.722,0.311425132869977,3.52281402424611,0,0,0,1
1519,65.7407371167304,31.69,22.754,0.232278375441624,3.77604704439281,0,0,1,0
1520,64.4317529444079,35.23,31.458,0.210024251219601,3.41184886940404,1,0,0,0
1521,61.4666354979183,8.15,32.683,0.149580662532314,2.73259867056999,0,1,0,0
1522,61.5933812821082,35.54,50.577,0.0724531123913209,3.54394904503974,0,1,0,0
1523,45.8619675064745,27.38,28.448,0.270035470006989,3.02320541075909,1,0,0,0
1524,66.2381050971693,31.94,23.722,0.195194662731617,3.47781897675436,1,0,0,0
1525,59.2516454962891,31.15,14.471,0.0773828880096831,3.28080304414581,0,1,0,0
1526,64.8126570326736,22.19,19.842,0.273692783450631,3.61984620478464,0,0,0,1
1527,64.344815816136,19.19,7.264,0.258649374357669,3.23215547972922,0,0,0,1
1528,58.5661255578659,22.67,7.132,0.197679478500729,3.33567284811023,1,0,0,0
1529,65.5395628341844,26.4,32.77,0.245281035914968,3.76665979714024,1,0,0,0
1530,65.7551757722808,10.28,24.984,0.112704589526323,3.42752253171643,0,1,0,0
1531,65.5116273753752,19.5,3.605,0.199568407234597,3.90034063380289,1,0,0,0
1532,44.9125947059266,36.5,32.6,0.198183836950974,2.66801450860217,1,0,0,0
1533,68.6638195712826,17.5,6.09,0.100137068309996,4.07220630369098,0,1,0,0
1534,65.3437570057174,19.14,2.114,0.194920651064154,3.84172522218713,0,0,1,0
1535,67.0545759174439,19.35,13.571,0.270086935023225,3.42432617812867,0,0,1,0
1536,63.9893688998307,10.35,16.407,0.223480503633311,3.77907479185287,0,0,1,0
1537,59.0714548601296,4.95,0.232,0.337984775519028,3.7313226602413,0,0,0,1
1538,59.9186576286705,11.53,14.405,0.36395964779489,3.92912890804389,0,0,0,1
1539,58.940009209061,32.04,36.396,0.129872421640816,3.95211002549936,0,1,0,0
1540,45.9594524567879,35.98,26.128,0.259397080542543,2.82189763988752,0,0,0,1
1541,71.6212107276967,8.64,24.304,0.437603925365076,3.15317695077209,0,0,0,1
1542,62.5501301603093,35.88,20.227,0.079312432828025,3.07956075271564,0,1,0,0
1543,54.5089793331515,22.89,41.557,0.236046813747611,2.71352908239406,0,0,0,1
1544,45.3303562375631,37.99,41.925,0.245003928455818,2.53624028205162,1,0,0,0
1545,65.9729382982123,6.17,34.947,0.18437922975795,3.69259195027802,0,0,1,0
1546,64.1101915406496,11.45,3.999,0.210673476185757,3.43991553416713,1,0,0,0
1547,65.4382444771309,26.46,37.877,0.16564835306047,4.26701157254566,1,0,0,0
1548,48.910640962917,18.3,6.918,0.0998476152665183,2.90222802402044,0,1,0,0
1549,54.3635437864253,7.41,5.073,0.311177144126204,3.65288460044947,0,0,0,1
1550,46.7787877031054,5.63,4.175,0.352662830101269,2.8838276139216,0,0,0,1
1551,55.1683835441624,25.35,8.077,0.17577403564921,3.38013330522082,1,0,0,0
1552,70.7684212411439,9.55,2.785,0.189555909999468,4.16801568018905,1,0,0,0
1553,65.4101767363787,31.71,11.327,0.0980078212345787,3.59247397004618,0,1,0,0
1554,53.8294626711064,3.98,0.716,0.248685335068139,3.40202685420043,0,0,0,1
1555,65.9629961196008,26.96,32.607,0.251798921641946,4.09945924228738,1,0,0,0
1556,64.8076642630126,31.57,24.606,0.12250660568237,3.34260916302237,0,1,0,0
1557,56.185100940861,25.1,31.626,0.232428661124529,2.95793375826002,1,0,0,0
1558,48.1078740969394,22.48,41.167,0.168734098947846,3.70837923956441,1,0,0,0
1559,65.7248544672306,9.95,25.769,0.093874711887495,3.25344143917844,0,1,0,0
1560,47.8799817143016,11.88,1.288,0.268221399221561,3.24403590213021,0,0,0,1
1561,60.1399815946627,20.29,13.436,0.259164745912202,3.24051003617534,1,0,0,0
1562,67.1458064526591,6.75,14.688,0.223641952363681,3.81045825919957,1,0,0,0
1563,63.5205280954045,13.43,30.547,0.243629208072077,3.28204410895816,1,0,0,0
1564,76.0125974233602,13.28,24.566,0.441654476013361,3.5706732596851,0,0,0,1
1565,67.6641785602719,43.92,23.087,0.178819014130531,3.92563512573758,1,0,0,0
1566,48.6489688936757,27.15,22.718,0.350796208462882,3.21695589655081,0,0,0,1
1567,74.7593015287762,5.24,17.512,0.108517567729591,3.68006073408826,0,1,0,0
1568,64.6001768653589,36.76,26.294,0.189853792704673,3.57728275905776,1,0,0,0
1569,68.5326517361185,10.13,14.286,0.127538682824175,4.06585595592579,0,0,0,1
1570,69.8145380963037,11.14,17.793,0.102728221717738,3.74564092053634,0,1,0,0
1571,72.100104217424,14.84,9.759,0.250401706221405,3.74745922939223,0,0,1,0
1572,59.587729478034,22.05,1.956,0.160889417378845,3.05975663211401,1,0,0,0
1573,52.5697344005955,32.5,17.423,0.19847503165948,3.36571312848135,1,0,0,0
1574,65.2153060620461,9.07,9.39,0.294658592210638,3.66374116233687,0,0,0,1
1575,70.2689974870632,6.25,23.567,0.194921412660532,3.73329159886571,0,0,1,0
1576,69.3800835001473,8.16,16.458,0.10815954285637,3.60402466399685,0,1,0,0
1577,53.0339668382322,20.19,24.29,0.231744096599868,2.35268057467057,1,0,0,0
1578,62.0307993774413,37.09,28.039,0.0945653978876778,3.54436843818908,0,1,0,0
1579,46.6234721893407,24.27,24.19,0.232004553653497,3.47970275405657,1,0,0,0
1580,67.9671005086599,24.11,22.673,0.0901071353596683,4.00000391445082,0,1,0,0
1581,53.577476923157,29.78,44.872,0.126952888756089,3.60425803238087,0,1,0,0
1582,55.101552124179,9.22,2.714,0.307558467106492,3.84567339253759,0,0,0,1
1583,60.0998362055704,22.87,13.388,0.115382263281543,3.33649545899868,0,1,0,0
1584,62.0172376677775,33.84,30.227,0.235359020000637,4.01614347659676,1,0,0,0
1585,69.5777031529062,6.79,23.576,0.0754805427752985,3.1193050194046,0,1,0,0
1586,54.0630050582721,23.01,12.942,0.121442393706532,2.9530881218657,0,1,0,0
1587,60.803739310117,30.95,37.183,0.232938912276305,3.27638182025796,0,0,1,0
1588,56.592982759151,28.49,42.201,0.236802437678415,3.94164647337559,1,0,0,0
1589,65.2999377192964,15.85,0.508,0.257293528184557,3.22548673139559,0,0,1,0
1590,69.2345343848904,21.56,11.553,0.163465329255743,3.77322870160968,0,0,1,0
1591,63.3787226185975,12.29,8.783,0.276069052361617,3.9469091164138,0,0,0,1
1592,60.8190759448938,21.61,28.156,0.168458665885968,4.25030137348566,1,0,0,0
1593,51.2583540774649,8.84,6.911,0.275386151484656,3.1397417240647,0,0,0,1
1594,66.1653617371826,36.93,24.847,0.23495383966636,4.23611989430982,0,0,0,1
1595,65.4952025652979,40.8,35.378,0.14202337941507,3.20291062721858,0,0,1,0
1596,57.6043477260462,13.28,20.552,0.230610878892732,3.31310094248895,1,0,0,0
1597,42.1934932367671,31.14,39.716,0.0863966245102242,3.51358484410828,0,1,0,0
1598,70.0883537257822,7.73,34.188,0.244325741574958,3.67092774994857,0,0,1,0
1599,63.1616892677655,34.37,19.296,0.110152182713093,3.4259920294754,0,1,0,0
1600,54.4970057834571,33.27,19.814,0.0840417258872687,3.35232375568002,0,1,0,0
1601,74.4770430695315,12.75,8.722,0.11600196377306,4.15044157913268,0,1,0,0
1602,61.9876145396668,6.74,2.985,0.228114765275863,3.34234967588102,0,0,0,1
1603,48.6268149661023,10.95,8.917,0.386166694109608,3.11136992301559,0,0,0,1
1604,69.6666664186911,8.89,9.964,0.295486016942082,3.39557234003965,0,0,0,1
1605,60.8686117407255,30.29,4.974,0.12264017462323,3.03170916051352,0,1,0,0
1606,63.6620858959374,27.44,31.117,0.221934213905446,3.33590632154601,1,0,0,0
1607,63.8990104998678,27.66,11.706,0.204332123462152,3.46583646003302,0,0,1,0
1608,64.9400170652731,14.74,10.014,0.149631126882677,3.20906784685502,0,0,1,0
1609,65.4961182011818,14.82,19.969,0.161617093536633,3.06606517422083,1,0,0,0
1610,70.1146907815613,26.63,25.205,0.21483731671058,3.5945007138595,1,0,0,0
1611,65.5663490842507,14.21,21.414,0.181738239171339,3.70455418202934,0,0,1,0
1612,67.3253283859625,28.15,25.766,0.189474338326713,3.4720950401046,1,0,0,0
1613,55.676050488235,26.23,22.995,0.187467772207402,3.24986779526614,1,0,0,0
1614,62.2223100612789,16.14,14.075,0.32877349200314,4.14044532018806,0,0,0,1
1615,70.097901622325,19.69,31.411,0.0979409159118702,3.77623192724052,0,1,0,0
1616,64.1977426966646,10.31,8.998,0.230963706170982,3.8726568317407,0,0,0,1
1617,65.2769673092235,5.82,24.899,0.214702891830532,3.2994532104194,0,0,1,0
1618,46.443670067946,27.98,45.975,0.19805785265804,2.95584619611515,0,0,1,0
1619,61.8074614994947,26.25,15.449,0.18333561690448,2.77314324465196,0,0,1,0
1620,74.4048922718151,12.96,29.352,0.068060109639007,3.88303629501011,0,1,0,0
1621,48.073114532796,29.12,31.369,0.377279992589359,3.64320070515377,0,0,0,1
1622,66.6277516117056,7.05,24.929,0.188121575434741,3.37616203307653,1,0,0,0
1623,63.7249306870976,36.46,27.244,0.0454431823855226,4.03382038355033,0,1,0,0
1624,67.8635803617668,10.12,21.672,0.276863181605495,3.88328196371768,0,0,0,1
1625,64.0150823775824,18.27,17.323,0.275563744374813,3.69985151685934,1,0,0,0
1626,43.1255425018696,37.01,39.454,0.170877375172189,3.88088564074876,1,0,0,0
1627,57.9971601268522,8.05,6.656,0.234178788172862,3.7214707678724,0,0,0,1
1628,59.5851829460815,11.74,10.682,0.101982520383081,2.9689737627897,0,1,0,0
1629,50.0369089966289,27.46,38.766,0.157162146777768,3.01279108622463,1,0,0,0
1630,55.4801678916136,19.78,7.882,0.196831600407834,3.32480261245709,0,0,1,0
1631,44.8241432506442,32.29,26.825,0.171264450763326,3.04293509264941,1,0,0,0
1632,46.0301929820094,30.22,32.929,0.113466291081441,2.44841193718753,0,1,0,0
1633,70.0490069720209,24.71,16.535,0.0928297842001887,3.35608838105661,0,1,0,0
1634,48.3822432566967,32.81,28.875,0.0955808971001315,3.34711107669692,0,1,0,0
1635,59.6356794179504,16.83,0.847,0.186370609344411,3.33713859331804,0,0,1,0
1636,58.9587348923032,23.7,13.353,0.242720348472096,3.80343719645383,0,0,1,0
1637,64.989523965431,26.5,17.786,0.209662921348352,3.44699779915949,1,0,0,0
1638,62.3805137099091,9.65,21.249,0.113437107117689,3.22187659309269,0,1,0,0
1639,62.6080322715451,20.33,1.551,0.131623689226684,3.51520936157501,1,0,0,0
1640,51.3309940097656,35.28,35.059,0.20778864349323,3.17621670394596,1,0,0,0
1641,64.6724576455626,5.36,4.861,0.0973470643586341,3.35008564176993,0,1,0,0
1642,66.9342554313291,32.61,31.834,0.269470986810215,3.96671264588015,1,0,0,0
1643,56.8704428103376,32.38,15.428,0.245199234268266,2.76998697173439,0,0,0,1
1644,63.3964449643038,8.65,34.633,0.122780333088345,3.69984302040548,0,1,0,0
1645,62.7673120019799,14.59,21.649,0.138496652584831,3.51812853038562,0,0,1,0
1646,59.4292794914685,20.81,36.555,0.0730191862442165,3.32088008477428,0,1,0,0
1647,57.3447518981829,15.61,13.944,0.0936145947002005,3.27039236674079,0,1,0,0
1648,61.0731066348597,13.69,6.143,0.227550812048639,3.41256976487793,0,0,0,1
1649,62.8514030753137,6.12,3.724,0.380619698110899,3.39169550841536,0,0,0,1
1650,54.9117787752358,20.29,12.467,0.165243738257963,3.96293715646164,0,0,1,0
1651,65.0942444721517,23.58,19.911,0.216057673952166,3.74433845374745,1,0,0,0
1652,70.3623372301789,11.41,12.703,0.187930772167945,3.79637235003462,0,0,1,0
1653,66.6594508217981,12.28,13.679,0.119560067341504,3.31209171001181,0,1,0,0
1654,62.8908093437232,29.45,22.756,0.209207372670948,3.48880436125291,1,0,0,0
1655,70.164499936443,26.63,26.821,0.267087091461865,3.57713633846375,1,0,0,0
1656,65.3830515321144,25.69,16.997,0.235757286736947,4.40305105604858,0,0,1,0
1657,46.5752358329226,3.49,0.513,0.204803662582061,2.95942663161593,0,0,0,1
1658,42.9742340075977,5.7,8.335,0.246143475443227,2.79493944590116,0,0,0,1
1659,61.3072306194038,9.91,0.263,0.185680156092574,3.96939770529121,1,0,0,0
1660,58.6118396953345,8.31,10.439,0.117330104784992,3.77271990626207,0,1,0,0
1661,48.5158775982379,17.95,1.06,0.140768445737023,3.0908682813313,1,0,0,0
1662,70.8553682035981,5.69,12.526,0.0833699983151638,3.3986900354269,0,1,0,0
1663,65.8306534417436,35.61,26.276,0.226513916402366,3.12273428246313,1,0,0,0
1664,52.2604136433763,26.98,32.485,0.21121308287311,3.05575479984142,1,0,0,0
1665,64.2055489325758,31.25,18.254,0.224460277418481,3.23773494661518,1,0,0,0
1666,50.3094599201981,26.42,13.865,0.194246735066507,3.00651854807116,1,0,0,0
1667,43.4107050382727,29.24,45.314,0.226162948074298,3.0587957556386,1,0,0,0
1668,56.6240853467429,25.49,3.74,0.084066106545345,2.44534738269219,0,1,0,0
1669,68.8085755840549,31.14,26.875,0.173751286604653,3.3886642435336,1,0,0,0
1670,60.7595228238674,29.69,14.041,0.112913462129955,3.4106520136046,0,1,0,0
1671,44.7760187692171,33.31,28.998,0.224274785544167,2.98578801544277,1,0,0,0
1672,60.7466864341955,7.37,4.453,0.258142022901856,3.55791570300828,0,0,0,1
1673,66.8961260915951,12.64,33.448,0.392055722886065,3.6903977514224,0,0,0,1
1674,63.6058572020258,7.52,22.256,0.0752186642446931,3.46791912566828,0,1,0,0
1675,70.193211148733,13.75,16.68,0.302836869506261,3.49987365282841,0,0,0,1
1676,48.0785018498675,24.4,30.225,0.200257414855417,2.91074831857346,1,0,0,0
1677,49.5024494952971,10.41,6.111,0.340606251890105,3.3768010722254,0,0,0,1
1678,37.4832087660605,4.07,3.883,0.316202758283502,2.76939637790663,0,0,0,1
1679,62.4556142358976,19.49,13.705,0.0733201009596357,4.0784181432461,0,1,0,0
1680,69.508740396191,19.08,2.022,0.225259378622721,3.5710940297651,1,0,0,0
1681,43.7280250911152,28.41,12.542,0.330938736200418,2.80029971428917,0,0,0,1
1682,63.1860246517566,30.56,36.986,0.300881145548254,3.56974721516707,1,0,0,0
1683,62.2872735216191,38.49,34.871,0.22891147144882,2.6119248806334,1,0,0,0
1684,57.7837280380629,11.9,12.782,0.326872817417223,3.46512376367076,0,0,0,1
1685,71.3520262877539,10.86,33.653,0.107499667688705,2.90600340490809,0,1,0,0
1686,68.4519610659882,11.29,23.986,0.0830444567933137,4.24255107290385,0,1,0,0
1687,41.1441889399955,23.79,34.548,0.173591998692024,3.07812295944251,1,0,0,0
1688,46.6591862047373,32.51,36.282,0.219607140468873,2.02926357425844,0,0,1,0
1689,67.3746999163079,9.69,30.15,0.0706907821734994,3.99763975818141,0,1,0,0
1690,48.7469726584402,13.92,0.434,0.383452052840462,3.34341150395899,0,0,0,1
1691,64.0196284339988,21.77,15.255,0.205190912593092,3.65085892602512,1,0,0,0
1692,61.8765976808247,33.65,22.821,0.194346495314084,3.43254895371503,1,0,0,0
1693,60.242478363975,38.25,46.814,0.100672685755526,3.70097278746458,0,1,0,0
1694,62.5833091333381,13.81,19.649,0.176783698838545,3.83147408725123,1,0,0,0
1695,63.0368003239917,13.68,19.552,0.24522240480343,3.72361932612946,0,0,1,0
1696,71.8069086660195,29.68,8.589,0.362623263172342,3.33753887091468,0,0,0,1
1697,57.9314298076434,17.39,9.591,0.122200026227282,3.59639687518316,0,1,0,0
1698,68.6316999973387,22.18,42.321,0.204116865106289,3.92480483155864,0,0,0,1
1699,60.5943609064006,27.56,48.075,0.170596602746924,3.16269959940208,1,0,0,0
1700,65.5441108752666,31.08,28.415,0.214370072263644,3.6381901151614,1,0,0,0
1701,64.7897375130371,31.88,36.455,0.225171144802666,3.1900839226213,1,0,0,0
1702,45.4264500958043,28.59,27.838,0.200903264432459,3.6237367540673,1,0,0,0
1703,54.92151579611,18.26,12.539,0.0801268563295967,3.43138395524223,0,1,0,0
1704,60.40050396096,25.15,52.511,0.111280950381938,3.24064281861447,0,1,0,0
1705,65.0604485763456,24.12,28.706,0.133706088248056,3.97349985287758,1,0,0,0
1706,45.2279249647992,32.62,33.114,0.321971053473838,2.89336221389534,0,0,0,1
1707,60.2848354057943,32.06,35.902,0.285376105947538,3.04258043936377,1,0,0,0
1708,70.9590654841924,11.46,10.01,0.0732919254822832,3.33727214182236,0,1,0,0
1709,46.8831781073622,30.35,31.818,0.139212024000749,3.1249101227553,1,0,0,0
1710,71.4765607501718,28.54,17.184,0.0917175975113653,3.97875763067331,0,1,0,0
1711,63.2365528518062,7.18,13.283,0.232432336641891,3.81257562325044,0,0,1,0
1712,62.4093982657837,27.5,23.297,0.203040051624976,4.2549436251801,1,0,0,0
1713,43.0413607713977,13.39,8.413,0.125026521782381,2.93499895153725,0,1,0,0
1714,62.0339517704519,34.76,42.733,0.232578486620096,3.42509521857245,1,0,0,0
1715,65.193345097972,29.0,26.95,0.112351580655966,3.72722127535499,0,1,0,0
1716,55.7164959956009,30.0,24.504,0.0843244003470337,3.15425943430273,0,1,0,0
1717,56.4820277911788,16.4,12.883,0.215576521676038,3.70074648859131,1,0,0,0
1718,67.3508242488453,35.19,23.259,0.113839280538335,4.03841941210228,0,1,0,0
1719,65.2897541477403,26.15,0.457,0.227455410182267,3.55092732821304,1,0,0,0
1720,46.7738686210812,31.63,28.568,0.207835625708203,3.11677980075136,1,0,0,0
1721,60.5907735883572,12.16,15.076,0.251825330408639,3.44635835123745,0,0,1,0
1722,73.927195011278,6.91,7.556,0.241567755369705,3.55401823303557,0,0,0,1
1723,51.4629791040842,43.98,31.387,0.0906482622699373,3.27897640670618,0,1,0,0
1724,56.5436590277519,34.96,30.22,0.136760548840226,3.49168561664311,1,0,0,0
1725,66.7223039749302,5.7,23.049,0.379863174374762,3.82563371452292,0,0,0,1
1726,63.0995877102274,32.94,38.602,0.221999766326682,3.20278466933139,1,0,0,0
1727,59.9910850251885,17.17,2.196,0.33513723539,3.90613841476157,0,0,0,1
1728,46.6469897544708,30.28,28.384,0.366358197312404,3.21436932796455,0,0,0,1
1729,65.085815379942,37.42,24.617,0.10115863243409,2.87901600603409,0,1,0,0
1730,63.4103331253235,26.01,11.653,0.11343275562759,3.74483213861517,0,1,0,0
1731,66.2382649186784,10.66,11.71,0.123958180130061,3.68433046595894,0,1,0,0
1732,61.7047798928293,23.12,1.674,0.416746260302282,3.66234336571453,0,0,0,1
1733,42.2485084397543,23.58,52.104,0.0744775020947956,2.54827699992796,0,1,0,0
1734,63.2593019712189,23.87,19.883,0.192374106801591,3.29187568606877,1,0,0,0
1735,59.0330593463992,31.46,32.293,0.212367953993148,3.86703720699001,1,0,0,0
1736,49.0727978284078,25.92,38.005,0.181006027374922,3.09249450509287,1,0,0,0
1737,65.7409116497138,26.01,13.908,0.248853824394473,2.70790139303962,0,0,1,0
1738,61.4035934594831,31.25,25.757,0.0944230233793634,3.12482944323768,0,1,0,0
1739,62.3979505471629,22.08,9.631,0.183610134606385,3.21654621348257,1,0,0,0
1740,66.9052959583041,20.89,10.061,0.0862594115228294,3.77028531517888,0,1,0,0
1741,61.3124953244939,14.47,11.343,0.108362848041275,3.91897922592626,0,1,0,0
1742,66.0696256147318,26.46,21.582,0.152219367273205,3.31805611502528,0,0,1,0
1743,60.1822338817594,21.74,7.203,0.239040491432363,3.24607028261786,1,0,0,0
1744,56.3752920366651,28.57,23.776,0.0925852527508124,3.26272114040559,0,1,0,0
1745,61.8718535025196,16.05,8.674,0.180254294850266,3.76728014734923,1,0,0,0
1746,61.7022383161278,31.0,2.659,0.257181377488925,3.3324186392964,0,0,0,1
1747,59.1147209550595,5.95,6.397,0.2642190117764,2.93157570374597,0,0,0,1
1748,58.6795319152894,41.57,28.649,0.190045509582537,3.33005585268678,1,0,0,0
1749,45.6130741578729,33.9,16.427,0.453751260718792,3.02844518560387,0,0,0,1
1750,56.1093269678727,30.08,33.015,0.266763450195755,2.98008281393584,1,0,0,0
1751,50.3375465949341,5.21,7.714,0.156503825809003,2.68822185250217,1,0,0,0
1752,64.2042209714799,14.99,34.109,0.182611468916135,3.35060206000488,0,0,1,0
1753,46.9166568691845,31.14,38.355,0.176654207264609,3.24934309280132,1,0,0,0
1754,34.1319023500248,32.12,44.131,0.149239518542655,2.52990144565542,1,0,0,0
1755,63.5264952550237,17.68,15.37,0.0893075012514271,3.51314622320415,0,1,0,0
1756,53.5101530871122,5.39,5.565,0.257063438410153,3.30190627553685,0,0,0,1
1757,55.2935724338293,17.62,9.642,0.160834685531303,3.2980630621144,1,0,0,0
1758,62.4832929261734,12.51,1.202,0.151553461404283,3.76775737775581,1,0,0,0
1759,57.2765077214111,15.53,2.718,0.321953617688718,3.37949428300131,0,0,0,1
1760,62.9679166580241,18.48,39.556,0.0820565006241782,3.46449415642289,0,1,0,0
1761,41.3045178873311,6.04,9.447,0.300565212421846,2.69519499925812,0,0,0,1
1762,61.3818067544458,7.03,27.598,0.0950179572907354,3.4823583187004,0,1,0,0
1763,58.2919506967745,21.69,12.617,0.106115394843262,2.78114404738386,0,1,0,0
1764,47.3836658291611,27.12,25.052,0.180108167997333,3.05770225050553,1,0,0,0
1765,57.7547936242389,19.17,5.734,0.187994856983901,2.7941589075314,0,0,1,0
1766,55.8511428283404,4.56,7.798,0.239218163307298,3.41538598330391,0,0,0,1
1767,56.2227089053614,4.04,4.597,0.273228596239039,3.3844892589751,0,0,0,1
1768,57.5079487658825,18.24,0.371,0.11310993252824,3.5750540466174,0,1,0,0
1769,47.321836998906,28.56,35.163,0.0779307769053663,3.48771423070989,0,1,0,0
1770,56.5434685895981,8.4,8.572,0.198922341261705,3.21655602494538,0,0,0,1
1771,61.1842968916634,29.53,41.147,0.173191122431553,3.59283636389843,1,0,0,0
1772,64.2045513553926,11.78,18.493,0.103635045119424,3.53178437417763,0,1,0,0
1773,71.4205179161488,14.9,13.902,0.0860965705909194,3.53769745547807,0,1,0,0
1774,38.3826542060585,25.65,38.762,0.220825430094769,2.78696324871421,0,0,0,1
1775,49.1870875847254,32.25,39.307,0.220216309090967,3.004416086844,1,0,0,0
1776,60.7273023322561,13.29,17.733,0.07978087125626,4.01954418983654,0,1,0,0
1777,63.2799089380989,6.55,7.394,0.269241526810526,3.44453080304701,0,0,0,1
1778,62.6774864687742,23.88,1.024,0.268675390665401,3.09751208921917,1,0,0,0
1779,66.43117538669,23.18,3.747,0.236577818955269,3.17243392165287,0,0,0,1
1780,54.0038501913817,28.35,28.526,0.204422619053619,3.83547378418087,0,0,1,0
1781,64.3331654739571,22.68,25.902,0.0954987106978441,4.28252890488946,0,1,0,0
1782,49.8400916377402,6.43,3.526,0.363392317402823,3.25885448203401,0,0,0,1
1783,58.8544289722757,17.85,17.387,0.29746430540475,3.27488187680335,1,0,0,0
1784,44.8874524317913,28.25,30.534,0.18433193897543,2.96728939302826,1,0,0,0
1785,69.6596149795648,8.15,5.561,0.309687607283182,3.97597042808512,0,0,0,1
1786,46.9366429903658,32.12,41.339,0.223801099029183,3.367206698342,0,0,1,0
1787,61.2952239079188,33.35,26.102,0.0928561389479736,3.44103976098374,0,1,0,0
1788,46.8329870897477,5.07,0.575,0.0959627366496433,2.97714091298649,0,1,0,0
1789,70.6152041991592,11.77,14.553,0.0914083436450711,4.27624755745408,0,1,0,0
1790,50.8559881446399,4.66,5.864,0.215702647892155,2.85654391242878,0,0,0,1
1791,51.8856304251769,30.11,19.081,0.212021108723874,3.46994272602898,1,0,0,0
1792,69.1707190848092,12.65,26.222,0.197048272433808,3.73360120807464,0,0,1,0
1793,72.7615935310238,11.53,10.539,0.328009002479645,3.65662056693776,0,0,0,1
1794,61.8984356110899,35.77,35.41,0.204026689148142,3.81115332480688,1,0,0,0
1795,69.3002630745113,12.66,24.452,0.08568034656884,3.64622261949756,0,1,0,0
1796,66.2536984025402,14.26,15.855,0.141632590207443,3.55858665149191,0,0,1,0
1797,70.3817869836719,24.56,13.478,0.293444383644793,3.2055308488529,0,0,0,1
1798,60.7556315894385,13.81,2.43,0.251438090079772,3.66050654995036,1,0,0,0
1799,64.4844993859507,19.6,17.655,0.230158435048805,4.11659624701419,0,0,1,0
1800,43.1658393261918,21.03,30.033,0.144237030278163,2.97169818634938,0,0,1,0
1801,60.3728449863042,32.75,13.24,0.378961790415833,3.3215350065877,0,0,0,1
1802,62.9991316400704,20.5,2.716,0.151907489987104,3.95675168773849,0,0,1,0
1803,64.5092094922877,26.53,18.327,0.153348762434417,3.77493435618203,1,0,0,0
1804,67.8928078309841,29.68,10.176,0.210449533002064,3.72795969197163,0,0,1,0
1805,59.1940421894778,24.54,20.435,0.215482621406558,3.60926150790747,1,0,0,0
1806,70.5781140421664,33.87,24.357,0.249173141802859,4.51638262721272,0,0,0,1
1807,64.9540185210301,14.46,7.672,0.103499845320985,4.14973106167145,0,1,0,0
1808,63.378674102606,32.98,20.757,0.132958544662378,3.80059774593145,0,1,0,0
1809,66.7653096937017,5.99,34.336,0.219137503668944,2.88111133391817,1,0,0,0
1810,57.8322568023523,12.13,12.439,0.228838820909393,2.91209729761988,1,0,0,0
1811,68.4871451019389,34.67,34.527,0.22047706942571,4.21197924994045,1,0,0,0
1812,69.1895617126947,9.3,17.037,0.316699739715196,3.80252236865071,0,0,0,1
1813,53.2678295348674,27.67,19.427,0.213191684784527,3.39737463147001,1,0,0,0
1814,43.1405250045223,5.76,5.34,0.277589504964959,2.82215027546879,0,0,0,1
1815,57.9168009624391,29.85,13.805,0.25905542310911,3.53334765709448,1,0,0,0
1816,66.8977171425976,6.52,0.319,0.208028685864551,3.78456652558833,0,0,1,0
1817,58.2638181106751,20.15,0.964,0.104583594898718,2.85595031192199,0,1,0,0
1818,56.6615103869901,30.49,34.181,0.110155222542969,3.41202119778701,0,1,0,0
1819,60.6990490267309,30.27,25.543,0.104913437946275,3.7978480074443,0,1,0,0
1820,49.8728397574603,4.51,5.238,0.32804293569378,2.74667607895036,0,0,0,1
1821,35.4331775121117,4.69,4.963,0.376354457902756,3.01832854656923,0,0,0,1
1822,56.7502380707551,5.29,0.669,0.262260053773739,3.74279309327709,0,0,0,1
1823,60.6126547709617,26.96,12.083,0.207051653800373,3.46233137174733,1,0,0,0
1824,46.1878262478422,29.5,29.534,0.0851162991140753,2.52587683478256,0,1,0,0
1825,69.2353408374292,10.15,13.209,0.241805080283642,3.98900981582664,0,0,1,0
1826,52.7066009885097,30.29,37.093,0.262287127841275,2.9570534524778,0,0,1,0
1827,62.1705256811783,38.67,37.812,0.198721943493308,3.07902613754612,1,0,0,0
1828,66.9897564866674,24.89,18.611,0.182706710697026,3.50751424666447,0,0,1,0
1829,64.5394116222664,10.44,33.681,0.0959958345600545,3.16080935659806,0,1,0,0
1830,58.0829929237005,11.62,8.397,0.442445482176962,3.23541158797468,0,0,0,1
1831,44.267925848548,39.22,23.662,0.317860147388065,3.53327126094429,0,0,0,1
1832,58.5624757219897,5.5,9.672,0.222364752873327,3.67824321083899,0,0,0,1
1833,49.5377242239286,38.88,23.217,0.192647154588932,3.11872823150251,0,0,0,1
1834,68.4575571479055,21.78,14.53,0.251365833941448,3.72067471870943,1,0,0,0
1835,56.6864021423678,20.21,17.03,0.121803418901636,3.4010491320957,0,1,0,0
1836,61.6977610306486,38.69,33.054,0.0954076286726979,3.07377456823036,0,1,0,0
1837,46.2594121568649,29.02,18.297,0.197493491148107,3.38730771154698,1,0,0,0
1838,65.2755691427838,29.0,27.608,0.121865749933786,3.14261446694024,0,1,0,0
1839,52.6023047406091,5.14,9.375,0.090935777200042,2.83374873343708,0,1,0,0
1840,60.0194240145025,13.11,17.593,0.201839683468486,3.68495600504552,0,0,1,0
1841,52.3974251505182,4.34,1.66,0.402140336402785,3.15409757538098,0,0,0,1
1842,47.2640867257866,34.62,15.904,0.170257961717803,3.23173327789684,1,0,0,0
1843,60.9671606776288,35.06,34.927,0.137052425801883,3.43361910666945,0,1,0,0
1844,70.448032306551,12.79,22.779,0.0864381335870259,4.07057151424211,0,1,0,0
1845,68.8422794768852,39.05,6.902,0.121499582321351,3.5454326878289,0,1,0,0
1846,71.0876292821442,28.96,46.565,0.165543009943785,4.1522040726817,0,0,1,0
1847,66.9147868409226,6.02,11.037,0.111757244441302,3.71218454926526,0,1,0,0
1848,64.3244602192881,30.06,12.407,0.118522278669604,3.904432359944,0,1,0,0
1849,63.4252076237975,19.75,7.763,0.167964213117341,3.27113469994052,0,0,1,0
1850,44.1484103918934,33.61,29.597,0.192099414274967,2.86605575010313,1,0,0,0
1851,63.8900378484878,12.35,2.583,0.132991024633756,3.17098998355691,1,0,0,0
1852,57.8424872183598,34.06,23.519,0.0692165168640945,3.82354049622193,0,1,0,0
1853,65.9751406763434,12.27,11.283,0.207353860806241,3.54857956634887,0,0,1,0
1854,49.2955916809181,33.11,30.053,0.212495835599574,3.13108599051248,1,0,0,0
1855,67.0723429297419,11.95,22.136,0.0887073114821825,3.38990858630553,0,1,0,0
1856,73.3529944568443,25.85,13.661,0.184152637529066,4.44113321094501,0,0,1,0
1857,71.8511938913028,31.96,3.138,0.199056767023634,4.04544172337253,1,0,0,0
1858,66.2046552408551,31.95,36.87,0.325665549793281,3.95257347149341,0,0,0,1
1859,59.9737869190484,25.25,15.0,0.207029473076697,3.76517889211124,0,0,1,0
1860,74.2328303771631,35.47,19.43,0.171781441642755,4.16640242923835,1,0,0,0
1861,63.8051094416557,32.11,17.101,0.144360339831614,3.77599287361258,1,0,0,0
1862,65.1572063309747,31.47,36.707,0.135108096719015,4.2152219461373,1,0,0,0
1863,50.3542487799572,30.5,29.318,0.249585216081141,3.33696210928711,1,0,0,0
1864,60.3505891884855,22.25,18.842,0.196949860545394,3.6282481271333,1,0,0,0
1865,50.1378414618823,5.81,0.54,0.209519372818238,3.837006926143,0,0,0,1
1866,62.4863047100786,22.48,22.035,0.200564358702593,3.30010993661258,1,0,0,0
1867,44.9244888266581,3.36,5.795,0.326335988405836,3.18567553920168,0,0,0,1
1868,56.3628499976084,3.59,1.334,0.16310241110932,3.17753697182261,0,0,0,1
1869,67.6179741280649,13.91,23.743,0.231146321010066,3.40786467832845,0,0,0,1
1870,48.6973595207715,35.3,29.325,0.113212493515579,3.23329486151351,1,0,0,0
1871,64.7089292153978,30.81,39.508,0.333484054820888,3.48277917569021,0,0,0,1
1872,66.9352373832914,16.97,8.812,0.313777287828837,3.98398039655979,0,0,0,1
1873,46.3602960569619,29.03,24.269,0.235094076356301,3.07271102134296,1,0,0,0
1874,57.6999608379932,19.18,31.074,0.286274483736707,3.14063799788649,0,0,0,1
1875,65.0214737760131,9.28,8.232,0.179626810416748,3.59057903018048,1,0,0,0
1876,49.3550817605164,35.79,16.599,0.138441484722124,2.71425209773637,0,1,0,0
1877,57.0939504493443,30.66,32.8,0.148739544242351,3.03863049948087,1,0,0,0
1878,46.1062316433662,33.46,31.278,0.119624324429323,3.49848603542563,1,0,0,0
1879,58.3667175950829,25.11,30.559,0.309567186599143,3.42192325847498,0,0,0,1
1880,73.5198486582528,8.96,16.002,0.376697112075569,4.10323237723461,0,0,0,1
1881,60.4228023623704,32.44,33.423,0.142471410969085,3.6743348227887,1,0,0,0
1882,56.0110320770244,4.67,0.453,0.2272840930024,3.92975644881797,0,0,0,1
1883,49.7206568731825,21.08,34.947,0.217994623282729,3.27283492215625,1,0,0,0
1884,61.5320628186974,34.85,13.037,0.0634840412330066,3.67571024920971,0,1,0,0
1885,45.3172588599352,31.39,21.186,0.209011072440576,3.15859378118731,1,0,0,0
1886,59.3005754271094,22.79,6.638,0.188411420629491,3.33851070110635,0,0,1,0
1887,70.6938048105491,7.7,18.977,0.302249469603657,3.93995606871745,0,0,0,1
1888,67.6147319449595,11.76,15.306,0.234801109186007,3.61741528374842,0,0,0,1
1889,54.618939434464,19.1,2.688,0.195590217454824,3.40984381612575,0,0,1,0
1890,73.3893665736167,7.66,29.874,0.264689878411118,4.24530575190061,0,0,0,1
1891,47.5482813581596,33.33,31.269,0.422395310708869,2.98158697507375,0,0,0,1
1892,59.1643439700991,38.84,36.238,0.11248110243728,3.43880595950684,0,1,0,0
1893,61.6365695207937,28.32,35.141,0.112314204754684,2.8883271799928,0,1,0,0
1894,64.2237036722467,31.28,12.774,0.338842917447269,3.10008724249857,0,0,0,1
1895,58.2070934452075,37.56,5.474,0.377398589754216,3.55468185621511,0,0,0,1
1896,63.5555322932134,29.66,20.834,0.400936790339396,3.9574437020801,0,0,0,1
1897,53.9091171898971,22.22,25.041,0.305594879219738,3.33339993054115,0,0,0,1
1898,52.9155718349452,28.78,26.693,0.106647900987966,3.31245798912002,0,1,0,0
1899,47.7491984564245,38.85,31.108,0.107833876178734,2.84475801985299,0,1,0,0
1900,59.880033383612,39.54,8.553,0.0930502811455269,3.48131934029365,0,1,0,0
1901,59.0472751559519,8.74,8.514,0.102670013753317,3.57109608233441,0,1,0,0
1902,64.4327015311161,24.73,3.652,0.110113406524503,3.83227417150471,0,1,0,0
1903,55.0466556026683,25.08,29.128,0.107604033065062,3.63187825521911,1,0,0,0
1904,39.7807691870429,28.74,33.569,0.149380683815231,2.92060294238971,0,1,0,0
1905,61.7398197993907,32.56,31.244,0.154748360640423,3.16537492664387,1,0,0,0
1906,62.0938643172535,19.05,10.332,0.294623849668509,3.65147712726727,0,0,0,1
1907,65.744658815664,29.66,32.025,0.129428642853886,3.78370223513445,1,0,0,0
1908,66.5885854480841,15.26,15.55,0.193567962861756,3.59192676575507,1,0,0,0
1909,57.6732524565331,4.1,2.453,0.112992807864062,2.85140469583311,0,1,0,0
1910,60.8140291742702,13.06,14.813,0.105553982674287,3.38755564568724,0,1,0,0
1911,49.7795923615795,35.42,17.273,0.162652911161054,3.63976544090086,1,0,0,0
1912,71.0430826358979,8.35,3.174,0.087898866251272,4.4483479045792,0,1,0,0
1913,62.1340316235088,35.49,21.459,0.106197935312924,3.12065630353512,0,1,0,0
1914,51.5833238491034,9.14,8.151,0.319556500884079,3.3524610217397,0,0,0,1
1915,65.0095294259006,23.53,3.664,0.141917462018495,3.1589712554535,0,0,1,0
1916,61.5313734313499,33.14,33.036,0.221318007601095,2.75272150884694,0,0,0,1
1917,65.3392704078566,29.44,8.613,0.0813736617318423,3.5464588505605,0,1,0,0
1918,60.7119874474691,35.11,23.439,0.120489947365647,3.63744863593262,0,1,0,0
1919,42.479883966291,34.59,19.59,0.189605159982005,2.90310559728221,1,0,0,0
1920,64.7265643787974,30.27,26.415,0.159971045881403,3.94020462027329,1,0,0,0
1921,64.9578526451343,30.25,32.207,0.215144288360343,4.2158750086177,1,0,0,0
1922,61.2277516174616,27.86,32.065,0.180157555345477,3.81457473406019,1,0,0,0
1923,57.4225631088892,20.17,0.735,0.199874280393896,3.80650012792918,0,0,1,0
1924,58.4138912568216,19.86,19.19,0.174378934528599,3.52196944340596,1,0,0,0
1925,63.4335692983173,6.09,30.404,0.203441688170746,3.68795568364911,0,0,1,0
1926,65.839381706395,30.53,35.792,0.275779210154217,3.02366723363542,1,0,0,0
1927,51.8471019218264,32.59,28.52,0.171218068287309,3.16936890994375,1,0,0,0
1928,71.0121505775354,29.03,45.241,0.123413231827548,3.21831311951315,0,1,0,0
1929,67.2034558022214,7.54,24.6,0.0914041310653953,3.46246632512626,0,1,0,0
1930,53.3992365653491,6.91,1.804,0.35280660466571,3.33161009145352,0,0,0,1
1931,66.8118507965113,14.56,14.614,0.187626925026914,3.02829730037584,0,0,1,0
1932,65.3825687619342,21.16,1.241,0.227240641348531,3.50746796732975,0,0,1,0
1933,64.5478582230118,27.42,25.81,0.0974266384348238,3.9038620425163,0,1,0,0
1934,58.4874355378729,26.28,28.139,0.227758805280911,3.36742425376322,1,0,0,0
1935,72.1345913586145,13.76,21.854,0.211764487363465,4.15296982129912,0,0,0,1
1936,66.6793504481004,9.89,25.652,0.11512300785121,3.4680420601033,0,1,0,0
1937,53.2596100938758,3.46,7.52,0.315518919158455,2.49695486869815,0,0,0,1
1938,62.2986038450225,21.34,12.733,0.227901665412271,3.25908835392028,1,0,0,0
1939,48.0712886910643,34.51,19.274,0.164305115535256,3.04222664432257,1,0,0,0
1940,58.5628138399019,18.24,12.294,0.179501667873422,3.48343198737398,0,0,1,0
1941,51.2841750805506,31.5,32.143,0.153106881902078,2.97677839367619,1,0,0,0
1942,56.8445032923068,28.1,1.024,0.173615251763152,3.54076859107137,1,0,0,0
1943,64.7770259607559,34.55,29.721,0.203147942322585,3.58068705892461,1,0,0,0
1944,61.1431323746916,32.93,26.466,0.178429545829314,3.96518287932769,1,0,0,0
1945,64.6154251516156,30.96,22.146,0.169353806839505,3.18367039431663,0,0,1,0
1946,68.5183784952225,20.6,10.876,0.164274934512992,3.79160238693476,1,0,0,0
1947,65.8844989554251,17.74,16.686,0.244295367001149,3.4302107225706,1,0,0,0
1948,70.7481819663689,6.62,16.353,0.22995077361105,3.14311703859589,0,0,0,1
1949,60.4070383021778,35.73,27.96,0.158566209250201,3.22266106615084,1,0,0,0
1950,54.2491103917701,4.5,8.776,0.291731453620054,3.21302267092938,0,0,0,1
1951,61.6010388902813,20.54,9.299,0.107036381074792,2.79523519190148,0,1,0,0
1952,68.9422895127186,12.91,21.797,0.104447066724576,3.57361097891395,0,1,0,0
1953,57.2370021407652,32.72,27.305,0.195837975690751,3.38892474956816,1,0,0,0
1954,61.4845711243567,18.15,0.46,0.176218911986312,3.69380937349876,0,0,1,0
1955,65.3449997789046,5.6,8.61,0.254607096683083,3.31014601257716,0,0,0,1
1956,53.7108304978325,8.27,2.841,0.252178491094462,3.62376597580517,1,0,0,0
1957,69.2456247963089,38.36,20.628,0.148511471209048,3.66896335342864,1,0,0,0
1958,62.6659780136787,34.55,34.35,0.17268027869447,3.89666843659047,1,0,0,0
1959,63.6751259411615,26.18,31.101,0.112332466161663,3.04268006986428,0,1,0,0
1960,61.1794725908122,33.49,34.069,0.202421682242797,3.21836851725178,1,0,0,0
1961,58.1056815482835,19.86,14.319,0.344005020161785,2.94902026050909,0,0,0,1
1962,64.557783231608,21.78,20.638,0.122055100104406,2.94023562230527,1,0,0,0
1963,60.2914417500265,18.73,14.904,0.230453083776199,3.00616540096874,0,0,1,0
1964,51.638618995616,13.06,15.758,0.173521243437452,3.5749327415783,1,0,0,0
1965,42.608815322108,28.59,22.832,0.111037932200694,3.19826863122643,1,0,0,0
1966,67.7602024521432,6.2,29.216,0.303352146918174,3.39454411541206,0,0,0,1
1967,45.9515189108675,33.48,31.469,0.275191699060209,3.0167157390961,0,0,0,1
1968,67.1627842097015,7.94,9.048,0.130315975390022,3.85194465065856,0,1,0,0
1969,64.765659248253,25.71,45.566,0.207742015129272,3.15610705127362,1,0,0,0
1970,71.0922894006336,4.71,0.456,0.305140590854342,4.00159222541104,0,0,0,1
1971,66.5187785471798,6.22,24.692,0.168498234412003,3.16999991541209,0,0,1,0
1972,58.9988182824845,15.61,4.146,0.230793869062866,3.76885979974192,1,0,0,0
1973,55.4412459965345,35.11,34.725,0.194229185632088,2.84737021135525,0,0,1,0
1974,63.4861700102679,6.17,17.581,0.224000177590493,3.2317641134536,0,0,1,0
1975,45.0126453560721,7.12,2.245,0.33017992883421,3.20994876973977,0,0,0,1
1976,69.0244301289447,23.49,40.023,0.098836157195085,3.55015783596878,0,1,0,0
1977,65.3318094268081,15.79,1.323,0.207093492696022,3.57723290989051,1,0,0,0
1978,65.9932753294834,40.62,30.646,0.255358339116039,3.37715905195811,1,0,0,0
1979,50.6102024603054,23.35,39.405,0.426903850278529,2.50044344169823,0,0,0,1
1980,45.0452150071588,4.42,0.943,0.328402355894241,2.75946289740708,0,0,0,1
1981,57.9685196130382,18.06,19.382,0.206190056281238,3.53625272760284,0,0,1,0
1982,37.0476948624921,9.01,5.098,0.297385663191778,2.40686633818201,0,0,0,1
1983,64.4168492503794,29.81,23.745,0.217571874594861,3.58656946497982,1,0,0,0
1984,61.6995288852301,22.73,38.071,0.0834167938064596,3.64579516439787,0,1,0,0
1985,63.6887010367329,9.78,21.993,0.107576087145411,3.71242674139405,0,1,0,0
1986,53.9479400650863,9.78,3.132,0.0877304941737293,2.55762169202422,0,1,0,0
1987,68.1962054978772,20.5,8.424,0.215391862193059,3.53506423978546,0,0,1,0
1988,66.9481144353053,4.37,8.778,0.337108351119158,3.1242935428585,0,0,0,1
1989,54.6279253839066,39.54,16.792,0.239379151830038,3.04012402350941,1,0,0,0
1990,70.4132986910101,36.38,47.611,0.177882046886517,3.29809754926885,1,0,0,0
1991,66.8376837933547,28.06,17.735,0.237827040021573,3.49939741274554,0,0,1,0
1992,66.4899681655599,35.65,37.648,0.251269749742299,3.40379235500739,0,0,0,1
1993,64.5339264068078,25.96,9.444,0.162972221681999,3.86697327011063,0,0,1,0
1994,51.5232749355028,7.86,3.71,0.347606682807597,3.39843711700095,0,0,0,1
1995,62.4947948979897,19.82,16.64,0.228793679288538,4.01033324966313,0,0,1,0
1996,66.9767965910556,27.56,18.362,0.190232772967139,4.30476588675119,1,0,0,0
1997,42.813912124356,28.99,30.959,0.216331982525444,2.74953522412312,1,0,0,0
1998,63.0905533123524,28.05,33.314,0.231764172669613,3.52638514923467,1,0,0,0
1999,71.7578454524394,24.47,8.96,0.189621278008843,2.89858124564049,0,0,1,0
2000,41.0587810349589,35.09,56.137,0.173915980377518,2.84402458915024,1,0,0,0
2001,60.9602185707876,29.77,38.614,0.255379181003375,3.25996527544948,1,0,0,0
2002,61.0460730283108,30.95,33.96,0.221989496320481,3.5541167947674,1,0,0,0
2003,58.5654403223581,36.17,39.046,0.11018446949509,3.75476697677626,0,1,0,0
2004,59.3793105180914,23.82,34.396,0.258072588231948,3.51052958881864,0,0,0,1
2005,67.7036778378548,13.48,9.649,0.115888817309528,3.60182519323381,0,1,0,0
2006,50.7037074592822,28.55,37.562,0.124438353678605,2.98596928028487,0,1,0,0
2007,46.165218413177,6.38,2.151,0.202641822032107,2.85506469162927,0,0,0,1
2008,47.7677339374479,12.92,6.214,0.280845469184891,3.27556473315115,0,0,0,1
2009,58.854102931541,15.56,11.49,0.203478348579704,3.53228470382613,1,0,0,0
2010,63.3592471226412,15.57,20.277,0.165030470133405,4.53609329021829,1,0,0,0
2011,63.2321797832301,17.8,11.486,0.203270292961514,3.94458872610473,0,0,1,0
2012,66.6223249122639,29.76,16.492,0.151360877812793,3.87857999278735,1,0,0,0
2013,62.1921689548607,32.78,26.825,0.159540693184722,3.64868209887084,1,0,0,0
2014,47.7597397688318,38.82,27.449,0.157369210074005,2.53959574747711,1,0,0,0
2015,56.5547102891861,16.24,8.72,0.144404843575622,3.65338910091416,0,0,1,0
2016,69.6985591915592,14.03,28.321,0.175119100304433,3.8760201247813,0,0,1,0
2017,69.6145823039561,19.64,20.848,0.095617677739,3.88119068584402,0,1,0,0
2018,49.6706137083899,9.16,5.234,0.269244790977821,3.37512059854159,0,0,0,1
2019,68.8323815329252,17.16,19.724,0.242282312439301,3.32761025017362,0,0,1,0
2020,56.3381199600235,11.23,0.98,0.205557529762768,2.96484543342886,0,0,1,0
2021,57.8156074398878,25.82,14.18,0.31983716484793,3.59987901463382,0,0,0,1
2022,72.115901775457,34.03,3.459,0.136149456204341,4.0599225699895,0,1,0,0
2023,69.0338730962714,11.27,28.811,0.358291768591993,3.79674782906973,0,0,0,1
2024,63.2790812712016,13.39,16.479,0.0855798219266737,3.85882991590946,0,1,0,0
2025,63.1947371796433,12.8,29.762,0.336566083839178,3.40969120217166,0,0,0,1
2026,62.0105193007321,24.91,34.157,0.198171113847794,3.75547356712778,0,0,1,0
2027,60.9820829053704,31.29,31.011,0.107526239323748,3.68741822799823,0,1,0,0
2028,57.5125179918071,4.29,4.257,0.166642423057726,3.28202308571288,0,0,0,1
2029,57.303591207424,12.73,9.521,0.0756861074468567,2.95689098726041,0,1,0,0
2030,62.7533338137593,25.35,29.886,0.219006636721315,3.97730264650296,1,0,0,0
2031,69.5548975359724,12.58,8.912,0.391836655776376,3.47466918528463,0,0,0,1
2032,63.4254879123225,17.18,0.992,0.102805027213332,3.2750398638964,0,0,1,0
2033,67.6374310170317,7.04,25.738,0.207584968522289,3.43902341199567,0,0,1,0
2034,66.3484440323987,19.8,20.853,0.360502571827283,3.6353250741127,0,0,0,1
2035,63.7927632183179,21.35,14.744,0.225978407969613,3.52668077646039,0,0,0,1
2036,61.4334349672558,20.75,30.459,0.28222287173809,2.98614537458038,0,0,0,1
2037,42.9978918597626,34.49,23.306,0.0951662180750707,2.69879846260559,0,1,0,0
2038,74.0192417091817,5.14,7.979,0.255666003600508,3.62300400242099,0,0,0,1
2039,65.2349307582345,12.5,5.204,0.301506944085039,3.14015482379708,0,0,0,1
2040,63.0295758650025,24.06,14.997,0.0772186497248322,3.85040469477373,0,1,0,0
2041,63.0378274618353,16.96,14.741,0.182616823455809,3.63292366935721,0,0,1,0
2042,65.1722461674512,23.74,11.559,0.193644872822474,3.58406524320573,1,0,0,0
2043,65.3440483544753,15.69,6.762,0.219460308632019,3.87462060237078,1,0,0,0
2044,63.1326264638844,19.95,15.216,0.103168311429019,3.63730918667031,0,1,0,0
2045,69.1591270731761,32.55,29.619,0.17554755053232,2.79588323445311,1,0,0,0
2046,57.7446854841721,38.01,35.09,0.095328548979899,3.67198729639772,0,1,0,0
2047,50.5937891656965,33.1,28.974,0.181377602471069,3.05273663209887,1,0,0,0
2048,65.836105363405,14.36,10.64,0.205022228248307,3.52605752811732,1,0,0,0
2049,67.5343493611896,10.31,2.802,0.149468871766159,3.56480904684107,0,0,1,0
2050,60.1804671358819,31.21,27.045,0.2881236907565,3.76963101140421,0,0,0,1
2051,67.3786286591106,15.78,12.905,0.173854647132618,3.93964592385018,1,0,0,0
2052,73.2352301404005,25.16,5.663,0.268537110908356,3.88517723394715,0,0,1,0
2053,47.8881898876809,29.21,22.319,0.116501273208629,3.23445106027557,0,0,1,0
2054,64.0800947043584,30.02,34.389,0.143466882341151,3.76195519068046,1,0,0,0
2055,65.0672311742149,21.41,3.9,0.225362615631402,3.31074592688983,1,0,0,0
2056,64.8943703934022,27.99,41.801,0.210235474576071,3.49224970257823,0,0,1,0
2057,64.4270251888076,37.54,37.609,0.0762319493252148,3.49699999984925,0,1,0,0
2058,44.8986577771053,30.73,20.144,0.231999410544062,2.85829814953416,1,0,0,0
2059,43.8068773478496,30.6,42.645,0.111631520239792,3.22384959943013,0,1,0,0
2060,47.1758278712833,23.84,31.347,0.085873621896495,3.09298099855246,0,1,0,0
2061,53.1148920324096,16.03,13.521,0.188721172614728,2.98117666718664,0,0,1,0
2062,54.5766665488049,7.19,7.656,0.345384676135663,3.53477010847429,0,0,0,1
2063,48.1821905386045,24.52,36.846,0.120473779343816,3.09062526136833,0,1,0,0
2064,58.4760726940582,16.83,5.847,0.238598124710476,3.67435544527165,0,0,0,1
2065,71.9719713024174,27.31,4.181,0.28052471741022,4.18981087587069,0,0,0,1
2066,67.2389416356523,9.07,31.991,0.141684392313691,3.78619489515005,0,0,1,0
2067,46.2294325576899,5.6,0.52,0.2690485610868,2.65017469766503,0,0,0,1
2068,64.9734593803916,5.46,1.995,0.260560954231477,3.18272950412416,0,0,0,1
2069,54.0244281356031,20.03,24.761,0.1016634713376,3.04798708152922,0,1,0,0
2070,71.7861474173985,10.74,30.916,0.0892509824646262,3.54371226111064,0,1,0,0
2071,66.869499722591,30.9,21.111,0.101015474684328,4.13831966976819,0,1,0,0
2072,63.8975072365677,29.23,25.174,0.395004242334996,3.5935510883868,0,0,0,1
2073,55.9896867214168,35.44,13.385,0.0812624411774621,3.3224541779567,0,1,0,0
2074,57.6961165395523,27.45,30.881,0.203325581434373,3.30047691572538,0,0,1,0
2075,52.9056933754211,3.23,8.887,0.313431497187776,3.50670263951341,0,0,0,1
2076,63.7024592535791,12.72,18.211,0.17470782345843,3.68165538078208,0,0,1,0
2077,65.0891296594179,13.2,30.688,0.304387215851739,3.16728322180475,0,0,0,1
2078,65.4971753932583,13.04,12.661,0.124284212296029,3.57543780953855,0,0,1,0
2079,61.4374853554907,20.27,20.27,0.257439675922212,3.24845950128778,1,0,0,0
2080,60.4563174313394,31.2,27.46,0.0950952583939072,3.77901182946632,0,1,0,0
2081,66.9204734514386,27.74,1.876,0.220924162897654,3.59309391299568,0,0,1,0
2082,61.9463368740167,38.78,39.05,0.221264645856594,3.58928780366018,1,0,0,0
2083,63.456927365915,9.82,33.293,0.30534720152726,3.73849249309204,0,0,0,1
2084,64.203255288826,14.95,28.274,0.102665857689028,3.03357807755444,0,1,0,0
2085,71.402191197279,5.03,23.118,0.301089297049912,3.74356387163202,1,0,0,0
2086,62.9874965949172,15.19,3.72,0.133294042702788,3.13837862186443,1,0,0,0
2087,61.1884031534726,30.08,25.806,0.113164525173333,4.08473871390781,0,1,0,0
2088,63.7201030760864,14.79,9.479,0.25086423770992,3.78347354286476,0,0,1,0
2089,72.6909296656286,6.38,9.811,0.0686148793144288,3.97154255923847,0,1,0,0
2090,66.0096811786872,35.35,29.914,0.316919488210986,3.54583803517875,0,0,0,1
2091,70.9470970210996,11.17,8.664,0.353847170151711,3.17954817171386,0,0,0,1
2092,61.8295778955093,26.5,31.258,0.158668877102043,3.09158447933318,1,0,0,0
2093,51.3866249595777,4.77,9.837,0.267834835942781,3.10834667628405,0,0,0,1
2094,70.034215895107,10.42,31.692,0.263085923493805,4.39337329191907,0,0,0,1
2095,65.9466240912723,29.9,2.806,0.117659923670576,3.65022738380051,0,1,0,0
2096,49.2433301889556,34.06,33.064,0.349301373579413,2.7016949425407,0,0,0,1
2097,59.1484197481347,24.57,35.364,0.123703041518843,3.58927187979077,0,1,0,0
2098,70.8455837078278,5.45,4.273,0.294365769712177,4.20765498324115,0,0,0,1
2099,66.1302898300834,6.36,9.533,0.101541266553967,3.51398463161493,0,1,0,0
2100,70.0321923923768,12.57,6.892,0.122556206484275,3.27791088377593,0,1,0,0
2101,60.9293584391799,33.23,33.821,0.17458368045681,3.98623429406918,0,0,1,0
2102,69.2191522348298,6.52,9.924,0.259124310723633,3.69729423531325,0,0,0,1
2103,73.2351136013529,13.44,9.895,0.0717210076276438,3.73439631918511,0,1,0,0
2104,65.6778137831486,11.6,24.685,0.266698368850345,3.33417989926735,0,0,1,0
2105,63.8608963298729,24.88,10.563,0.184116248469295,3.21865755348683,1,0,0,0
2106,65.9114539441314,18.25,4.204,0.224912836321995,3.27893439877699,0,0,1,0
2107,63.6285294066383,25.51,23.255,0.320944459569166,3.28264572067916,0,0,0,1
2108,61.6779545216793,6.08,5.013,0.352446303311912,3.51711464577418,0,0,0,1
2109,59.3863928706131,30.9,31.485,0.112104162140405,3.97881083650191,0,1,0,0
2110,62.7580802835367,30.96,18.639,0.202257353021317,3.36747883350294,1,0,0,0
2111,63.7920352589758,5.67,27.511,0.38257987664618,3.43842690281368,0,0,0,1
2112,67.7374887869198,13.69,34.309,0.296622488078358,3.27641615900559,0,0,0,1
2113,65.8414170369343,18.32,5.286,0.167202038918909,3.70100849680423,0,0,1,0
2114,45.8113322351229,10.02,9.558,0.194857818649447,2.88760630409142,0,0,1,0
2115,49.4854285515143,23.47,28.316,0.0888004123176557,2.78784175059317,0,1,0,0
2116,57.469353018901,16.84,3.899,0.0929948772393012,4.05787069618814,0,1,0,0
2117,65.8947502461802,35.43,32.167,0.0825178390740599,3.90562632394768,0,1,0,0
2118,57.9449137459422,5.75,6.165,0.29880293219373,3.47085631166123,0,0,0,1
2119,48.5760501607531,28.92,39.697,0.192566816719226,3.47075436378333,1,0,0,0
2120,64.7284439624127,19.81,16.011,0.196590604884466,3.51623988973324,1,0,0,0
2121,56.3073547504783,4.23,0.443,0.106019223243254,3.33217658242895,0,1,0,0
2122,63.0081555715855,27.18,25.448,0.146864092534281,3.18490570504422,1,0,0,0
2123,47.1826768075012,29.81,32.691,0.175189055415123,3.68160202017128,1,0,0,0
2124,69.6852708534835,9.03,29.614,0.312147761698341,3.76599437258373,0,0,0,1
2125,60.6552029108695,28.44,20.709,0.179894733481718,3.12564309162037,1,0,0,0
2126,58.1619753945793,23.0,15.291,0.170325133283223,3.28903533977756,1,0,0,0
2127,40.6768817666405,31.69,34.395,0.0633824414082344,2.98241950980934,0,1,0,0
2128,60.2097400409346,30.86,33.849,0.11100111911413,3.23769827918709,0,1,0,0
2129,63.111573941945,31.44,17.077,0.115692576706471,3.56379469066654,0,1,0,0
2130,70.3662289527061,9.96,19.704,0.272767996510105,3.86868848128777,0,0,0,1
2131,69.7639965013873,14.28,26.601,0.101109553127787,3.10587234597969,0,1,0,0
2132,66.2121843215837,26.46,11.303,0.135409660572347,3.73175372345615,0,0,1,0
2133,59.7986577941608,21.54,31.113,0.127184174517497,3.21828683411066,0,1,0,0
2134,51.0006630176351,6.47,8.844,0.301503558927373,2.9817126089863,0,0,0,1
2135,57.5940315335931,4.77,9.374,0.252423847816594,3.987503690234,0,0,0,1
2136,58.0455930195324,24.62,17.783,0.245974872895988,3.84230887888131,1,0,0,0
2137,46.3931026344,26.45,28.716,0.0805591055274617,3.02579721562935,0,1,0,0
2138,61.9706876519715,13.23,14.398,0.267962969563353,3.00917217571484,0,0,1,0
2139,68.0872908314127,35.38,23.794,0.0795801596434592,3.0244513160654,0,1,0,0
2140,63.2627365417746,16.74,13.205,0.10226217654165,3.16271591500367,0,1,0,0
2141,51.6790597056197,28.32,45.228,0.227565118648662,2.98171267534782,1,0,0,0
2142,69.5953003971663,23.6,8.772,0.17742132944601,3.28747575351964,1,0,0,0
2143,65.9643816083516,16.44,4.771,0.220539027220366,3.774282925413,1,0,0,0
2144,59.3603343610875,26.78,5.094,0.198262072192758,3.68220769781662,0,0,1,0
2145,61.9593748480126,26.29,25.152,0.173211834878828,3.38519434015398,1,0,0,0
2146,58.2457713666717,12.42,18.035,0.165202891995363,3.29953199064295,1,0,0,0
2147,60.9736319591985,31.11,36.739,0.346143464481204,3.66509917655541,0,0,0,1
2148,70.7041928944201,13.7,11.785,0.143310492667064,4.08839658601629,0,1,0,0
2149,67.4656533347267,8.06,24.594,0.229470095332264,3.04436476131156,0,0,0,1
2150,60.391729407461,18.62,8.987,0.228326685696275,3.38050818445043,0,0,1,0
2151,52.3709892788863,4.63,5.217,0.244594648745594,2.99608777149038,0,0,0,1
2152,59.1387289261677,21.88,2.647,0.226461666151358,3.95231788860506,1,0,0,0
2153,66.3213178020826,20.91,23.193,0.309648792832986,3.40692081451857,0,0,0,1
2154,65.4004602059696,13.98,29.79,0.0863980378845748,3.324091744326,0,1,0,0
2155,71.276563248787,34.98,31.029,0.192029989126733,3.67212555422703,1,0,0,0
2156,58.6831922464491,22.0,15.886,0.157033795093931,3.85292819932592,0,0,1,0
2157,66.0336424876001,21.35,2.865,0.103693719979804,3.5741575699028,0,1,0,0
2158,58.7401525006302,24.83,25.758,0.0742089768556113,3.54754834452863,0,1,0,0
2159,70.8835379354538,26.45,18.076,0.363659975005072,3.83534595145329,0,0,0,1
2160,59.042531080504,16.01,8.66,0.1824184753173,3.20520414373374,1,0,0,0
2161,72.8625419027144,10.35,33.345,0.299021837395532,3.12284661531811,0,0,0,1
2162,61.7637087547784,27.1,10.425,0.12225582306655,3.53632120702822,0,0,1,0
2163,67.0796508901494,13.67,27.707,0.209334687515191,3.52168446180128,0,0,1,0
2164,60.3764249894784,8.99,2.939,0.366670487496097,2.93660498365296,0,0,0,1
2165,64.5237704370803,31.56,12.955,0.156721805612529,3.44064068775473,0,0,1,0
2166,63.6159263979162,21.96,21.702,0.193092514491745,3.57878125833233,1,0,0,0
2167,70.3592637382165,9.28,16.948,0.193323796643204,3.3165081119973,0,0,1,0
2168,63.4585886335512,15.71,9.558,0.274468032892485,3.70543378843311,0,0,1,0
2169,59.8349276069247,14.51,11.845,0.141753528349945,4.08561263708867,1,0,0,0
2170,46.5040099605026,14.69,7.592,0.296283761963583,2.83113626720577,0,0,0,1
2171,64.4258651946636,17.9,22.169,0.0463813295212165,3.53519802502186,0,1,0,0
2172,69.9146644749459,35.15,28.795,0.0750105201987629,4.73389708642018,0,1,0,0
2173,62.8550214941674,24.64,28.13,0.15313844642417,3.98141997806284,0,0,1,0
2174,64.1982590559879,20.03,17.648,0.100599402268953,3.95897060067258,0,1,0,0
2175,72.5370881824151,5.38,19.312,0.218692752167189,3.21719720755039,0,0,1,0
2176,66.9537880043123,9.68,12.558,0.0806223489112678,3.73964059931197,0,1,0,0
2177,42.8470439268223,24.73,22.058,0.205639707426456,3.09359475294132,1,0,0,0
2178,64.5434394230459,30.98,26.388,0.164500354753252,3.12353598967333,1,0,0,0
2179,63.3927544347817,8.07,22.481,0.109053774335257,3.05713310778507,0,1,0,0
2180,72.4474181176873,6.75,28.384,0.105667347155012,4.27529944407792,0,1,0,0
2181,53.555758635242,13.89,0.572,0.329115409023849,3.85715494836412,0,0,0,1
2182,64.8175532358751,26.32,19.555,0.335123644904111,4.31050138462738,0,0,0,1
2183,51.3251353934336,35.78,25.789,0.20218888253186,3.62734593180037,1,0,0,0
2184,72.1796879874476,6.78,9.6,0.289758574974413,3.8972202679245,0,0,0,1
2185,69.3451940856378,32.49,40.06,0.0816655226437139,3.939531430584,0,1,0,0
2186,65.6590614131944,24.55,44.513,0.0963770365882346,4.84782380091671,0,1,0,0
2187,64.5541482184796,13.31,21.898,0.293242572698744,3.53348670787782,0,0,1,0
2188,59.2488201935722,7.29,2.481,0.319778432314534,3.57934570243002,0,0,0,1
2189,66.5250097332199,29.53,37.477,0.30013391807255,3.55544949933764,1,0,0,0
2190,72.4574100523041,7.6,22.244,0.12431242008295,3.62867853705022,0,1,0,0
2191,66.4822692668601,5.41,23.052,0.231189938073724,3.40864330998932,0,0,1,0
2192,67.7020963104242,6.41,26.19,0.294577899213543,4.05447053729053,0,0,0,1
2193,63.0899177852886,23.67,36.887,0.254056636749536,3.37259521743671,1,0,0,0
2194,63.235956580449,31.59,29.55,0.108929153101129,3.87945182886006,0,1,0,0
2195,63.2248973109747,18.12,5.952,0.0845824168988122,4.01296904172613,0,1,0,0
2196,62.0685754995988,19.31,3.649,0.203200306882111,3.51345947664508,1,0,0,0
2197,62.7814754181678,16.93,2.8,0.276457389621498,3.28692428554024,0,0,0,1
2198,58.8788597904121,33.29,28.839,0.107880976354509,3.51039544998096,0,1,0,0
2199,65.3549346678345,27.76,49.164,0.202155332271077,3.01170596716109,1,0,0,0
2200,60.5260015381922,13.43,13.397,0.339304519141779,3.55610006465726,0,0,0,1
2201,64.0285191859503,25.78,16.181,0.245580355283159,3.82277313505434,1,0,0,0
2202,69.428847439778,7.25,23.625,0.206977046393146,3.70443969653803,0,0,1,0
2203,59.6583798487854,20.92,1.207,0.278893935342073,3.27311808569498,0,0,1,0
2204,67.7895001001508,13.37,29.683,0.182180796465249,4.13166338854281,1,0,0,0
2205,66.7937135132564,10.2,25.32,0.298266807731763,3.99620277474359,0,0,0,1
2206,60.5145129083816,19.43,9.792,0.200327053061241,2.92774391756468,0,0,1,0
2207,64.1307981311193,31.11,21.424,0.0764163862543685,3.72376076356595,0,1,0,0
2208,69.0947975828673,16.86,0.463,0.301459937962665,3.40262675781466,0,0,0,1
2209,63.3981054001482,20.53,3.109,0.0822499822359541,3.35183298933616,0,1,0,0
2210,65.7167700822686,7.97,15.726,0.119471305095571,4.58937701483631,0,1,0,0
2211,62.0821772318044,24.92,14.436,0.201734599290268,3.07174444267738,0,0,1,0
2212,61.0880741910681,31.54,6.752,0.0707310248506021,3.36620130499005,0,1,0,0
2213,49.2257397533632,33.06,41.966,0.20996688921205,2.21348699803668,1,0,0,0
2214,59.0590295973374,29.68,31.07,0.203965021799408,3.43800766378704,1,0,0,0
2215,55.9996658833472,6.27,1.561,0.120574319417365,4.22623593770157,0,1,0,0
2216,64.2907494374416,6.16,22.101,0.0860688507605078,3.59943700810546,0,1,0,0
2217,62.1138896200975,35.77,26.011,0.190851487500876,3.67334530490619,1,0,0,0
2218,70.8870886076372,28.06,24.183,0.0691260646335585,3.76808415524836,0,1,0,0
2219,66.7785971397616,14.3,19.854,0.407142845114826,3.38599667378828,0,0,0,1
2220,59.8518971179979,27.23,23.551,0.236080368742563,3.25325789213304,1,0,0,0
2221,66.1114689711944,22.64,22.133,0.0846160509565362,3.72841994974087,0,1,0,0
2222,44.1836596521072,27.54,43.295,0.0877577389029816,3.07696857033434,0,1,0,0
2223,62.9507561372237,23.52,3.703,0.258729180727327,3.81220014557693,1,0,0,0
2224,63.4707905047515,28.6,30.29,0.104337170546514,3.87266308917532,0,1,0,0
2225,64.7003408391497,22.88,22.5,0.258170641754743,3.10607622262619,0,0,0,1
2226,67.0482442791834,17.66,16.348,0.184702026231295,3.73214073246165,1,0,0,0
2227,63.7111719112643,4.66,6.565,0.302607951766689,3.36645751093095,0,0,0,1
2228,62.9015695980398,32.72,39.714,0.0911392545952233,3.20866991225334,0,1,0,0
2229,63.6812824765024,35.14,32.127,0.195190255215188,3.99412394204761,0,0,1,0
2230,70.2102755176403,7.36,12.573,0.102944204096999,3.52988671814321,0,1,0,0
2231,67.5331517340892,22.24,38.02,0.18233428651355,3.25940466053466,0,0,0,1
2232,59.6822903543771,13.18,15.759,0.225158910561916,2.47135746265886,1,0,0,0
2233,68.9099648770585,10.52,25.71,0.104335927017065,3.18670014246573,0,1,0,0
2234,50.8759384261727,9.41,5.206,0.362754350856619,2.69648400359678,0,0,0,1
2235,64.6042506251336,8.36,16.054,0.279060809060243,3.48160876002432,1,0,0,0
2236,41.9675562514759,18.71,0.015,0.318758803269798,3.21600264762343,0,0,0,1
2237,64.0081617665632,30.37,28.743,0.104161629140954,3.39792172078904,0,1,0,0
2238,65.0557029373768,32.52,28.953,0.226152625926623,3.45164133536391,1,0,0,0
2239,57.8893649823558,15.67,5.497,0.165809549490576,3.06419153156194,0,0,1,0
2240,63.874568156671,30.25,33.162,0.100634523439736,4.04972159992608,0,1,0,0
2241,49.1923161108879,31.75,31.103,0.267262547027051,3.40604955936001,0,0,0,1
2242,66.5043608165657,10.08,23.348,0.0603976921525208,3.6971983180681,0,1,0,0
2243,67.813256678436,11.92,32.972,0.266134454183728,3.54254406585312,0,0,1,0
2244,46.0295123255566,28.31,36.562,0.108591108325754,3.41627194537857,0,1,0,0
2245,68.5868281868589,30.32,32.983,0.0848596901285391,3.8032023567226,0,1,0,0
2246,59.144953416115,10.85,2.101,0.139412852307374,3.52749665292531,1,0,0,0
2247,44.1806641012043,6.97,0.716,0.327530863025996,3.00600102786522,0,0,0,1
2248,48.5219799289333,31.2,14.86,0.18130249337396,3.20926866568676,1,0,0,0
2249,62.9591274566168,34.94,34.974,0.199187811303764,3.32760808110135,1,0,0,0
2250,47.0061613029061,4.58,8.316,0.261175463380588,2.92169249184502,0,0,0,1
2251,72.3000221411928,6.65,9.54,0.169991688078646,3.20943444752238,1,0,0,0
2252,63.1041347745248,38.79,35.844,0.0831809747597705,3.61148957860987,0,1,0,0
2253,58.7320818484951,3.99,7.026,0.364959821551006,3.23595327764623,0,0,0,1
2254,52.485579302915,28.26,32.04,0.269543088338676,3.21606227905366,0,0,0,1
2255,62.6577863685601,12.87,32.352,0.0916842491118118,3.40335310044312,0,1,0,0
2256,56.8911182872949,19.72,9.736,0.102432491008176,3.6895461444174,0,1,0,0
2257,63.7860132640204,34.48,21.837,0.163510483113055,3.55512348731592,1,0,0,0
2258,67.5681454321472,28.78,25.529,0.110517465665429,3.60505052176968,0,1,0,0
2259,52.992184063508,6.81,4.451,0.0797976991950465,2.9795623843976,0,1,0,0
2260,43.9611102162093,32.55,10.435,0.11157271466965,2.99762542215239,0,1,0,0
2261,64.8861521694756,28.28,4.639,0.0933144964001288,3.7079455452754,0,1,0,0
2262,69.5221897042746,31.12,24.048,0.166350121340667,3.50951838563328,1,0,0,0
2263,59.7701666299372,5.87,6.783,0.356717029523596,3.08674487865939,0,0,0,1
2264,65.7637331043075,32.06,19.552,0.332124626602153,3.87690547000026,0,0,0,1
2265,65.2441867872881,33.29,43.265,0.179026680348388,3.34532451345741,1,0,0,0
2266,59.7558464325114,9.83,3.391,0.116079039216427,3.71829897662624,0,1,0,0
2267,59.4901279867288,13.38,10.284,0.203157709245775,2.96066536732464,1,0,0,0
2268,69.1523428670754,21.13,0.291,0.175915350178912,4.33673629045829,0,0,1,0
2269,67.4859710776693,29.51,37.677,0.222797644375009,4.02621887292813,1,0,0,0
2270,67.6185393136683,26.45,34.628,0.11589436441713,3.77134880666413,0,1,0,0
2271,58.1446275907239,17.49,2.147,0.221454760392012,3.37206381171865,0,0,1,0
2272,60.159217872036,33.49,34.51,0.0910576961666731,3.03838082578566,0,1,0,0
2273,65.1749309872217,26.55,20.754,0.0987467367967505,3.86323603398983,0,1,0,0
2274,60.484399553156,5.55,8.653,0.0734577358421192,3.20426908608867,0,1,0,0
2275,58.8840808671684,28.43,18.408,0.117322308145038,3.00374967628322,0,1,0,0
2276,64.2463430109336,33.27,18.94,0.235030714475494,3.03331900194156,1,0,0,0
2277,68.1710610353132,12.7,21.387,0.224892932974971,3.63125093761157,0,0,1,0
2278,67.0200544567613,27.69,16.847,0.22293683446407,3.77636813556194,1,0,0,0
2279,52.2468583042114,27.37,34.353,0.137179963211101,2.85116428617878,1,0,0,0
2280,64.2424688608298,17.78,11.934,0.165785215292742,4.16090395856477,1,0,0,0
2281,50.5458132221313,6.33,4.306,0.353041525632208,2.71636149182364,0,0,0,1
2282,72.7879189320637,18.42,5.76,0.339937054009655,3.55949535844379,0,0,0,1
2283,45.2361325858212,33.96,22.68,0.209778827930493,2.56255354996529,0,0,1,0
2284,70.1434327343572,7.12,32.13,0.257708680798604,3.86264259936075,0,0,1,0
2285,60.7885865212933,13.58,6.613,0.335038360666614,3.93042934397281,0,0,0,1
2286,63.6735062344747,4.08,1.956,0.121989743642934,3.28125266796812,0,1,0,0
2287,66.0580166240209,35.39,31.168,0.174192232837644,3.4597498131688,1,0,0,0
2288,63.4213455226714,16.54,9.051,0.315990443636266,4.4467241241512,0,0,1,0
2289,66.1987166652719,18.02,9.448,0.211504394653496,3.77326881407157,0,0,1,0
2290,73.4319947649435,6.38,9.141,0.231868962510235,4.41773772910868,0,0,0,1
2291,62.4739114953018,26.31,6.002,0.136029121941214,3.43856509894757,0,1,0,0
2292,54.8468806029791,7.79,9.985,0.0861825345471703,3.52575222891945,0,1,0,0
2293,61.4497642912588,5.59,0.933,0.253449950916588,3.36144907879555,0,0,0,1
2294,59.0945386141841,4.97,7.929,0.22194726865477,3.7174870452424,0,0,1,0
2295,62.2660934874618,27.92,17.087,0.23817853340191,3.83112732871503,1,0,0,0
2296,71.3172794596705,34.46,31.89,0.222198722295314,3.31286298555593,0,0,0,1
2297,62.5067160356203,19.76,19.174,0.104745535999448,3.02929325615648,0,1,0,0
2298,70.0026926180797,11.53,4.662,0.339424764579249,3.54636161039743,0,0,0,1
2299,68.55669789603,9.99,8.347,0.336852502915878,3.43555073092688,0,0,0,1
2300,62.4223863876769,13.75,19.506,0.100018695199279,3.11950048630398,0,1,0,0
2301,58.6403731057596,38.17,29.014,0.344987077015385,3.02244252147042,0,0,0,1
2302,66.6591446452586,19.67,3.411,0.197865080028215,4.05313539749494,1,0,0,0
2303,61.0083616416649,18.88,11.013,0.128165646677,3.63925631045637,0,1,0,0
2304,61.171367464205,29.14,35.517,0.315147221244038,3.92406332308411,0,0,0,1
2305,67.9194990349509,14.18,10.916,0.233541151685389,3.51368789575467,0,0,0,1
2306,44.6742051019325,3.57,7.229,0.240138780814755,2.39526685844572,0,0,0,1
2307,48.2323134881882,35.39,35.957,0.226489995832128,2.99421429275285,1,0,0,0
2308,57.5887614711026,33.83,28.002,0.127945303926481,3.03960941515879,1,0,0,0
2309,67.7254752857473,30.01,24.954,0.0926997287034575,3.97121063975303,0,1,0,0
2310,68.2545645604263,13.38,9.277,0.178140419920713,3.21383721738876,0,0,0,1
2311,66.6205722519092,22.59,30.689,0.209389924809988,3.02157555095027,1,0,0,0
2312,65.1324916445002,15.48,18.409,0.175388844393917,4.34387870074842,0,0,1,0
2313,69.4018515159539,21.5,26.663,0.333626530671439,3.58969368709031,0,0,0,1
2314,60.8513796019621,28.53,38.743,0.200107774012103,3.90548225003325,0,0,1,0
2315,69.8393057594314,6.66,12.387,0.093340585984004,4.19883820774018,0,1,0,0
2316,73.7288929405992,6.87,3.816,0.409311013246658,3.41991644917305,0,0,0,1
2317,71.1560494364253,21.83,1.882,0.179243091814921,3.41390930492298,0,0,1,0
2318,50.2728575198889,26.29,33.895,0.182786778991937,3.2400457755347,1,0,0,0
2319,61.4981807477028,11.56,2.827,0.216038938742369,3.23472116935607,0,0,0,1
2320,61.1147573680851,27.73,35.068,0.0899054007066807,3.40078450382104,0,1,0,0
2321,71.5036515372403,23.58,43.917,0.223247426888041,3.62698486309567,1,0,0,0
2322,64.5917443872077,16.96,24.927,0.102092236669897,3.39516962456727,0,1,0,0
2323,59.2182505170883,36.25,34.114,0.227704788114713,3.8600345442999,0,0,1,0
2324,66.0184192553157,36.62,29.989,0.156530205832978,3.52410443514392,1,0,0,0
2325,68.8897335652583,11.71,9.936,0.198659585827862,3.45596918510069,0,0,1,0
2326,67.0830723835693,7.6,34.494,0.241556689885241,3.70280952845402,0,0,1,0
2327,41.2338614536655,29.49,12.695,0.215732507259155,2.86968587827891,1,0,0,0
2328,53.3467014801744,33.4,31.08,0.0929346737808416,3.21306177522506,0,1,0,0
2329,61.0732469996546,13.2,16.299,0.19902747021878,3.74720658633765,0,0,1,0
2330,43.8333961864438,33.92,28.015,0.282963347587634,2.58719253465163,1,0,0,0
2331,63.0243457614043,11.67,8.507,0.140525216898489,3.16341972162745,1,0,0,0
2332,71.7426107394555,25.42,1.62,0.0940039966175346,3.20291218600522,0,1,0,0
2333,61.3081956540579,17.92,36.524,0.133221018604039,3.24325253610474,1,0,0,0
2334,43.5689689869651,30.62,35.383,0.271143667180194,3.09756051657472,1,0,0,0
2335,72.9488010083969,27.11,35.988,0.212855171340436,3.52752220430497,1,0,0,0
2336,66.7605040515001,26.55,39.067,0.205267803895044,4.25360929462112,1,0,0,0
2337,38.285136229622,6.49,7.833,0.192267206622386,2.84372560751418,1,0,0,0
2338,46.5937424443187,28.24,39.151,0.0813624965027629,3.76731599487203,0,1,0,0
2339,65.6563695928375,37.26,29.316,0.100704556354547,3.31919414938602,0,1,0,0
2340,69.9567678106115,13.37,29.091,0.281950898275054,3.49793992112009,0,0,1,0
2341,60.4968522415668,19.14,30.439,0.0795821432727216,3.92656863008561,0,1,0,0
2342,64.3478035443093,20.11,3.871,0.112767786847572,3.57251761941589,0,1,0,0
2343,66.2913714063716,28.65,24.344,0.213331019797904,3.9836012093926,1,0,0,0
2344,69.080298331808,17.03,15.309,0.234936728685929,3.9790574754711,0,0,1,0
2345,65.0895734763081,7.7,2.814,0.264096802233172,3.41076794198714,0,0,0,1
2346,60.006678607723,19.97,3.629,0.246491767576178,3.13832989883667,1,0,0,0
2347,53.0650135990523,3.85,0.2,0.246278779652921,2.95963944379084,0,0,0,1
2348,69.0560390059659,16.0,19.41,0.271908727185788,4.53640436602623,0,0,0,1
2349,42.9125493341871,29.01,16.707,0.157262766550962,2.98978211914374,1,0,0,0
2350,63.1541173458776,13.57,4.27,0.175689213965023,2.76999076006543,0,0,1,0
2351,61.5981354649346,21.59,2.21,0.172008073519623,3.46407672854074,0,0,1,0
2352,47.0815266514048,30.62,29.971,0.0466185444246618,3.51771866059925,0,1,0,0
2353,64.1611806568854,9.95,28.96,0.169757558436585,3.63830426955967,0,0,1,0
2354,62.0564424332873,35.87,28.509,0.231093186942042,3.09450963259961,1,0,0,0
2355,58.9898176536767,25.38,41.219,0.340763347261347,3.23742330900331,0,0,0,1
2356,55.3073565148892,11.12,4.042,0.377936180990008,3.2197140528933,0,0,0,1
2357,43.005329691739,34.35,23.44,0.207887441885229,2.95545468223009,1,0,0,0
2358,57.9821712975911,32.71,28.274,0.077963537149632,3.44592753507235,0,1,0,0
2359,55.8253538884211,29.78,2.821,0.267970406322484,3.50997890955265,0,0,0,1
2360,61.7183052377471,20.55,22.655,0.0879911377013974,3.47159752272097,0,1,0,0
2361,60.3063855159823,30.28,35.641,0.203112403868891,3.39416601913876,1,0,0,0
2362,55.961025443317,6.51,4.601,0.265685439796569,3.74814180651355,0,0,0,1
2363,65.9360224216264,11.81,9.012,0.104125161920727,3.15249041547922,0,1,0,0
2364,52.3290387128866,15.58,10.046,0.155771754913004,3.56364206940206,1,0,0,0
2365,62.9182105325614,29.56,35.247,0.196608662918274,3.35505369176426,1,0,0,0
2366,66.9306869009913,12.87,12.378,0.235124025199845,3.65496860955827,0,0,1,0
2367,69.1151419287756,13.78,14.036,0.217723949199636,3.91972636190095,0,0,0,1
2368,61.2467382639713,28.34,31.428,0.203522414860225,3.02933885107859,1,0,0,0
2369,58.0787089056559,6.5,3.993,0.297079162178714,3.43050427633042,0,0,0,1
2370,66.7651496120939,36.67,30.931,0.195887271781542,3.44183273010362,1,0,0,0
2371,70.7540545343178,5.7,21.163,0.129607998760057,4.11396925213704,0,1,0,0
2372,38.0795284089091,32.83,8.581,0.12728522013884,2.80431740349248,0,1,0,0
2373,65.8426428452714,32.85,21.916,0.0567459533722047,3.53095605749835,0,1,0,0
2374,56.487421025189,4.59,4.828,0.207896610326197,4.00753290553357,0,0,0,1
2375,67.7034223724021,31.17,14.082,0.100101036534933,3.94201202457423,0,1,0,0
2376,59.8066347176,27.04,20.255,0.108983003105677,2.99695673064561,0,1,0,0
2377,69.0967948501276,8.79,15.322,0.140377460780317,4.10639628201163,0,1,0,0
2378,66.1066276477776,34.23,15.294,0.142755589978522,4.40245406811778,1,0,0,0
2379,62.9948173763402,22.32,12.429,0.181953877017087,2.86933655322542,1,0,0,0
2380,64.0020515846193,6.91,11.423,0.335974212018384,3.827914294981,0,0,0,1
2381,62.4024447595745,20.43,16.011,0.106307005271269,3.8940009025639,0,1,0,0
2382,64.6155953105291,9.88,21.253,0.0784837686251532,3.75434740074963,0,1,0,0
2383,61.8374690417609,12.05,23.225,0.0940228501846053,3.15556370518969,0,1,0,0
2384,66.7953416683645,16.55,17.007,0.114419189476925,3.62832352192992,0,1,0,0
2385,69.2221057980465,25.09,10.735,0.266311665821652,3.20960603792317,1,0,0,0
2386,49.2196535851372,30.03,39.736,0.212978888756627,3.39286656308376,1,0,0,0
2387,60.5833287578367,27.01,27.226,0.197425615425537,3.28155162626235,0,0,1,0
2388,65.1747605705459,8.36,28.658,0.311616054217385,3.25931950636632,0,0,0,1
2389,50.8377775155061,37.79,38.644,0.205537996622761,2.77313403834544,0,0,1,0
2390,57.9502631068809,27.69,21.228,0.144444350088257,3.31221840528734,1,0,0,0
2391,63.3251667421803,12.74,16.815,0.097502790845863,3.58274964100822,0,1,0,0
2392,65.0002785377001,10.64,17.773,0.0853872911297519,3.70262073918948,0,1,0,0
2393,68.7710180547368,18.58,12.512,0.100610730158431,3.51363225152345,0,1,0,0
2394,64.6332143292276,22.56,31.068,0.185545121229087,3.20344272363752,1,0,0,0
2395,69.2305951874709,29.63,19.916,0.364516421727388,3.87772133145373,0,0,0,1
2396,65.7442549011711,34.43,33.403,0.118374690065973,3.53888167411986,1,0,0,0
2397,48.045418248557,21.31,39.972,0.081038029562806,3.39138754897388,0,1,0,0
2398,67.105454198504,10.71,16.312,0.232184856940097,4.03117988011196,0,0,0,1
2399,67.9110504304822,14.29,17.937,0.0890559255193539,3.96594705532863,0,1,0,0
2400,65.1915565116893,12.54,14.294,0.183778659076625,4.07622848818109,0,0,0,1
2401,43.4211326972657,6.75,7.045,0.12705771069021,3.44850379403628,0,1,0,0
2402,70.9475313169249,6.16,15.6,0.224903837416534,4.04427303893832,0,0,0,1
2403,54.6063728646264,36.43,35.055,0.0913230622882363,3.32287273411621,0,1,0,0
2404,66.2785807812816,29.08,43.96,0.117081087580814,4.35718807844603,0,1,0,0
2405,68.7285122432349,24.94,31.81,0.206895877589563,4.10062427966703,1,0,0,0
2406,66.7389641048775,21.45,12.187,0.185086215852041,3.19385220774868,1,0,0,0
2407,75.7784057032281,8.9,14.746,0.0813547827592432,4.4843860251604,0,1,0,0
2408,46.4016833187225,27.13,32.416,0.223335631546396,3.07982933662085,1,0,0,0
2409,60.3856149411703,28.22,23.628,0.175943802239491,3.93911015796084,1,0,0,0
2410,71.4276701273748,5.29,34.154,0.1549062835799,3.54995391086849,0,0,0,1
2411,66.3325495614204,7.47,24.59,0.212824694609979,4.11110863056821,0,0,1,0
2412,55.7183095696748,33.78,40.239,0.0706854843074996,2.58027518871423,0,1,0,0
2413,62.2789663082202,15.66,9.44,0.0584426168318894,3.34250973018129,0,1,0,0
2414,56.201690038633,3.6,5.27,0.226097750049061,4.30705265134482,1,0,0,0
2415,54.2945773628309,8.6,3.869,0.211643546457658,3.28154066682459,0,0,0,1
2416,64.7306251662183,23.26,31.996,0.207192018417212,3.2929995809644,1,0,0,0
2417,65.067258811758,7.18,15.265,0.185413245687625,3.74384293485499,0,0,1,0
2418,62.3439734598542,25.58,18.308,0.170005603429688,3.56074115451634,0,0,1,0
2419,54.8098153309574,31.66,27.183,0.141867362966559,3.19939544405036,1,0,0,0
2420,63.1904460238109,30.62,29.543,0.409060630931353,3.29817505079218,0,0,0,1
2421,62.6296482542631,18.37,5.483,0.0969610378979155,3.64440671495754,0,1,0,0
2422,67.5525062048555,14.49,4.06,0.190935591882409,3.77979420819349,1,0,0,0
2423,63.0213823958169,25.96,33.336,0.227775085627545,4.02052865882865,1,0,0,0
2424,40.9574099751804,8.07,9.106,0.239689215627466,3.05252290036224,0,0,1,0
2425,58.91699206582,29.8,29.05,0.23016402686438,3.16605151549968,1,0,0,0
2426,69.9375980850855,13.28,32.84,0.111286751895494,3.78009534679013,0,1,0,0
2427,57.1392397390445,33.62,33.213,0.242868193398762,3.32611752448509,0,0,1,0
2428,66.9723780391179,21.99,13.122,0.246352401047013,3.61860868750768,0,0,1,0
2429,61.5045839516645,22.68,3.944,0.210648931149794,3.19402620948085,1,0,0,0
2430,73.6266158325423,30.13,21.67,0.091747012508962,3.91461782858282,0,1,0,0
2431,51.0510622090777,28.72,33.771,0.102389589865282,3.27687589145601,0,1,0,0
2432,58.3511973592675,29.95,14.326,0.115992058889029,3.45663943772108,0,1,0,0
2433,59.7082044335985,32.79,31.954,0.106841283094172,2.84897495670603,0,1,0,0
2434,46.8094404711663,21.32,13.0,0.215292279891597,3.92696430443706,0,0,1,0
2435,66.2319828994302,13.78,10.007,0.126919078866232,4.02829719863045,0,1,0,0
2436,70.1865068102585,31.78,31.043,0.234521483867665,3.30753305453781,1,0,0,0
2437,57.2228838292734,17.08,18.3,0.165323592461122,3.56153863726868,1,0,0,0
2438,68.1140660570383,15.22,18.179,0.312809405594475,3.02452938304439,0,0,0,1
2439,57.7566048457274,10.53,2.985,0.290983027412333,3.23690375268324,0,0,0,1
2440,61.9606732441711,17.38,24.169,0.212095672986152,3.82133208541944,0,0,1,0
2441,46.6494221024176,5.88,6.177,0.254741543325002,2.55424362613898,0,0,0,1
2442,65.2216177873449,40.43,40.81,0.224153777650276,4.2878982858568,1,0,0,0
2443,63.752065960364,18.03,1.424,0.096403475183398,3.39968672356294,0,1,0,0
2444,60.4777127812491,14.54,17.624,0.226115534287048,3.62223972540515,0,0,1,0
2445,62.7316156840063,30.25,36.397,0.225137288873817,3.71206170715297,1,0,0,0
2446,58.1999586284228,26.78,34.656,0.0903781043282533,3.04964985672479,0,1,0,0
2447,63.8233560744692,22.75,29.719,0.219831190246704,3.83144383528101,1,0,0,0
2448,71.3230244794388,12.38,8.703,0.201519690867087,3.60364515960154,1,0,0,0
2449,55.7780019056847,15.95,10.367,0.210448279892669,3.31539161347725,1,0,0,0
2450,65.2545867404352,9.58,27.62,0.25289343580742,2.75707904243111,0,0,1,0
2451,58.427086171394,16.86,14.59,0.270246828969715,3.2494844247068,1,0,0,0
2452,65.0324291229175,17.08,9.401,0.147927005194178,3.91675525544266,0,1,0,0
2453,62.7768801013524,27.79,5.657,0.210868547471356,3.49010085259595,1,0,0,0
2454,62.1412624910615,23.95,48.838,0.192124521375287,4.12588311262223,1,0,0,0
2455,68.2370574139633,6.66,23.486,0.331454369901176,3.49266102294166,0,0,0,1
2456,65.3454279192054,28.98,23.242,0.177912419826818,3.49909335286947,0,0,1,0
2457,54.1286326173882,4.49,8.237,0.238401970923326,2.9766818847171,0,0,1,0
2458,49.9609080507399,32.86,23.692,0.119190956918087,2.92463449500751,0,1,0,0
2459,62.841226914262,21.65,19.351,0.228389373447689,3.66022324229747,1,0,0,0
2460,59.0035750922814,20.21,8.878,0.0772695802502295,3.49237356789598,0,1,0,0
2461,50.7954657262001,22.99,23.735,0.057347708921018,3.39497304498274,0,1,0,0
2462,61.616408980723,39.19,29.348,0.1220550218463,3.97656438704667,0,1,0,0
2463,57.8780004725333,16.34,7.604,0.231150470787123,3.64064746613508,0,0,1,0
2464,59.8598963169636,25.52,38.016,0.124303858835085,3.44166135241658,0,1,0,0
2465,54.2909041875206,9.41,7.337,0.195947875713664,3.56499962807301,0,0,0,1
2466,64.4431947763773,24.62,12.077,0.0936820292531851,3.65450769314911,0,1,0,0
2467,56.3677793798549,30.85,26.769,0.223350888726582,3.30440258086444,1,0,0,0
2468,63.1290522488653,23.89,24.648,0.249263001835929,3.0135410713321,0,0,1,0
2469,63.9890576190952,24.22,3.857,0.219773631313044,3.53266378647478,0,0,0,1
2470,49.3404482065049,9.68,3.577,0.217762386782194,3.30491290796369,0,0,0,1
2471,51.5631949564149,7.1,4.733,0.219229076456923,3.40747821005708,0,0,0,1
2472,60.0179578422551,32.18,16.162,0.200939919490835,3.77917649540609,1,0,0,0
2473,58.3769000130914,20.3,10.596,0.211056412980746,3.36364732108657,1,0,0,0
2474,57.4074765674459,8.27,5.591,0.306334014123308,3.83614397458011,0,0,0,1
2475,64.653414259568,18.06,23.826,0.181237596676563,3.49766384718517,1,0,0,0
2476,55.6859276692807,30.32,14.498,0.424257032789777,3.62201328688968,0,0,0,1
2477,48.1768103334746,21.13,4.104,0.198461972225302,3.38117691136359,1,0,0,0
2478,62.1296803451023,24.06,26.834,0.106325023090065,3.53401640022083,0,1,0,0
2479,61.1655061085931,39.89,10.187,0.19332936754065,3.18557204314686,1,0,0,0
2480,68.3876397774715,18.02,11.978,0.245479810519952,3.71859977848884,0,0,1,0
2481,59.4369637934387,5.86,9.007,0.38237214449413,3.65039719587571,0,0,0,1
2482,52.4845151597268,12.07,9.245,0.342361828627266,3.31276653693074,0,0,0,1
2483,62.7615790754633,5.66,3.743,0.316023239854092,3.97334945921647,0,0,0,1
2484,64.9119588156674,14.25,23.027,0.120315247473304,3.42055406483468,0,1,0,0
2485,49.2828194724318,32.79,22.199,0.11574124755068,3.11617214904935,0,1,0,0
2486,65.576080114046,7.32,29.706,0.221558695789064,3.71127766456661,0,0,0,1
2487,65.7373928806354,32.1,33.715,0.160433776151335,3.15298442688199,1,0,0,0
2488,55.4987514757125,4.82,1.503,0.244960711987537,3.36861579640155,0,0,0,1
2489,54.6522828236544,18.54,6.331,0.206457423885387,3.68698421478935,0,0,1,0
2490,60.5465484668816,19.27,1.002,0.251615630589651,3.93298821582165,1,0,0,0
2491,60.7560723729907,33.84,19.708,0.25706338186142,3.41794992912023,1,0,0,0
2492,66.3837435460848,33.17,20.883,0.20712502253194,3.44377978957875,1,0,0,0
2493,54.8784324986391,25.22,28.569,0.0988587194954916,3.78520281696621,0,1,0,0
2494,61.5322977467347,30.86,20.455,0.0590313180845998,3.70801497572321,1,0,0,0
2495,67.4196757073692,22.31,17.75,0.180946540716396,3.95832324209047,1,0,0,0
2496,57.2855407590308,17.36,11.626,0.198604951367345,3.33419967806552,0,0,1,0
2497,67.52419261111,6.27,17.214,0.110548218705797,2.82486555283149,0,1,0,0
2498,56.0272275494259,27.56,40.876,0.23063750909683,3.58393031230865,0,0,0,1
2499,62.4989067934033,32.45,6.459,0.10485653113616,3.5329269742292,0,1,0,0
2500,66.9667061898805,39.78,34.578,0.050406963452711,3.88273811237613,0,1,0,0
2501,62.3568836094832,21.11,9.949,0.184702928533835,3.54808350474549,1,0,0,0
2502,56.7279138305362,6.03,4.445,0.320184804921125,2.91976922682811,0,0,0,1
2503,66.1612038680831,14.69,15.261,0.267069910655549,3.77454767173385,0,0,0,1
2504,63.2693339485132,32.5,26.919,0.210929696357468,2.84923209416145,0,0,0,1
2505,67.9790087891186,10.78,5.865,0.293052366537472,3.86529255316848,0,0,0,1
2506,66.9668630103072,34.49,26.519,0.178826073511067,3.99036573893079,1,0,0,0
2507,65.11710492808,20.49,2.642,0.421725966660385,3.94083189578554,0,0,0,1
2508,62.5361074741461,37.54,37.782,0.179600980577206,3.65185905825463,1,0,0,0
2509,50.2412977083591,4.86,0.119,0.278161716094614,2.85408600046403,0,0,0,1
2510,56.8099433494978,11.55,4.683,0.449700390203763,3.16484631973682,0,0,0,1
2511,53.8903530342934,3.58,4.46,0.223897726682115,2.94731048520846,0,0,0,1
2512,66.2651294826836,21.84,3.571,0.160469546366088,3.98882900528591,1,0,0,0
2513,70.0674440936647,9.34,21.93,0.171576519052874,4.54760697148317,0,0,1,0
2514,65.2468789429686,30.76,34.551,0.100306806945674,4.02841569227951,0,1,0,0
2515,56.496016583265,31.45,35.745,0.300124656184644,3.74033269924131,0,0,0,1
2516,58.4348734609079,25.76,27.064,0.235540182192237,3.47981513605061,1,0,0,0
2517,62.0934124866853,17.84,10.441,0.222037089246953,3.12189953450254,0,0,1,0
2518,62.5481036155366,37.22,15.364,0.130533726031485,2.93354075056795,1,0,0,0
2519,56.2292648081626,30.03,42.533,0.214587662952668,3.42492093887832,0,0,1,0
2520,67.3335691594213,9.95,4.171,0.208729075927035,3.77746788556614,0,0,1,0
2521,48.3019431310887,29.85,17.647,0.265337954045995,3.18887074640393,1,0,0,0
2522,60.2206274893973,37.21,38.696,0.165300697918154,3.73101287803632,1,0,0,0
2523,67.8916280414082,23.86,13.683,0.0993022442730864,3.77420328108277,0,1,0,0
2524,62.9947100736985,12.92,0.962,0.198262463209319,3.71651365152555,0,0,1,0
2525,60.5676411436566,27.19,32.765,0.133448968982528,3.35518216179959,0,1,0,0
2526,49.0741910668588,31.97,31.344,0.134858896692816,3.17050994837182,1,0,0,0
2527,62.4979157475232,9.7,9.024,0.239024547129029,3.45739824822579,0,0,0,1
2528,46.9841383704672,18.96,4.04,0.400280178148987,3.13231675217913,0,0,0,1
2529,59.6389788091827,7.92,4.955,0.201766740545689,3.92668765478206,0,0,1,0
2530,53.0662998118475,8.28,9.796,0.247879188603853,3.76912952350197,0,0,0,1
2531,58.6518259546375,28.11,42.188,0.192536881148858,3.58521269999261,1,0,0,0
2532,62.765200492664,19.86,7.567,0.184415008827234,3.58601310122688,1,0,0,0
2533,57.2443176881027,23.22,12.975,0.209110033754531,3.16679211523362,0,0,1,0
2534,74.1190611877528,10.6,25.451,0.230269917486239,3.57305723103193,0,0,1,0
2535,50.1280175751941,6.03,7.605,0.245148765326638,3.27396040774566,0,0,0,1
2536,70.3329272434051,7.07,29.23,0.0842934110815694,3.37904665431904,0,1,0,0
2537,41.0317113596774,5.48,3.21,0.314699534722475,2.80216956831565,0,0,0,1
2538,52.936904683485,3.61,4.168,0.319066197395814,3.52215563155584,0,0,0,1
2539,48.8699594903093,27.35,30.211,0.190498316087985,3.80842212523057,1,0,0,0
2540,46.8317370139122,18.92,45.806,0.0911816280619636,3.27154811447637,0,1,0,0
2541,65.1777379700635,26.1,7.052,0.106625462885197,3.46429331868292,0,1,0,0
2542,48.7293932235138,29.67,27.49,0.175676783444615,3.17957799207651,1,0,0,0
2543,49.2567125301091,29.53,32.573,0.158740922150587,3.5802432187996,1,0,0,0
2544,63.3776886941422,8.89,8.996,0.152921152219701,3.66671438642521,1,0,0,0
2545,61.218996010381,28.49,39.96,0.26957295543059,3.71563404167278,0,0,0,1
2546,49.5014696161691,34.11,25.145,0.1357792273065,3.3058316387117,1,0,0,0
2547,66.6866806863403,37.35,16.794,0.225316344060697,3.32322653308378,1,0,0,0
2548,62.7963985113013,36.21,37.702,0.0948430292810165,3.60634645583315,0,1,0,0
2549,60.9942466016837,25.15,27.64,0.225127964979437,3.15939399852451,1,0,0,0
2550,47.8960785569207,26.11,32.523,0.115920335135011,3.02333160466027,0,1,0,0
2551,65.0442582180989,6.3,9.892,0.0919060910566383,3.24994054855456,0,1,0,0
2552,54.7030880327993,38.81,40.901,0.137744858883932,3.3973625475221,1,0,0,0
2553,61.7562731003275,20.35,3.784,0.20926378051789,3.26283819925367,1,0,0,0
2554,42.5256697663238,20.64,9.096,0.109050929476946,2.93321119378874,0,1,0,0
2555,62.1576095894975,7.37,34.367,0.107483388002523,3.09703112566614,0,1,0,0
2556,50.9144852909407,28.72,42.995,0.209875561409165,3.06992128805752,1,0,0,0
2557,63.2958833014703,24.74,43.785,0.30502663399929,3.70385150909675,0,0,0,1
2558,50.7524267838771,4.06,5.3,0.316915811103802,2.99308179239794,0,0,0,1
2559,52.704107476949,5.68,3.991,0.298397693809942,3.08522259040114,0,0,0,1
2560,59.4802808496902,17.1,11.087,0.186615642792052,3.52246570451068,1,0,0,0
2561,70.2134163898756,9.38,8.061,0.25395673709843,3.49078001473588,0,0,0,1
2562,68.4925799933468,5.16,6.269,0.266002281671318,3.51571184193726,0,0,0,1
2563,70.1929272973175,34.83,32.252,0.169523950056565,3.57142368353986,1,0,0,0
2564,70.4370361007847,10.59,2.862,0.105690364516871,3.81587107441001,0,1,0,0
2565,63.8746522601483,26.47,38.068,0.101392047885532,3.94360797507829,0,1,0,0
2566,64.7698065908356,28.99,39.999,0.337691926322514,3.20527401442508,0,0,0,1
2567,60.1636302201597,16.28,18.46,0.24966310139104,3.48749232431127,0,0,1,0
2568,59.9152266610082,27.46,28.316,0.151797428491651,3.56881162204957,1,0,0,0
2569,72.8578678839292,16.99,7.065,0.348618086792613,3.72715225113467,0,0,0,1
2570,67.2249171582904,23.34,26.766,0.0694531091448952,4.04343199172684,0,1,0,0
2571,66.7155977941522,10.68,33.323,0.184707670674857,3.64435349618213,0,0,1,0
2572,67.2836345486138,36.8,52.427,0.249993736207113,3.28370031981515,0,0,1,0
2573,61.6640079993599,21.47,3.311,0.0951907652003227,3.44334764479883,0,1,0,0
2574,36.480980984115,8.92,5.22,0.32133019824724,2.86676533149066,0,0,0,1
2575,48.1754228133203,3.58,9.458,0.089312819339528,2.89868944240441,0,1,0,0
2576,60.6799510016198,31.13,25.907,0.147664348680187,3.12657607953003,1,0,0,0
2577,59.5875977205258,33.55,38.881,0.223642204140818,3.77881223336216,1,0,0,0
2578,49.3152041768629,10.61,8.865,0.308234940865076,2.85406760951299,0,0,0,1
2579,56.5984563213535,8.34,0.415,0.201988202537143,3.46119280467385,0,0,0,1
2580,71.1905786299377,16.75,10.642,0.224173657473794,3.61001640658455,1,0,0,0
2581,64.6317200920097,27.09,26.972,0.130688279557854,3.31541800375662,1,0,0,0
2582,70.0584503611222,21.33,30.115,0.101926847073885,3.03909609197846,0,1,0,0
2583,51.3105704358393,27.5,25.228,0.136734293694942,2.96611068975729,0,1,0,0
2584,70.8465244744263,9.6,10.564,0.0658416552875493,3.2432300332812,0,1,0,0
2585,64.3743922443084,23.23,17.975,0.195110096102196,3.09791028456198,0,0,1,0
2586,51.1484122833187,7.28,1.657,0.317065762570151,3.42056132193877,0,0,0,1
2587,70.8688700675449,8.8,24.536,0.109099585433405,3.43684513352644,0,1,0,0
2588,52.4390727792649,34.38,36.224,0.234948959963803,3.89257607426987,1,0,0,0
2589,74.2886508819233,14.79,14.88,0.101664245248288,3.00696924147513,0,1,0,0
2590,44.5637841582305,36.17,29.659,0.147148094231847,3.09570175303876,1,0,0,0
2591,65.1918704260488,29.13,41.856,0.199518122040227,3.46953995743768,1,0,0,0
2592,67.0262936840938,26.56,34.528,0.0917966195363325,3.67539295834067,0,1,0,0
2593,61.0192376743968,32.25,39.293,0.224121045826782,3.72951528540302,1,0,0,0
2594,57.9272221193233,29.78,28.814,0.207491853462538,3.37357012078474,1,0,0,0
2595,57.0747196890557,5.4,1.575,0.268913955326774,3.14451814755824,0,0,0,1
2596,43.2579116322106,30.35,37.492,0.13130776156181,2.82753768061006,0,1,0,0
2597,63.8832572042991,19.29,12.709,0.212572124405209,3.91078187174381,1,0,0,0
2598,51.0356818334033,36.74,22.615,0.268894214323934,2.67307631269282,0,0,0,1
2599,66.533539657023,31.89,20.325,0.344661045207492,3.7476992624765,0,0,0,1
2600,59.8376038267139,5.73,13.116,0.0922739958075103,3.51494220875252,0,1,0,0
2601,48.999475294042,8.1,1.515,0.379815819424364,3.44836124636566,0,0,0,1
2602,66.0381525291519,20.35,13.038,0.19329070452114,3.56000744406586,1,0,0,0
2603,45.838234494071,34.54,20.852,0.192912541166336,2.74009926882103,1,0,0,0
2604,58.738616651888,12.09,5.572,0.119638564082297,2.95941519632247,0,1,0,0
2605,61.2370635577288,34.09,34.644,0.127326323567164,3.28820730408534,0,1,0,0
2606,46.5735871659043,21.58,31.447,0.380154809331422,2.47053368291056,0,0,0,1
2607,59.2428484259422,16.58,11.921,0.0965529978936064,3.55047435801665,0,1,0,0
2608,64.2113524940726,20.75,34.955,0.202729056234126,2.8603350517775,0,0,1,0
2609,63.4726488289966,8.07,22.927,0.0859180917146219,3.62962219613389,0,1,0,0
2610,68.129899541788,7.7,32.565,0.450576954396476,3.99924650926117,0,0,0,1
2611,63.4214355793381,31.63,14.108,0.224933930650692,3.49036464231559,0,0,1,0
2612,44.9926247049492,8.47,4.875,0.306687598692079,3.38921119655166,0,0,0,1
2613,71.6427324337629,9.52,26.552,0.125911102572934,3.67758958337158,0,1,0,0
2614,61.0631159984398,24.61,36.354,0.230523678239982,4.04706006138316,1,0,0,0
2615,60.6409652674094,26.62,12.975,0.276487012644228,3.11521200816677,0,0,0,1
2616,49.8996060544642,32.4,30.182,0.162063697047815,3.12943026524248,1,0,0,0
2617,44.9855193933078,26.94,34.195,0.228569553577434,2.83942440502372,1,0,0,0
2618,63.8135675968331,22.6,16.826,0.0994422280451951,3.58869669380357,0,1,0,0
2619,57.6125608026823,37.3,32.983,0.295216506413961,3.45718487293995,1,0,0,0
2620,67.8696918118644,11.81,32.787,0.336334067867994,3.15176456345221,0,0,0,1
2621,62.4044559763859,20.72,15.532,0.078890565367477,3.16633457617997,0,1,0,0
2622,51.391584317818,7.22,8.705,0.23366808180723,3.35848687145196,0,0,0,1
2623,65.7968932413784,20.19,8.108,0.191055976003744,4.09533752646389,1,0,0,0
2624,58.3493998938889,38.24,17.331,0.312142424845115,3.68041347050202,0,0,0,1
2625,55.6955837377767,8.25,7.067,0.148886386068466,3.24104681882942,1,0,0,0
2626,66.3603317003033,6.33,9.341,0.0592098854562936,3.02176278179665,0,1,0,0
2627,61.9610480050538,13.76,16.887,0.142129502700947,3.63783067047017,0,1,0,0
2628,46.5210279294381,25.49,29.254,0.216512418880474,3.42776474865552,1,0,0,0
2629,69.135908627637,8.37,9.61,0.248906370725301,3.86058147425497,1,0,0,0
2630,53.2404029348681,29.85,40.127,0.240781625777115,3.22746535867162,0,0,1,0
2631,49.5964434623729,32.61,37.955,0.0804082064801155,2.99675341723329,0,1,0,0
2632,49.1046185779554,8.77,3.532,0.290131087751633,3.14088432343853,0,0,0,1
2633,52.7245917895949,37.62,33.874,0.0969773932623508,3.41388063942911,0,1,0,0
2634,61.4789821727702,31.18,38.661,0.220231107398832,3.21417200033326,1,0,0,0
2635,70.7879827281336,7.01,24.742,0.0870957731333528,4.14687186364249,0,1,0,0
2636,58.7865732615621,18.27,10.558,0.159144520001236,3.09817865811709,1,0,0,0
2637,44.9111442126841,32.02,22.655,0.23537408872593,2.52218539448336,1,0,0,0
2638,60.9388589661912,13.7,6.415,0.212456251884978,3.19708881007587,0,0,1,0
2639,62.7287812780143,18.65,6.925,0.229599936415973,3.74082849291119,1,0,0,0
2640,55.6385564189072,25.66,13.97,0.117386728097379,2.98385295060974,0,1,0,0
2641,63.0163629191945,12.13,13.391,0.445160443478395,3.78949933779689,0,0,0,1
2642,47.5966248795525,32.56,36.386,0.156838969009842,2.85635481241929,0,0,1,0
2643,56.1870067484255,6.92,5.902,0.213472271225446,3.83156304575059,0,0,1,0
2644,56.8647893058433,5.97,0.748,0.396531402465085,3.83434978783207,0,0,0,1
2645,58.6776217105297,27.76,21.285,0.21954100878856,3.98285707968757,1,0,0,0
2646,59.3669993209946,27.01,33.873,0.172216827063311,3.5551767051083,1,0,0,0
2647,62.3183666561303,16.63,12.88,0.211855200813442,3.13056839024241,0,0,1,0
2648,70.3524554096714,6.41,30.557,0.294937751361809,4.12326150413919,0,0,0,1
2649,46.0048786395763,27.64,34.994,0.305775707289473,2.997725150245,0,0,0,1
2650,66.4771834241621,33.4,1.098,0.197393282036193,3.59384915084513,0,0,1,0
2651,63.762363558725,19.96,35.118,0.219176105891483,3.07794492770241,1,0,0,0
2652,62.5928721879167,23.04,11.498,0.251420855917821,3.05723842253476,0,0,1,0
2653,48.9797085707393,29.75,39.311,0.233419295607409,3.21900744082323,1,0,0,0
2654,49.0068661409759,13.07,9.018,0.384600734101877,2.99691062350736,0,0,0,1
2655,62.3873086785927,27.88,10.755,0.0725332107986963,3.32824148463594,0,1,0,0
2656,68.8653462268984,7.63,33.862,0.355668880779301,2.84539754294878,0,0,0,1
2657,60.5677484030653,28.73,8.758,0.117517392892903,4.03311934403077,0,1,0,0
2658,61.6718192623465,22.44,35.369,0.225960344305892,3.04555308708169,1,0,0,0
2659,59.4024299971262,16.48,5.982,0.272474912263083,3.31263736942058,0,0,0,1
2660,41.5032908845972,4.12,8.342,0.288397464743261,2.56465608846741,0,0,0,1
2661,63.620844962452,28.99,34.367,0.23239335159316,3.18266067494562,1,0,0,0
2662,67.6706333153331,10.74,16.112,0.0864399875161964,3.44036656216807,0,1,0,0
2663,64.3678340395779,14.64,1.627,0.169018890323614,3.0612691179858,1,0,0,0
2664,67.4515745316704,26.11,10.526,0.270631520455447,3.62753464316482,0,0,0,1
2665,68.3181538469134,7.4,8.868,0.33863812601846,3.53277178961762,0,0,0,1
2666,67.2676916585948,9.73,14.124,0.272883249533693,4.33465898316132,0,0,0,1
2667,66.9262132253843,32.67,19.948,0.231282090206078,3.93747072323348,1,0,0,0
2668,50.9404741122018,25.91,26.009,0.200666529137527,3.09637240902436,1,0,0,0
2669,60.9925157050925,18.35,1.763,0.0953539817381132,4.05863539298024,0,1,0,0
2670,52.8863931813552,27.83,22.056,0.101555560439028,3.99227169708736,0,1,0,0
2671,46.9767095765827,31.41,32.704,0.0769797877394341,3.46778858502492,0,1,0,0
2672,56.3143111919381,19.69,15.937,0.176196968505625,3.80268794957322,0,0,1,0
2673,64.7203625517248,33.08,29.345,0.167686526762213,3.46554260290193,0,0,1,0
2674,63.4112360851027,11.88,33.345,0.225053182290039,3.40418666326146,0,0,1,0
2675,59.7930502670333,25.29,12.895,0.21674661176107,4.34071524702566,0,0,1,0
2676,46.129200852093,27.44,35.927,0.169110344723616,3.13704987725694,1,0,0,0
2677,65.3666320690543,9.61,14.67,0.217045469369594,4.22437405079016,0,0,1,0
2678,67.9220989244447,27.27,26.361,0.264486972757778,3.75437010460281,1,0,0,0
2679,70.1602167925638,24.11,8.531,0.134418504186843,3.38980952424024,1,0,0,0
2680,71.6322735678371,27.71,32.302,0.160698727419479,3.82431494171621,1,0,0,0
2681,68.2251428606523,26.56,30.821,0.124803804380157,3.51997173723665,0,1,0,0
2682,38.5641996035699,7.89,7.405,0.311754092790189,2.79589227381483,0,0,0,1
2683,64.1957284102692,9.7,15.028,0.10963270743468,3.2747698838802,0,1,0,0
2684,42.9586568828833,30.19,32.316,0.182823848852094,3.04448954552953,0,0,1,0
2685,60.4055746667648,24.31,1.322,0.109458238697584,3.25210035092018,1,0,0,0
2686,61.4011796938003,37.03,28.973,0.248855602642618,3.56080967923046,0,0,1,0
2687,60.8780116169292,16.13,13.513,0.189966045837373,3.27500742040269,0,0,1,0
2688,63.5635509086366,4.53,0.684,0.438077166108633,3.97799135757162,0,0,0,1
2689,64.875198416121,13.22,24.347,0.0822058985335442,3.33101842690964,0,1,0,0
2690,52.2678565948815,38.85,50.514,0.158066115307664,3.57548998033704,1,0,0,0
2691,67.6552564612862,9.04,33.802,0.0909253872270804,3.68678605241549,0,1,0,0
2692,56.1508582111602,5.26,5.852,0.288261939591172,3.11104664298287,0,0,0,1
2693,61.483367465427,29.52,29.934,0.110215943290376,4.12842399499474,0,1,0,0
2694,59.5194237774209,31.71,37.313,0.163739777846826,3.54802804832239,1,0,0,0
2695,77.0029898515367,12.17,7.864,0.0868198281010668,3.28364087169693,0,1,0,0
2696,69.0007007000797,11.96,34.978,0.0670202747763059,3.00913379083275,0,1,0,0
2697,70.706183083032,11.16,8.851,0.390125851429767,3.96027639813009,0,0,0,1
2698,66.2707080537981,25.12,32.955,0.108901264910385,3.71424395029979,0,1,0,0
2699,63.9331924053485,25.29,4.675,0.163984425717505,4.00589386554005,0,0,1,0
2700,61.0655323595882,36.75,34.026,0.18604544986908,3.10438409903649,1,0,0,0
2701,70.0461912187022,13.05,9.313,0.121193652779532,3.21376531127169,0,1,0,0
2702,68.1401466115999,26.16,20.85,0.264738375274129,2.61332315389797,1,0,0,0
2703,69.6111492162805,13.02,13.454,0.119448765915971,4.17055046492057,0,1,0,0
2704,68.0636620613905,28.19,34.379,0.087015967544393,3.67331819590085,0,1,0,0
2705,67.5244749354012,19.9,17.883,0.304807113310312,4.30375860386668,0,0,0,1
2706,77.7758995510808,25.29,27.108,0.243518868811523,4.1836899529086,1,0,0,0
2707,63.4603484954234,32.13,31.194,0.197856202630899,3.99063819553916,1,0,0,0
2708,62.9193461671658,12.31,9.128,0.0782792762122183,4.18506650903465,0,1,0,0
2709,69.989047493286,13.41,29.885,0.194480436820511,3.79922310120343,0,0,0,1
2710,64.586765769962,35.83,38.588,0.118271073107789,3.46667715646167,0,1,0,0
2711,60.5642778350255,26.25,3.564,0.156655362902363,3.08524090086747,1,0,0,0
2712,61.5637602157251,22.44,19.404,0.174749551556022,3.49805750072757,0,0,1,0
2713,67.5432591744868,19.61,19.089,0.115043197971197,3.86240214382445,0,1,0,0
2714,59.198920622814,33.27,24.527,0.101871244459513,3.59360889330926,0,1,0,0
2715,51.6822984476397,7.47,8.463,0.27664594983075,3.44045239619354,0,0,0,1
2716,49.2694568746178,38.53,32.23,0.081949726870401,4.05360320870658,0,1,0,0
2717,41.700493621603,31.7,19.962,0.105500859949644,2.76131856707721,0,1,0,0
2718,66.4077610092708,7.63,32.322,0.104812658444177,3.17044815107852,0,1,0,0
2719,62.2906957346775,29.13,18.985,0.342318036333785,4.03735143914232,0,0,0,1
2720,55.7860108933799,28.73,10.02,0.0813144146593564,3.45050559302173,0,1,0,0
2721,64.3741151974214,16.29,1.319,0.200265488104517,3.25107791863342,0,0,1,0
2722,63.6217583430341,29.69,29.637,0.183766055560994,3.26180766837733,1,0,0,0
2723,42.4484387601717,30.24,23.79,0.219162629036403,3.05518392688832,1,0,0,0
2724,49.5830242900654,28.98,30.845,0.239085686584265,3.04421164234653,1,0,0,0
2725,60.2377211862252,18.88,2.808,0.109288019353489,3.63564370535511,0,1,0,0
2726,60.8416590592033,18.22,19.12,0.085047041743277,3.52527340007657,1,0,0,0
2727,56.9500523481203,28.43,23.552,0.0810319391984356,3.26098487474868,0,1,0,0
2728,55.1230848669373,25.46,28.955,0.275556079662822,3.28360761634875,0,0,0,1
2729,47.5340768496135,34.11,37.195,0.251677309156955,3.59005136262471,1,0,0,0
2730,50.1111964264836,25.58,17.593,0.171355892894171,2.93765098924042,1,0,0,0
2731,54.4731784437875,23.24,29.533,0.253174315392685,3.13221133068488,0,0,0,1
2732,47.9039666877165,33.51,37.57,0.206737871673241,3.06776003407786,0,0,1,0
2733,58.5439345175794,20.75,16.813,0.242561099611054,3.80926342469339,0,0,0,1
2734,65.7495480248519,10.24,17.44,0.272426802254872,3.26083177350326,0,0,0,1
2735,64.3795558963393,23.14,12.685,0.187577720014961,3.59694357788843,0,0,1,0
2736,69.4011888375928,12.31,33.913,0.226407752243641,3.70680286713355,0,0,1,0
2737,60.6262437755003,17.58,14.579,0.130680407369617,2.84591100503793,1,0,0,0
2738,62.3711305282117,9.11,13.876,0.395348141792241,3.08166320804104,0,0,0,1
2739,71.4278736735688,36.92,31.773,0.131127587383177,4.17463680794048,0,1,0,0
2740,67.1650209180492,20.71,17.056,0.0884145932984248,2.94472492324232,0,1,0,0
2741,67.2710162569888,32.24,32.797,0.0751107777021973,3.55618391739864,0,1,0,0
2742,53.8834951723447,10.32,5.582,0.219472702735382,2.75238398164877,0,0,0,1
2743,59.7051926852116,9.45,8.498,0.139602018793124,3.36881041703211,0,1,0,0
2744,45.7696320168091,4.29,5.571,0.120596095561884,3.13857123765427,0,1,0,0
2745,70.3420839769166,14.62,18.731,0.0885172891167542,3.01812226548477,0,1,0,0
2746,62.1700740405481,5.33,4.423,0.316639875788144,4.2117513468897,0,0,0,1
2747,64.7081003864373,8.08,20.146,0.0965547347511404,3.5459910125412,0,1,0,0
2748,60.0544555393855,22.44,15.83,0.126942396901947,3.67626845936678,0,1,0,0
2749,66.7605469434034,19.73,30.832,0.236735999399079,3.88262193750696,1,0,0,0
2750,59.3722497149854,32.69,10.455,0.265609740624577,3.28822606095975,0,0,0,1
2751,69.9638789660121,11.88,14.064,0.302460498626821,3.96668716222137,0,0,0,1
2752,51.1848414514268,24.24,31.607,0.140136857188281,3.57472939376576,0,0,1,0
2753,63.0627024326151,35.04,25.257,0.159482983639591,3.80665084242403,1,0,0,0
2754,68.4545002971681,33.77,17.317,0.248176477265735,3.95538019335962,0,0,0,1
2755,68.1635626831603,6.37,31.501,0.286345854217294,3.60924625243501,0,0,0,1
2756,64.5785994158366,27.44,22.82,0.0677337069382674,3.90713875990794,0,1,0,0
2757,44.4923317687751,25.66,22.684,0.0974614571267581,3.33791824571139,0,1,0,0
2758,63.4814364360069,23.44,15.119,0.155239360698445,3.78510911560812,0,0,1,0
2759,58.6534158769606,8.91,2.423,0.216883712745514,2.99993986467502,0,0,1,0
2760,62.5274021259927,25.97,29.839,0.170326038411861,3.52818934277036,1,0,0,0
2761,63.2853261785823,25.66,29.091,0.185817237623906,3.4716399825535,1,0,0,0
2762,58.3538370353635,24.29,17.487,0.158535292396176,3.32294276785064,1,0,0,0
2763,62.4449315238405,36.55,46.861,0.109671996747264,3.58314767618165,0,1,0,0
2764,71.1914548573069,29.24,32.817,0.0498590054259464,3.48283057525976,0,1,0,0
2765,59.6109255026488,31.36,40.031,0.0846757474878585,3.62441624921092,0,1,0,0
2766,49.864692356516,7.22,7.223,0.211004445225244,2.53775077282186,0,0,1,0
2767,47.9836211101454,3.99,8.837,0.259045020083184,3.42042555934255,0,0,0,1
2768,61.7123888756596,29.26,12.463,0.142133421384611,3.23369105367566,0,1,0,0
2769,49.5349417276588,34.61,29.968,0.21364142719424,2.94137605644179,1,0,0,0
2770,64.1263075139965,22.54,7.506,0.272828020981682,4.02276516514017,0,0,0,1
2771,58.5864012275949,10.51,24.439,0.267037350644615,3.76776259664069,0,0,0,1
2772,67.2924573076437,23.05,19.86,0.10520774978994,3.55351558847004,0,1,0,0
2773,58.8711708795245,5.26,7.541,0.229212000461737,3.01471445240995,0,0,0,1
2774,54.7496016407687,33.07,33.731,0.101924578714479,3.22056464205142,0,1,0,0
2775,64.0957057167551,7.79,9.614,0.335596069606824,3.38572325442046,0,0,0,1
2776,59.079979004227,22.42,6.325,0.229174528228087,2.85743781145739,1,0,0,0
2777,68.9761437968804,5.13,4.628,0.278666983607793,4.14613525589263,0,0,0,1
2778,65.5154671187276,32.69,16.232,0.14075164205264,3.69369382113125,0,1,0,0
2779,65.6970787632537,28.91,25.328,0.198322273095154,3.60437401193933,0,0,1,0
2780,45.1600281806164,28.0,27.733,0.152363698286034,2.86999125748239,1,0,0,0
2781,63.7292485330462,6.41,7.48,0.191789934926658,3.71510951381052,0,0,0,1
2782,59.7384607698377,24.63,19.797,0.215206576748983,3.80071453188105,1,0,0,0
2783,70.6592800979251,37.28,29.632,0.222860003395735,3.35685782788747,1,0,0,0
2784,60.9230502235324,16.47,7.17,0.240050870064837,3.59747749425592,1,0,0,0
2785,55.6723292385375,7.42,5.783,0.23812530246795,3.89527964662041,0,0,0,1
2786,71.8260637065983,7.17,31.801,0.0702049493248551,3.64243209317232,0,1,0,0
2787,55.0546059641969,19.76,2.347,0.255418647407003,3.19511237768616,0,0,1,0
2788,63.6160882108462,37.01,23.233,0.174991491242154,3.77566767373636,1,0,0,0
2789,56.156289969821,26.07,15.268,0.101331517416,3.39570427329803,0,1,0,0
2790,66.7199096346521,32.13,4.193,0.113109032001942,3.35149408030488,0,1,0,0
2791,60.8781207749631,34.94,36.075,0.273120094729293,3.73228912913214,1,0,0,0
2792,53.8748897530765,8.22,2.89,0.318868631764331,3.58938487386272,0,0,0,1
2793,58.7480167692621,25.61,25.568,0.120850429033675,3.65167074419212,0,1,0,0
2794,63.2003608214186,31.68,20.703,0.238209579639943,3.33658349032176,1,0,0,0
2795,71.5990933602295,9.97,18.69,0.107867852900301,4.60139621240383,0,1,0,0
2796,58.0555584737602,19.9,15.902,0.211192696724238,3.43888794804846,0,0,1,0
2797,57.7863371915378,18.89,10.282,0.18686378186873,3.45711757399623,1,0,0,0
2798,70.1288169553976,27.35,38.82,0.371447877867544,3.03559549629926,0,0,0,1
2799,64.3000948392516,14.41,8.618,0.392540263218653,3.04312087362011,0,0,0,1
2800,61.157519146879,29.52,25.112,0.133473475404756,3.52785635841736,1,0,0,0
2801,62.6328554836233,36.51,17.143,0.129247094195821,3.87096228574307,0,1,0,0
2802,66.2484095564079,25.89,17.975,0.05008353595917,3.43202773767115,0,1,0,0
2803,61.5619387700449,17.29,6.313,0.214821972229574,4.03667662124527,1,0,0,0
2804,60.6961169119354,32.76,26.086,0.0810969538375632,3.66491091454393,1,0,0,0
2805,74.4416760814019,13.36,26.481,0.190653324363982,4.13933823905506,0,0,1,0
2806,64.9030249558096,22.57,13.206,0.0961847393071241,3.8315663978148,0,1,0,0
2807,65.4832927288954,7.01,10.368,0.334610478944563,3.43923248927258,0,0,0,1
2808,70.1556130594529,32.97,26.425,0.329610362479733,3.92120895313798,0,0,0,1
2809,55.8859370014363,6.07,6.516,0.216159796078,2.92714151258056,0,0,0,1
2810,55.8167259855655,3.98,0.428,0.25693064520825,3.19387173517585,0,0,0,1
2811,66.9954335471948,24.5,10.08,0.253092903070723,4.08583006699123,1,0,0,0
2812,43.3275768501986,24.47,23.871,0.0900237594535838,2.88998108064225,0,1,0,0
2813,64.440041799236,16.91,11.645,0.252650293968671,3.27529532084416,0,0,1,0
2814,56.2721484684133,18.27,10.491,0.188730310989345,3.2502138217146,1,0,0,0
2815,63.2889682090358,14.13,19.565,0.24893995575392,3.50462731627127,0,0,1,0
2816,63.9434800334615,22.89,4.807,0.200203640957057,3.16763604030459,1,0,0,0
2817,51.9992651352293,26.51,41.234,0.280597598210974,3.00468159009554,1,0,0,0
2818,55.1703758709886,20.5,18.527,0.204949200090761,3.89567510351447,0,0,1,0
2819,60.1223457019259,33.95,33.024,0.0942514627542099,3.90382948632322,0,1,0,0
2820,60.2610333798796,22.88,4.781,0.0842068106801711,3.53070127659544,0,1,0,0
2821,70.6214979297007,5.4,10.874,0.3177219248892,3.65368385357546,0,0,0,1
2822,67.806336488188,7.3,20.053,0.10742192530375,3.45597465149603,0,1,0,0
2823,66.7614678763491,7.5,30.947,0.0943692504845538,3.47762177917563,0,1,0,0
2824,63.0375804583806,23.86,14.058,0.187103268044585,3.54779277824407,1,0,0,0
2825,56.1561340325762,30.76,31.785,0.158047142541251,3.99706267263767,1,0,0,0
2826,44.3128777460648,29.69,31.544,0.0776553704104247,3.0430071295699,0,1,0,0
2827,47.5990183951819,29.49,41.735,0.0989862178377925,3.26916469175515,0,1,0,0
2828,69.3280030872305,10.2,28.431,0.0787357093051769,3.17960569665477,0,1,0,0
2829,58.249062975219,34.95,29.919,0.235121839086824,3.90617387493316,1,0,0,0
2830,56.37707831074,16.08,7.246,0.110825431722397,2.80822867767737,0,1,0,0
2831,66.3556292324805,12.98,28.554,0.114660879011574,3.89258010829797,0,1,0,0
2832,59.313457094454,25.1,0.511,0.188648678429269,3.61831691393269,1,0,0,0
2833,68.8101520341556,14.0,18.931,0.388020077877389,4.0592447559007,0,0,0,1
2834,65.5099557285367,7.42,9.192,0.279544947150514,3.84449479702199,0,0,0,1
2835,71.0822555707278,8.83,3.098,0.0911646609703959,4.28187369908376,0,1,0,0
2836,59.581105281926,27.55,32.699,0.12246633601641,3.58803288024541,0,1,0,0
2837,69.3866152996123,29.4,28.292,0.216083398500163,4.17474929017431,1,0,0,0
2838,47.6211337265773,31.53,13.282,0.1817364529369,2.9118891880735,1,0,0,0
2839,69.7893860948559,12.75,17.785,0.342611786446906,4.61236479162975,0,0,0,1
2840,46.4456368585467,29.25,25.398,0.126383326347994,2.92451810361152,0,1,0,0
2841,70.3596750899062,39.47,24.997,0.32558567930911,3.89680026436778,0,0,0,1
2842,64.7874468636239,22.28,24.43,0.252098436963568,3.14310533643457,1,0,0,0
2843,44.540612345265,29.83,33.586,0.133712967745744,2.91766139167871,0,1,0,0
2844,46.0171503202995,4.19,3.55,0.289871121738613,3.24732165866245,0,0,0,1
2845,64.5865856636137,32.87,33.032,0.183303043910749,3.00175093875208,1,0,0,0
2846,64.2828086634587,12.62,6.708,0.095117904055975,3.76133297290232,0,1,0,0
2847,63.7147135066333,42.83,32.279,0.218585660359046,3.07613236747355,1,0,0,0
2848,62.6617237512515,36.1,19.911,0.386132233610942,3.89239146076858,0,0,0,1
2849,64.4078473619786,7.0,12.66,0.32321616929866,3.55270460422032,0,0,0,1
2850,56.091534628788,29.06,22.647,0.100277270803749,3.40504781948196,0,1,0,0
2851,65.9867497453055,19.15,26.046,0.108351106440903,3.66981894580144,0,1,0,0
2852,61.2741322208726,11.73,12.984,0.270139318846947,4.08694546159134,0,0,0,1
2853,52.9996897810905,15.06,1.735,0.325579400902787,3.12642487880695,0,0,0,1
2854,61.3830496299729,26.18,2.98,0.176527578832817,4.27117037500167,0,0,1,0
2855,62.5402514453905,24.48,2.521,0.179838315931632,3.90990790224024,0,0,1,0
2856,67.1190351057449,24.78,2.449,0.182583244696349,3.53874079282508,0,0,1,0
2857,69.2044742869113,35.72,19.639,0.240937494437856,3.56083750159419,1,0,0,0
2858,65.6495135297877,28.59,20.071,0.0652813896994952,3.55273296736956,0,1,0,0
2859,59.3032135586167,30.51,12.046,0.0397328044774706,3.90924989247186,0,1,0,0
2860,58.149764989868,26.07,4.836,0.102738988540298,3.48461552892951,0,1,0,0
2861,62.6019196450184,32.89,26.351,0.184152047031862,3.79554576198233,1,0,0,0
2862,66.486206785193,11.33,17.983,0.0935482810164671,3.85851477537755,0,1,0,0
2863,55.3914451272537,15.7,7.49,0.204836317190759,3.10945342648856,1,0,0,0
2864,69.2808117940144,11.45,21.004,0.353215905297536,3.92476956866532,0,0,0,1
2865,48.2104783959478,33.4,19.252,0.409074345622367,3.22454268795457,0,0,0,1
2866,62.1206968351751,30.2,36.891,0.174265276887617,4.05089161337203,1,0,0,0
2867,66.6754889448832,33.71,28.167,0.236326716134631,3.81282914241133,1,0,0,0
2868,49.2456702036194,38.95,30.458,0.175960846517925,3.36323466683718,0,0,1,0
2869,40.8433911580727,32.92,27.108,0.191656295112332,2.72167538630646,0,0,1,0
2870,66.6375940425422,9.04,32.704,0.213683663323839,3.21512696876098,1,0,0,0
2871,68.0631632321241,14.87,31.252,0.0905849947836006,4.17445725210671,0,1,0,0
2872,63.4438474755755,24.54,38.275,0.273432980641261,2.98987768310413,0,0,0,1
2873,67.0071925571956,10.49,13.846,0.247862537829397,3.69929841421048,1,0,0,0
2874,56.0577858679298,11.22,1.987,0.27272905792642,3.39627621302091,0,0,0,1
2875,62.4235971807609,26.58,30.723,0.159623544461909,3.37658375530428,1,0,0,0
2876,58.8492135662644,24.01,2.72,0.145897917721624,3.39890910132961,0,0,1,0
2877,62.8372854942388,36.22,33.097,0.196695686260528,3.04288060049947,0,0,1,0
2878,68.2656667054577,29.65,28.728,0.263236747132633,3.53320028283926,1,0,0,0
2879,45.0258523559208,28.01,25.722,0.226788106135597,3.22559301038085,1,0,0,0
2880,64.6015324926327,24.3,3.443,0.259304841110978,4.42150021919489,1,0,0,0
2881,64.1889194504231,27.44,37.009,0.191747434280897,3.95584726435856,1,0,0,0
2882,62.4429635964681,29.04,44.217,0.0844896175839007,3.84123368483199,0,1,0,0
2883,37.3345008873826,41.28,20.426,0.247188248520126,2.61181652913681,1,0,0,0
2884,72.439730530805,9.96,29.069,0.256225701760526,4.32509437018658,0,0,0,1
2885,60.8132211728538,22.82,19.136,0.114570578372842,4.02347822264017,0,1,0,0
2886,65.6093006001703,24.44,24.798,0.14689510301749,3.92481825890261,1,0,0,0
2887,62.4108820510554,25.65,6.901,0.254092909968867,3.51395445948304,0,0,0,1
2888,64.3670756763905,22.99,3.143,0.235232498700398,3.23070539070838,1,0,0,0
2889,50.758338044077,27.18,21.56,0.214920402021129,3.3116951239768,1,0,0,0
2890,70.2818712119533,22.8,41.636,0.0881876715860839,3.76367424995358,0,1,0,0
2891,48.5562622609164,29.41,31.365,0.133117191230478,2.97588552820594,0,1,0,0
2892,61.9745822578797,36.28,31.763,0.0700943313087785,3.85954336880472,0,1,0,0
2893,63.5863948038628,23.46,12.845,0.220319743469397,3.0795841467689,0,0,1,0
2894,66.0474296852086,26.73,28.145,0.364870116938341,3.9118375552761,0,0,0,1
2895,43.4210181410479,28.06,25.729,0.0746182935319838,2.92182871448759,0,1,0,0
2896,63.378223544516,14.01,10.987,0.0718882138857069,3.91213245190188,0,1,0,0
2897,58.3620692032661,20.96,19.442,0.0952952304657786,2.73976011256036,0,1,0,0
2898,66.4930283263292,6.7,14.235,0.0925122358404682,3.32280958878204,0,1,0,0
2899,77.2175489080893,34.27,23.787,0.093446282682979,3.51753720664968,0,1,0,0
2900,60.1191122588013,20.84,11.516,0.220537226245974,3.52647429416875,1,0,0,0
2901,60.0899455708311,33.11,36.241,0.276683584604444,3.98895484736301,1,0,0,0
2902,50.7222242342593,29.95,27.301,0.162131118862207,3.15177965989033,1,0,0,0
2903,69.3324552996173,40.54,41.187,0.0985169174115567,3.50371004575528,0,1,0,0
2904,42.0057069811005,25.67,35.546,0.185414794059228,2.37036412786334,0,0,1,0
2905,66.933298296829,24.19,34.319,0.109111241926466,3.99207720181638,0,1,0,0
2906,58.258107194863,12.79,5.748,0.190320710451351,2.9420893759501,0,0,1,0
2907,59.8787047378987,24.99,11.87,0.280841938212538,3.23770257952849,0,0,1,0
2908,61.7468614370553,5.99,8.834,0.318013629320716,3.83413040898383,0,0,0,1
2909,68.2958338658842,11.8,10.48,0.133749607527044,3.3728667847531,0,1,0,0
2910,70.1709871476588,10.79,16.845,0.114762764409676,4.53992650296672,0,1,0,0
2911,71.5125237781551,11.05,13.069,0.0984869846989372,3.67615929855557,0,1,0,0
2912,54.614019083912,24.42,15.198,0.215291796889641,3.42103999983993,0,0,0,1
2913,52.9697800756766,30.78,19.537,0.211553093844314,3.19939681951749,0,0,1,0
2914,61.7206144847033,36.74,33.027,0.362915443642468,3.62650627922468,0,0,0,1
2915,69.2050412896698,7.79,19.301,0.0954383697933298,3.9133332884985,0,1,0,0
2916,47.6681205206668,27.37,39.385,0.172304632973338,2.86273285147788,0,0,1,0
2917,62.660815697588,21.83,7.035,0.206899398759721,2.90934972452631,0,0,1,0
2918,51.4574230569715,33.38,23.007,0.310356695443809,3.25781957978561,0,0,0,1
2919,63.3443313727652,19.74,16.815,0.155789073262427,3.78222523354939,1,0,0,0
2920,57.6233394714233,35.32,29.355,0.277929001622148,3.30182197404055,1,0,0,0
2921,48.4496891060519,22.92,41.309,0.328948430679019,3.29267710206433,0,0,0,1
2922,67.3969451021884,20.73,31.753,0.0894410643291817,3.36093137801282,0,1,0,0
2923,55.5491841089199,10.28,4.32,0.146216464022912,3.07196013113562,0,0,0,1
2924,68.631116935952,23.22,31.816,0.18663773925258,3.65247000979785,1,0,0,0
2925,42.7467823949978,32.53,24.784,0.239027655340508,2.70439201810406,1,0,0,0
2926,39.2143692724926,6.39,7.521,0.161850813077534,3.00411877677336,1,0,0,0
2927,60.6398647602064,19.74,22.852,0.0668310831249761,3.48301526698136,0,1,0,0
2928,60.7230548273347,28.58,28.536,0.0580540287129562,3.45863107710294,0,1,0,0
2929,73.9982463206406,8.69,15.578,0.181218228032856,3.94198735159433,0,0,1,0
2930,68.1874070699855,29.03,13.116,0.188389261168557,3.83708829279035,1,0,0,0
2931,61.5147706439634,33.63,17.96,0.0927865101849403,3.56348722062621,0,1,0,0
2932,46.9872687261655,38.64,24.701,0.204335707394979,3.10716070043231,1,0,0,0
2933,65.5695755240698,29.38,29.278,0.139097588273815,3.83329755504652,0,0,1,0
2934,57.8000445020159,16.59,4.675,0.174216987216947,3.30888596957631,0,0,1,0
2935,62.4606753058783,24.44,17.193,0.0644278511734541,3.46725341509319,0,1,0,0
2936,68.2294745697481,7.5,28.894,0.22634663435127,3.63574858476103,1,0,0,0
2937,65.0167280947021,31.68,34.961,0.216115331716518,3.36026328734843,1,0,0,0
2938,58.9308512693834,3.08,8.183,0.26899444148332,3.96636147178908,0,0,0,1
2939,66.3842457246875,8.34,2.257,0.329897036265336,4.0895766759426,0,0,0,1
2940,54.6777023546254,7.1,5.232,0.195898170017797,3.11713412301618,0,0,0,1
2941,63.5874325660561,24.14,36.989,0.199142103295846,3.99634831222273,1,0,0,0
2942,66.9339763261522,29.27,29.114,0.223012786025455,4.12020860732929,1,0,0,0
2943,64.7839594084338,23.62,18.606,0.192549771181266,3.28255775372605,0,0,1,0
2944,49.8938647636749,10.78,9.485,0.243189550680744,2.74078725206982,0,0,0,1
2945,61.7674766555693,28.53,32.547,0.21485019948887,3.20585052477624,1,0,0,0
2946,49.4042849961174,5.98,6.835,0.228547469863196,3.43182982674519,0,0,0,1
2947,46.9231276785745,26.12,29.904,0.22877887757446,3.29931575004721,1,0,0,0
2948,58.0421030855862,18.93,2.066,0.219707912540935,3.02555583469651,0,0,1,0
2949,60.9068048616086,34.61,32.46,0.200528248320646,3.58341994648586,1,0,0,0
2950,60.6593172933471,35.27,34.59,0.212453802598054,3.31809832414051,0,0,1,0
2951,44.1127591037861,31.33,33.417,0.0847209500400029,2.96346721524489,0,1,0,0
2952,45.0407481197601,30.28,45.587,0.0928446282329985,2.74483845340605,0,1,0,0
2953,73.9826608828293,22.77,33.186,0.107628022121811,3.20104573166021,0,1,0,0
2954,60.496258457819,31.5,28.9,0.103073642258929,3.64764897425722,0,1,0,0
2955,49.6202082377693,11.07,6.452,0.320073519028835,2.84086243740888,0,0,0,1
2956,50.8272161206044,24.85,15.242,0.0822364346498525,3.55782020172229,0,1,0,0
2957,48.5720619658006,41.09,25.987,0.205589568730212,3.15263923671833,1,0,0,0
2958,68.9698809697621,11.02,13.354,0.246567277518556,3.96344547498398,0,0,1,0
2959,60.8607379547616,10.79,14.567,0.0984089629908743,3.76802020482767,0,1,0,0
2960,67.5244594213152,18.02,4.951,0.242999708273076,3.21911349661979,0,0,1,0
2961,64.5319743587464,31.41,38.026,0.21237448712819,3.74294608131591,1,0,0,0
2962,63.7373608066662,35.15,30.997,0.092689745978734,3.51632377798066,0,1,0,0
2963,68.7870367180941,5.35,22.282,0.124651275627901,3.69865206222953,0,1,0,0
2964,59.3031315416086,26.31,5.055,0.221698998201184,3.86824431726654,0,0,1,0
2965,68.9229447356889,12.93,33.354,0.162137444482395,3.75748264558915,0,0,1,0
2966,60.4916587079226,35.63,36.495,0.223418844566556,4.11099651786636,0,0,1,0
2967,49.7221282695405,20.38,30.301,0.0843001889235908,3.27662263651192,0,1,0,0
2968,67.9494494789435,32.7,30.455,0.323586384480639,3.90692095146066,1,0,0,0
2969,56.2563260968065,13.69,15.831,0.195985794838551,3.9665620119614,0,0,1,0
2970,58.5638470016258,27.74,9.322,0.188487170840235,3.42896018221772,0,0,1,0
2971,69.5744579820337,26.98,35.217,0.222461584075699,3.99919922708501,1,0,0,0
2972,62.9532907566794,27.16,19.538,0.0787262643529735,4.08234848846213,0,1,0,0
2973,53.5033505338694,33.24,16.031,0.212166624817261,2.76813157040798,1,0,0,0
2974,56.4852353877716,5.74,3.726,0.273602506518673,3.57138057194754,0,0,0,1
2975,72.5938114471528,5.17,18.677,0.330864875618414,3.64657171650406,0,0,0,1
2976,51.2282417331067,20.63,30.919,0.195678559207549,3.34144991252046,0,0,1,0
2977,67.0991122161668,8.05,23.418,0.182033722052979,3.5038039257748,0,0,1,0
2978,49.3638650302063,11.09,6.739,0.114174190440808,3.30981231624623,0,0,0,1
2979,51.8658166893577,24.09,27.833,0.0891711961834353,3.03465244725543,0,1,0,0
2980,56.1521224014195,46.61,19.999,0.09029801123423,3.32304647895522,0,1,0,0
2981,62.6383997211123,9.39,2.374,0.271836747324402,3.68668427262674,1,0,0,0
2982,67.7277960607431,13.49,30.658,0.236069219390693,3.99637772409261,0,0,1,0
2983,67.1793413739742,13.21,19.53,0.095739622467214,4.25980075438859,0,1,0,0
2984,64.5437152386885,7.12,9.734,0.368295199886901,4.00889889391335,0,0,0,1
2985,44.5742859612992,33.03,26.16,0.130343005387957,2.82207591413232,1,0,0,0
2986,67.546169369529,7.69,7.614,0.227947709720582,4.27625734221058,0,0,0,1
2987,54.5752668110808,4.31,4.171,0.24140105923481,3.27693957696264,0,0,0,1
2988,65.7651436377389,32.55,30.98,0.10840673331053,3.23740658362115,0,1,0,0
2989,51.3816364041812,7.68,3.692,0.310478401314549,3.60381675475251,0,0,0,1
2990,58.7307806783809,6.92,4.979,0.320782946716942,3.02151833931515,0,0,0,1
2991,65.8385981736139,21.28,14.185,0.214767675564254,3.61144387144781,1,0,0,0
2992,71.385950148592,30.83,37.527,0.0863005365142186,4.00552966496811,0,1,0,0
2993,62.7323688902037,24.11,19.888,0.0473618407173778,3.73755130016178,0,1,0,0
2994,44.2438672394519,26.6,33.087,0.0922363318172766,3.28899064297688,0,1,0,0
2995,57.5934129563495,27.3,7.278,0.427720809743536,2.87168802578955,0,0,0,1
2996,63.2510597870479,24.04,41.133,0.177940555982592,3.46864841145063,1,0,0,0
2997,63.4435236855083,21.81,7.57,0.198957150856514,3.68202194279958,1,0,0,0
2998,67.3995197791347,39.1,13.247,0.383274485651376,3.82241652967079,0,0,0,1
2999,67.9115194510194,33.61,18.99,0.112136548878345,3.49443603822566,0,1,0,0
3000,64.2331954433787,30.57,27.371,0.21250111149525,3.01143836484871,1,0,0,0
3001,69.8466862157714,7.43,31.815,0.189839289594177,3.37199459728196,0,0,1,0
3002,72.9748017595441,13.62,32.838,0.110180967924479,4.68307848401418,0,1,0,0
3003,64.062939949255,28.97,47.091,0.100294984846968,3.81477971371636,0,1,0,0
3004,47.0150055886956,20.47,34.627,0.0853649341316877,3.28224929039195,0,1,0,0
3005,70.2275851967658,9.72,9.456,0.281614900716595,4.48814534225855,0,0,0,1
3006,62.0124537609063,4.2,7.6,0.316268635555957,3.69829830138417,0,0,0,1
3007,52.8964360420465,16.31,7.664,0.345803909742484,2.92466804540043,0,0,0,1
3008,53.3536717604944,37.48,23.814,0.117087225478416,3.7900687015991,0,1,0,0
3009,57.7934266814816,16.27,11.752,0.0881092715975843,3.75266117269904,0,1,0,0
3010,61.7567312239082,24.52,10.149,0.0944005147152702,4.00762453029926,0,1,0,0
3011,63.619324578953,28.35,41.02,0.0921494999424793,2.9154866075362,0,1,0,0
3012,63.5618295657941,18.88,18.342,0.22236139964697,3.63800940529223,1,0,0,0
3013,62.5492890038304,4.66,1.785,0.366737953934597,2.96988147166091,0,0,0,1
3014,62.4200164384837,39.2,26.044,0.131011727463699,3.19995733727704,0,1,0,0
3015,62.2120302521102,25.21,8.805,0.218734741667761,3.03630084321367,0,0,1,0
3016,62.129467718449,24.79,8.522,0.0950614390895804,4.10571968366781,0,1,0,0
3017,52.0564865981461,3.92,6.755,0.238921102018962,3.08914846674248,0,0,0,1
3018,63.6181576867,25.78,25.058,0.119244429029429,2.82796581064858,0,1,0,0
3019,56.3119272729378,21.06,19.378,0.151002446992384,3.36256414483548,1,0,0,0
3020,62.1275084411117,27.45,22.352,0.105328452281655,3.78078119635658,0,1,0,0
3021,60.3829627204902,25.99,14.708,0.336965183548525,3.58328386587628,0,0,0,1
3022,61.2527644368333,25.38,22.239,0.230271611041642,3.05608560269504,1,0,0,0
3023,65.7098091126892,33.37,28.203,0.111261059949012,3.25580350513648,0,1,0,0
3024,73.0753623900604,12.02,8.349,0.131697499918687,4.16675106601567,0,1,0,0
3025,47.4420059420007,6.5,7.493,0.142802056640901,2.92730754373652,0,1,0,0
3026,66.7452750944703,3.81,8.971,0.267585320585173,4.05230346435647,0,0,0,1
3027,61.8807434278703,36.67,20.581,0.118102995390516,3.70116323820799,0,1,0,0
3028,50.1251027528651,29.94,21.518,0.253749015574451,2.48463028761419,0,0,0,1
3029,60.4071196364427,3.12,6.383,0.206335338480087,3.69421302680547,0,0,1,0
3030,56.0334179309173,25.25,6.679,0.0986303016475149,3.35194685940356,0,1,0,0
3031,64.7834969664696,32.53,25.33,0.193347899715807,3.95871587438104,0,0,0,1
3032,60.1662042186733,9.84,8.965,0.197880751560747,3.00228833072962,0,0,1,0
3033,38.721638520877,39.3,26.3,0.208230491314791,2.54015718418598,1,0,0,0
3034,58.1561775380401,23.15,28.769,0.163658983338518,3.76381790194032,1,0,0,0
3035,65.0256806322567,25.52,31.524,0.200744134531262,3.31156124282159,1,0,0,0
3036,60.6762499105603,33.77,29.493,0.17816836065485,2.86302005745227,1,0,0,0
3037,57.6493897353295,15.3,2.602,0.346906855808631,3.31567070477421,0,0,0,1
3038,67.8902558084689,23.75,4.652,0.174485010728741,3.89637156581711,0,0,1,0
3039,47.076000140226,35.88,31.116,0.0703204543564985,3.54458283967502,0,1,0,0
3040,71.7581931971129,12.84,16.127,0.0833729638917095,3.84488742659728,0,1,0,0
3041,53.686729405478,23.21,41.571,0.157136313142863,2.85294769397994,0,0,1,0
3042,51.6307001691329,25.38,34.892,0.11853499092286,3.26916739613253,0,1,0,0
3043,52.9254759112173,18.92,4.906,0.329899753688912,3.0960872195292,0,0,0,1
3044,46.8141782216571,37.48,28.571,0.162646494064455,3.41366726396976,1,0,0,0
3045,47.7652417636318,29.33,21.4,0.104085733474599,2.78730545087152,0,1,0,0
3046,60.4022726428093,7.86,2.16,0.277315713952868,3.45260583376361,0,0,0,1
3047,63.7043631285631,23.51,22.079,0.321017865057714,3.32616380222304,0,0,0,1
3048,64.1595426442083,9.01,20.002,0.162941540042332,3.26289852685287,1,0,0,0
3049,74.7055025892784,26.43,30.813,0.20934680228009,3.61719459964665,1,0,0,0
3050,63.3165200413178,8.25,14.687,0.161717358769617,3.54135840566423,0,0,1,0
3051,64.4916901683383,16.46,9.954,0.315305473063249,3.40221941430007,0,0,0,1
3052,66.9323051178461,13.49,14.722,0.118944502417186,3.88428140630363,0,1,0,0
3053,57.6382980300771,12.59,8.989,0.391017088509162,3.21911366317185,0,0,0,1
3054,55.1816355778699,13.12,8.63,0.312205651755175,3.87732848634953,0,0,0,1
3055,60.8421732235602,26.96,13.536,0.0932729808950093,3.32080532139834,0,1,0,0
3056,59.1775257966745,17.22,8.704,0.166029296533305,3.02175356259941,1,0,0,0
3057,66.9561413059599,8.06,20.978,0.283887634689393,3.18208079310063,0,0,0,1
3058,64.8869231129153,29.41,32.079,0.103254428771929,2.6894364066767,0,1,0,0
3059,51.5853057926048,6.76,0.919,0.0858087217589099,3.1662972823687,0,1,0,0
3060,64.1045740641952,13.88,10.737,0.20642558240442,4.027208025379,1,0,0,0
3061,64.1447534877057,24.97,11.447,0.289484491331895,3.81910239677351,0,0,1,0
3062,50.5473075188477,8.09,4.293,0.363432355064711,2.9681469568464,0,0,0,1
3063,65.1995580883672,29.22,24.747,0.177604014715346,3.15858986650816,1,0,0,0
3064,66.0259753830463,18.86,12.828,0.108939212831229,3.38448914934751,0,1,0,0
3065,61.5698097679715,6.3,21.522,0.137554581452538,3.33994803813342,0,1,0,0
3066,66.5475718454154,20.84,10.476,0.120584139577305,4.40892437949075,0,1,0,0
3067,68.5230312700999,30.89,30.152,0.332906739561738,3.28542316308324,0,0,0,1
3068,64.0461470395163,22.62,13.386,0.0914975423607719,3.97307432113958,0,1,0,0
3069,46.7595998953214,27.23,31.825,0.256600598770703,3.56828368964891,1,0,0,0
3070,65.1574975577542,12.38,28.593,0.0939872517950416,2.859756160101,0,1,0,0
3071,59.7676586452923,29.24,22.072,0.105176519700044,3.66774646205488,0,1,0,0
3072,61.6571333667207,16.71,2.987,0.27050818631192,3.29661390394822,0,0,1,0
3073,44.7525641874665,23.89,40.371,0.119138558048646,3.38250178359792,0,1,0,0
3074,62.0244550448957,12.87,7.247,0.1664950775138,3.50158504792045,1,0,0,0
3075,62.7408362492747,14.39,12.413,0.0750981054050384,3.97050586582571,0,1,0,0
3076,57.0384690976542,10.42,21.691,0.275810185537447,3.19880078803007,0,0,0,1
3077,63.026507573191,22.72,27.911,0.199597191114568,3.41298486390651,1,0,0,0
3078,54.9031632970811,7.29,3.374,0.0784260138793458,3.40654550677687,0,1,0,0
3079,68.6030887103667,12.89,21.648,0.146312888945357,3.68512537304527,0,1,0,0
3080,64.6376971943234,13.3,19.661,0.340005611820383,3.25351091970282,0,0,0,1
3081,66.1093774230711,16.82,27.763,0.223854251956366,4.00919764937943,1,0,0,0
3082,61.2450711524588,18.3,17.758,0.240119765960586,4.24785942609502,1,0,0,0
3083,43.9439665863712,27.44,24.599,0.365817879662189,3.03812131593014,0,0,0,1
3084,62.1531502726449,38.79,19.817,0.15837758402225,3.50284071280609,1,0,0,0
3085,39.4726559375363,13.56,6.441,0.379762431102368,2.86766158285234,0,0,0,1
3086,59.2240523264463,28.17,37.165,0.153413513626679,3.58192927032652,1,0,0,0
3087,67.8500201256464,24.75,7.868,0.183553919365248,4.23953691952387,1,0,0,0
3088,67.5547007853487,6.62,23.228,0.309971319861995,3.36651443618201,0,0,0,1
3089,71.9091643056514,14.74,13.123,0.114703608999117,4.06603588209957,0,1,0,0
3090,61.122594298309,21.29,6.882,0.246751342900779,3.66466348764918,1,0,0,0
3091,68.8595092110524,32.02,21.339,0.104202592131211,4.09364714031859,0,1,0,0
3092,67.2755339912913,20.75,23.306,0.153598111710203,3.92534082317189,0,0,1,0
3093,59.0168331396701,3.67,5.139,0.370576403441727,2.99234893053977,0,0,0,1
3094,57.1548473590863,18.96,16.743,0.199222609692406,4.00701857671126,0,0,1,0
3095,56.6480635760383,7.37,6.326,0.408242387365098,2.94439181557261,0,0,0,1
3096,61.69955951569,21.29,12.931,0.0905073859780309,3.34715480210618,0,1,0,0
3097,68.6726740206273,18.71,9.929,0.206483616035283,3.89074082017401,0,0,1,0
3098,64.954589985354,33.05,22.409,0.180240729355782,3.09525192183325,1,0,0,0
3099,66.5360399383282,27.27,40.775,0.183130962117011,3.32848561764481,1,0,0,0
3100,68.6676363948075,5.85,24.858,0.124851136635927,4.31276097789426,0,1,0,0
3101,61.7375722741305,20.63,17.416,0.157035677961074,3.84756792627692,1,0,0,0
3102,47.686235903428,29.91,24.461,0.218405208863195,3.18731618499993,1,0,0,0
3103,52.4568627340523,24.05,34.645,0.225608472943165,3.92617454871068,1,0,0,0
3104,60.260866940531,20.52,5.031,0.105856882056466,3.54600438098192,0,1,0,0
3105,67.8710018827527,24.03,24.925,0.0856202105559476,4.2342479307799,0,1,0,0
3106,62.3522067732241,9.97,9.225,0.34190950457942,3.88464345207958,0,0,0,1
3107,72.9882910465541,31.42,27.264,0.171429369196689,3.29487146205376,0,0,1,0
3108,70.0232338256511,31.11,28.672,0.140546961487302,3.5406033327594,1,0,0,0
3109,66.9232844189166,31.19,29.848,0.128197854556148,3.60944563098763,1,0,0,0
3110,63.533185246488,4.25,2.725,0.151956606271306,3.48243999196559,1,0,0,0
3111,64.9060343573701,17.88,6.101,0.250418939649511,3.87366515846142,0,0,0,1
3112,71.8072515263496,14.38,20.752,0.244049085809474,3.99079135104706,0,0,0,1
3113,63.1310437015009,35.21,6.147,0.229880760183446,3.53818718044337,0,0,0,1
3114,69.8592958179408,19.48,10.095,0.119699400092178,4.29160130100041,1,0,0,0
3115,47.6880907023758,35.69,22.895,0.11057612235013,3.54806800612418,1,0,0,0
3116,62.4692630472344,30.64,30.909,0.243967340656445,3.96934220488187,1,0,0,0
3117,67.1422991116055,12.77,20.516,0.222575885372754,3.77688316159598,0,0,1,0
3118,70.7786162224881,29.77,22.686,0.154556251294115,3.88121010724302,1,0,0,0
3119,56.9577619902596,7.37,0.378,0.249005150162234,3.75102079604681,1,0,0,0
3120,44.0682103315054,5.92,8.928,0.430371263067166,2.98924025140015,0,0,0,1
3121,59.1492431726356,24.18,1.278,0.0570183974983098,3.72113803430544,0,1,0,0
3122,62.5022748892646,25.27,11.612,0.215650853856573,3.00604557215421,1,0,0,0
3123,65.6558927290642,11.09,19.493,0.103949766795872,4.05326270221489,0,1,0,0
3124,56.0420964902155,25.81,3.807,0.115825320064366,3.27927459736111,0,0,0,1
3125,59.3841836628521,10.83,2.023,0.353745939470921,3.24665228102153,0,0,0,1
3126,52.3028258229109,29.18,33.846,0.100667437149615,3.45180356592123,0,1,0,0
3127,61.9778240702129,23.02,0.47,0.157428890648078,3.41812177882863,0,0,1,0
3128,49.7490625326467,25.59,40.238,0.225822035477687,3.03583018194588,1,0,0,0
3129,68.6698216571871,8.75,11.45,0.118035403640213,3.75629712443532,0,1,0,0
3130,58.5079027256125,15.6,0.827,0.137842635874424,3.22186239344658,1,0,0,0
3131,48.5742069844571,28.61,30.982,0.22646237271676,3.00663665385296,1,0,0,0
3132,68.0150597197091,14.64,15.845,0.310501166102995,4.29086936694706,0,0,0,1
3133,73.715436763058,21.63,22.924,0.0788491697048621,4.15224461625329,0,1,0,0
3134,52.2908385588182,5.0,4.471,0.347514611538466,2.74562755562515,0,0,0,1
3135,68.7065796441692,31.49,22.425,0.168129595444148,3.18782410913006,1,0,0,0
3136,62.9924703494629,21.49,16.352,0.193599040593544,3.25471732289685,1,0,0,0
3137,62.6396758027703,21.2,2.283,0.0846322994644171,3.96792227843601,0,1,0,0
3138,68.4865234131,25.49,30.705,0.089608235688882,3.50271683173007,0,1,0,0
3139,53.7097576089332,19.36,13.257,0.0652470601932335,3.77165142319914,0,1,0,0
3140,72.0048172106066,12.95,34.247,0.103008145241345,3.95894334418091,0,1,0,0
3141,61.3718559878316,30.34,22.926,0.361362398712986,3.7727869261943,0,0,0,1
3142,61.3943741019751,21.71,0.575,0.254615714879884,3.24732159214435,0,0,0,1
3143,49.138047360361,27.62,30.428,0.249270573123737,2.72930053807265,0,0,1,0
3144,63.6671647322014,32.1,15.989,0.307038452510312,3.72299288521298,0,0,0,1
3145,63.8958038458282,7.53,31.425,0.191379885884057,3.42610101324389,1,0,0,0
3146,66.86173880426,20.9,13.628,0.179491717446707,3.60482742794135,1,0,0,0
3147,65.7521996795896,21.15,8.275,0.23742930319375,3.97270022877244,0,0,1,0
3148,44.6621880510948,23.14,27.497,0.21217046620622,3.09738624487422,1,0,0,0
3149,58.7707529337569,33.47,3.028,0.086540254742645,3.61339617625866,0,1,0,0
3150,65.2197164338081,8.73,1.377,0.302539506639028,4.26555772064565,0,0,0,1
3151,63.0502876491266,19.55,18.136,0.157258410323242,3.61050725435619,1,0,0,0
3152,63.1681075410503,14.69,21.53,0.187023935678131,3.39189561476256,0,0,1,0
3153,61.1538770324293,23.3,10.994,0.198111246853136,3.42677387672684,0,0,1,0
3154,57.4855520483625,37.22,28.227,0.216792552288254,3.22177117854846,1,0,0,0
3155,39.8820083178649,31.22,26.752,0.188394566666772,3.08357836361185,1,0,0,0
3156,61.2773062899797,31.4,18.606,0.286875476668134,3.69708129717438,0,0,0,1
3157,63.3297510700589,19.53,16.906,0.115954401784985,3.74586215445901,0,1,0,0
3158,50.5984821662238,37.15,34.532,0.0921720425534934,2.95778606175448,0,1,0,0
3159,65.5871373225955,29.47,45.71,0.306950710518798,3.69461476173443,1,0,0,0
3160,47.5032440092678,31.39,32.119,0.0907973017927326,3.41445261886115,0,1,0,0
3161,63.036893319641,6.53,26.771,0.18965704775837,3.6222146709078,0,0,1,0
3162,59.7315719092256,29.86,28.456,0.187267248257786,3.2504754341102,1,0,0,0
3163,59.9887112283064,27.81,33.766,0.191967750281395,4.05120438731744,0,0,1,0
3164,59.2264403244851,10.73,10.831,0.393492382650433,3.41265812261217,0,0,0,1
3165,45.2340051681573,35.33,27.998,0.239824218199674,2.9213913753748,0,0,1,0
3166,44.3652048466395,17.39,6.742,0.360585575424155,2.69406712696713,0,0,0,1
3167,59.5164866683784,4.24,3.056,0.234305586432647,3.54944671756138,0,0,0,1
3168,53.0027947621953,5.47,2.404,0.274642079433214,3.16281522850634,0,0,0,1
3169,50.5600942322246,33.24,28.249,0.226600864007711,3.13699491449426,1,0,0,0
3170,68.275754667789,22.24,23.189,0.276882443292502,3.23736742432325,0,0,0,1
3171,62.6563532910415,13.01,14.177,0.0975706973588382,3.00447603067291,0,1,0,0
3172,43.2934757820373,26.98,46.315,0.179560486028198,2.91503162569277,0,0,1,0
3173,66.4634693781988,9.6,27.819,0.292001139552722,4.18573888585587,0,0,0,1
3174,56.0728766586394,27.91,26.991,0.167994640630186,3.59015444391964,1,0,0,0
3175,49.6719063642199,28.59,27.608,0.365566692709092,2.95305677144907,0,0,0,1
3176,63.5106102743225,34.16,17.295,0.195678798202911,3.87847263573674,0,0,1,0
3177,55.4378097028595,32.49,18.108,0.215862400173703,3.53981733691222,0,0,1,0
3178,70.003314023287,19.68,1.338,0.158554202561475,3.98764003890961,0,0,1,0
3179,57.1092086835893,7.42,4.262,0.349015834851782,3.43904694556337,0,0,0,1
3180,50.1841706936607,27.43,27.514,0.15322807649132,3.60398890297774,0,0,1,0
3181,48.7695135927331,22.25,29.852,0.375461040852044,3.12297675791722,0,0,0,1
3182,56.203941260965,30.32,36.238,0.176278026481178,3.19770729329821,1,0,0,0
3183,72.9051597795242,13.3,23.727,0.104408018218196,3.80964512018211,0,1,0,0
3184,50.1105176782385,27.35,16.255,0.187183147337513,3.26413523863262,1,0,0,0
3185,48.8092790316529,7.12,0.74,0.280024343509079,3.57290197613382,0,0,0,1
3186,66.5744909106343,7.07,32.766,0.16215514923784,4.08317223657149,1,0,0,0
3187,59.6449589000459,24.86,30.905,0.183992470947792,3.3511577951068,1,0,0,0
3188,65.5410310330405,34.14,24.613,0.244125588574693,3.790907558312,1,0,0,0
3189,46.7661405184692,31.61,29.706,0.159729171679236,3.23424394016087,0,0,1,0
3190,54.8183845491402,4.39,2.065,0.331521788645365,2.93478434808913,0,0,0,1
3191,62.6963612979849,37.36,26.408,0.166343282939398,3.30560293609197,0,0,1,0
3192,51.5038220233244,26.22,37.258,0.14085740844132,2.9115550936833,0,0,1,0
3193,66.0647490286238,8.76,12.96,0.11796939155666,3.45503610873069,0,1,0,0
3194,66.5938906239828,27.45,38.743,0.0670268006143968,4.09380450173203,0,1,0,0
3195,66.3636672586947,17.82,15.078,0.395276215514857,3.86449087057805,0,0,0,1
3196,53.0378244347132,26.01,26.36,0.157345266117609,3.09403275579224,0,0,1,0
3197,66.2532067060187,23.05,0.667,0.305386973671801,3.59111461125661,0,0,0,1
3198,59.577239567843,34.74,19.672,0.299929761934286,3.65773101463628,1,0,0,0
3199,55.956407899384,27.52,23.861,0.215773935405269,3.30994450353612,1,0,0,0
3200,69.0121091812463,6.36,25.6,0.105263612759329,4.00626075213162,0,1,0,0
3201,51.9051921690534,37.35,22.897,0.179102929960977,3.46214758262829,1,0,0,0
3202,64.5105523333686,26.88,30.668,0.223463280739181,3.75805542123698,0,0,1,0
3203,53.6907578279265,26.23,20.333,0.168398914022321,2.8136755675908,1,0,0,0
3204,64.4541069049278,8.44,1.421,0.23427273499858,3.64296475117601,0,0,0,1
3205,70.0627697890301,39.02,11.771,0.211197513278745,4.08253623757232,0,0,0,1
3206,65.8118934827508,10.04,28.988,0.0677022021121479,3.19187682472417,0,1,0,0
3207,58.2767021316387,21.21,40.216,0.151491110249192,3.44290415602287,1,0,0,0
3208,59.7817990700113,42.82,26.409,0.11126717824565,3.70068803386816,0,1,0,0
3209,60.5872452763783,32.16,34.399,0.2378390124229,3.72284367032924,0,0,0,1
3210,70.2848306409172,7.86,3.191,0.256875763097521,3.28009251990066,0,0,0,1
3211,73.8976593366745,12.3,33.342,0.152728533607185,4.07351876141683,1,0,0,0
3212,44.5869081353863,26.13,34.549,0.225284285831334,2.99545070364651,1,0,0,0
3213,61.5148216309112,8.55,5.467,0.427144331480747,3.79915445459342,0,0,0,1
3214,69.4915921166848,37.6,23.609,0.0688012133913495,3.70600093602903,0,1,0,0
3215,48.7856771516743,36.37,34.611,0.229649784783229,2.86647781251997,1,0,0,0
3216,48.2366380940611,26.03,29.039,0.115335291091956,3.59517796984355,0,1,0,0
3217,45.7660725818517,17.73,6.543,0.291430016192531,3.69113341288067,0,0,0,1
3218,58.6933137145755,18.49,6.33,0.0865372517527687,2.7851042210776,0,1,0,0
3219,47.6009401724425,33.63,33.016,0.176533959670197,3.04754539516065,1,0,0,0
3220,63.1074223782765,19.36,20.999,0.242343104210949,3.14269158585273,0,0,0,1
3221,63.655838936115,22.03,7.233,0.205053299844547,3.72472199734422,1,0,0,0
3222,58.798435879948,33.86,36.061,0.19503387717595,3.84879330143722,1,0,0,0
3223,54.8622712163727,26.99,40.255,0.281800330482316,3.3619076481265,0,0,0,1
3224,67.9201722887013,13.18,25.246,0.196279939970626,3.44483422668638,0,0,1,0
3225,68.4030537130433,13.59,33.273,0.174603070797014,4.20762798672596,0,0,1,0
3226,65.5453983549605,34.24,26.034,0.198926970574771,3.80469631988619,1,0,0,0
3227,59.9270163225533,18.4,8.791,0.166609153695046,3.12185385737526,1,0,0,0
3228,61.0997496808874,3.48,3.258,0.344948656980437,3.11537893446494,0,0,0,1
3229,59.4943469074737,39.34,14.978,0.092290733838424,3.38618973455957,0,1,0,0
3230,62.7347661773396,19.28,11.632,0.170431154514618,4.31950300551389,0,0,1,0
3231,69.661692837173,8.43,23.566,0.108358236733083,4.19962416947762,0,1,0,0
3232,65.1053789379601,28.72,25.075,0.21291338809156,4.81541020599997,1,0,0,0
3233,63.0268222946787,24.91,26.655,0.109051400824673,3.82039772286761,0,1,0,0
3234,53.5444092533186,17.99,10.807,0.209252350084522,2.95467010048723,0,0,0,1
3235,60.5322364594602,24.15,6.038,0.213913684640427,3.81046231441493,1,0,0,0
3236,68.4321546512855,25.56,31.067,0.0951142102099217,3.58583818157867,0,1,0,0
3237,60.801918344206,23.67,34.788,0.189641878993397,3.04771003700917,1,0,0,0
3238,54.7992173345192,11.2,0.746,0.257614225880186,2.66234145215884,1,0,0,0
3239,61.8910810707061,26.27,25.97,0.16950266191401,3.66343244753295,0,0,1,0
3240,72.1000730925811,7.29,8.371,0.0804837029970267,3.97760848079437,0,1,0,0
3241,71.336381468471,11.81,30.334,0.369793744641499,3.66532620312572,0,0,0,1
3242,63.7770005234243,28.15,40.904,0.10181512682609,3.59047909063412,0,1,0,0
3243,75.9896103904968,36.86,11.298,0.253353142169903,4.21894731285965,0,0,0,1
3244,62.0415174421007,7.55,15.938,0.222238663291973,3.46155127882123,0,0,1,0
3245,47.0985129090894,32.75,32.292,0.111690948883721,2.80532850657533,0,1,0,0
3246,46.2595124394533,32.94,34.153,0.356544486380761,2.96341190299049,0,0,0,1
3247,55.1365330789426,6.95,6.867,0.36956145922697,3.09638098493598,0,0,0,1
3248,63.0841587993716,10.0,6.957,0.286981344246032,3.71459949196902,0,0,0,1
3249,49.6829874487509,33.56,42.119,0.188486471983705,3.90230132051968,1,0,0,0
3250,57.1796714368835,4.68,6.502,0.323292264664859,3.58035512995338,0,0,0,1
3251,64.6756065935701,31.98,15.834,0.100410910408423,3.58057791341955,0,1,0,0
3252,66.2235338683192,9.93,15.987,0.112171344653792,3.72420988146063,0,1,0,0
3253,62.2056569459988,11.23,0.343,0.0985461657936955,3.547718485575,0,1,0,0
3254,63.4095199604121,28.27,32.775,0.243138550793284,3.69403156352518,1,0,0,0
3255,45.6677645838878,30.82,15.034,0.210179482689404,3.09607544884437,1,0,0,0
3256,80.3607882269329,6.54,5.159,0.297919892127141,3.93278423028838,0,0,0,1
3257,43.2326145142177,11.17,4.226,0.156712034463161,3.09722496354352,1,0,0,0
3258,62.2251132835614,22.61,16.539,0.0642399810971109,3.31364657998814,0,1,0,0
3259,64.1650583893201,35.51,36.816,0.211671894919465,3.32535903016485,1,0,0,0
3260,60.4226193409062,8.29,8.799,0.343062215523409,3.30515173878386,0,0,0,1
3261,68.637316275525,34.71,13.886,0.141374895515667,3.30071463946718,0,1,0,0
3262,68.6162731208073,15.19,3.76,0.353961534463128,3.92940535935017,0,0,0,1
3263,64.0963173447443,25.76,34.547,0.104955891444626,3.85329098077104,0,1,0,0
3264,58.752708160739,18.06,14.504,0.12559594324067,3.55116595741126,0,1,0,0
3265,57.1232385895613,28.65,26.257,0.228828087590143,3.71096171854866,1,0,0,0
3266,62.2477919705083,21.94,18.849,0.216829169118852,3.6601464187704,0,0,1,0
3267,63.3434332765594,35.14,23.304,0.128710107401517,3.75970058091864,0,1,0,0
3268,68.606897277914,9.6,13.16,0.226576305831022,4.56546610051993,0,0,1,0
3269,53.4831231406528,14.77,15.128,0.154862918346832,2.74187804524841,0,0,1,0
3270,58.4908434821441,31.07,20.435,0.214397529456179,3.19895704848169,1,0,0,0
3271,53.1696797918114,8.75,1.321,0.355125630076257,3.54968556334425,0,0,0,1
3272,56.7425851193118,17.71,16.814,0.198124888537701,3.72780653173773,1,0,0,0
3273,58.432301456348,18.0,45.098,0.0941108813656573,3.90459162229489,0,1,0,0
3274,61.6792995908713,14.9,18.254,0.271608743681856,3.87215344602206,1,0,0,0
3275,49.5691771673578,27.07,26.112,0.193749532761202,3.11950991428507,1,0,0,0
3276,44.6295002072705,31.15,31.364,0.10557012944053,2.68778891714762,0,1,0,0
3277,62.2081961272444,28.69,28.829,0.103297252161409,3.67239767734614,0,1,0,0
3278,46.4366122473755,34.4,34.141,0.194244954398761,2.97034398771292,1,0,0,0
3279,68.1801167480188,34.4,10.613,0.235472893766388,3.34241105379978,1,0,0,0
3280,64.7730310389112,16.06,27.069,0.372701514565751,4.19082568277368,0,0,0,1
3281,66.7302067748763,13.52,17.473,0.0870818013412911,3.72176425779718,0,1,0,0
3282,67.6506660103616,14.89,29.094,0.0535002860143709,3.87239189561958,0,1,0,0
3283,60.5687135666459,5.66,4.849,0.0875722150400117,3.07551017803163,0,1,0,0
3284,49.2149288888585,28.52,26.701,0.16607823313316,3.28447980154715,0,0,1,0
3285,54.4710127439376,20.74,11.644,0.125063026626688,4.13518934700844,0,1,0,0
3286,59.1397524718562,15.1,14.135,0.256436325456419,3.34326604910683,0,0,1,0
3287,66.2528183473324,5.5,25.119,0.101835209040072,3.00256761746467,0,1,0,0
3288,54.9984315393897,9.06,4.801,0.256152677128928,3.56907727492326,0,0,0,1
3289,64.0265500164956,22.95,16.789,0.206877673972661,3.37231284334068,0,0,1,0
3290,57.8393854006647,27.07,5.654,0.196595699813312,3.92363057142621,1,0,0,0
3291,65.843106004356,33.63,33.252,0.111856167296176,4.03895953895162,0,1,0,0
3292,67.6705786249577,23.8,12.803,0.0820368975473309,3.06373130399673,1,0,0,0
3293,63.8564764814798,9.14,14.914,0.0938383925690866,3.77277243791906,0,1,0,0
3294,58.5833777515243,29.63,9.967,0.169591174810749,3.81959837117645,0,0,1,0
3295,50.5810400438437,15.22,1.483,0.368223717202897,3.77932157067097,0,0,0,1
3296,52.4942176723832,26.43,20.473,0.192858935590865,3.25024464639764,1,0,0,0
3297,70.0424499640632,12.71,31.257,0.0741723228570519,3.9923089570989,0,1,0,0
3298,66.449738048011,7.9,19.783,0.0797995772133324,3.94140074222312,0,1,0,0
3299,49.1172549496013,21.77,7.333,0.218214018543052,2.541824916465,1,0,0,0
3300,47.4351346498587,4.07,7.13,0.11668085910246,3.09247623531006,0,1,0,0
3301,55.6875647897458,7.76,3.332,0.254312399970487,3.51286231390491,0,0,0,1
3302,62.963113241524,3.66,0.677,0.268770268253347,3.3506340191094,0,0,0,1
3303,61.8139739267375,29.62,24.233,0.109597119484809,3.60827991404741,0,1,0,0
3304,52.4821636447142,15.82,13.06,0.223146646339113,2.81475173781699,0,0,1,0
3305,68.2653140880421,13.49,19.493,0.304580660038737,3.44837300545127,0,0,0,1
3306,61.7701091322923,21.64,3.39,0.186784253285588,3.60631100273852,0,0,1,0
3307,51.8344706638015,14.83,18.316,0.171099397652215,3.42973237356188,0,0,1,0
3308,61.2740143435298,32.49,23.791,0.196035042245073,3.56624865612397,1,0,0,0
3309,69.6397851687849,5.32,10.184,0.314621947074226,3.74002757298794,0,0,0,1
3310,51.2812886714287,22.26,7.171,0.0881481815483296,3.16680130326018,0,1,0,0
3311,69.9952340454463,12.66,23.782,0.332704744534018,3.27159789577473,0,0,0,1
3312,63.4415462725235,5.14,27.913,0.0916922724975148,3.93532934998165,0,1,0,0
3313,63.8888723186355,6.46,6.421,0.235377279386118,3.60476122108985,1,0,0,0
3314,61.0966458206225,23.5,29.256,0.23688631896643,3.23343175635572,0,0,0,1
3315,65.7730618688308,42.54,17.149,0.255210178232695,3.44509596869072,1,0,0,0
3316,69.3339861124253,10.48,12.851,0.0607424689223516,4.07546760497084,0,1,0,0
3317,67.5928326314116,28.96,31.415,0.227131954747183,4.32014111880112,1,0,0,0
3318,61.2812334353682,30.15,37.761,0.269282030933372,4.17473841550761,0,0,0,1
3319,55.9797362520113,21.98,4.334,0.212567773947202,3.94561443145832,1,0,0,0
3320,58.3218520882315,5.41,0.769,0.105466678563928,4.01896153524795,0,1,0,0
3321,48.1701841437257,35.61,36.862,0.233680697465473,2.64594800933581,1,0,0,0
3322,68.498874948379,10.71,2.433,0.18733059284983,3.44150648801997,1,0,0,0
3323,57.3175701470035,22.19,5.135,0.15415253685706,3.82932723666514,1,0,0,0
3324,67.3009163756183,3.73,1.646,0.321836536033231,2.93394359456449,0,0,0,1
3325,67.0023509792196,7.89,19.683,0.21894304851213,3.41366498736468,0,0,1,0
3326,47.9375253452595,35.02,25.676,0.17710671901608,2.53402028358085,1,0,0,0
3327,43.9412623082448,25.95,47.785,0.144863070871436,2.87569347433692,0,1,0,0
3328,59.073086258243,24.3,34.501,0.218257027536946,3.1496751394377,1,0,0,0
3329,48.9664663176758,31.17,34.279,0.2338242434915,3.31879773845564,1,0,0,0
3330,62.8892711331679,33.38,26.072,0.194468762626273,3.78483343461869,1,0,0,0
3331,74.9454728727111,6.22,32.083,0.199425877649078,3.93225609044298,0,0,1,0
3332,65.5099462090633,23.31,20.522,0.155268966087237,3.52287040016265,1,0,0,0
3333,62.4644470903319,32.48,30.831,0.179266909054694,3.57034314599462,1,0,0,0
3334,56.1865085596215,28.98,35.68,0.192065866752683,3.16906719462558,1,0,0,0
3335,44.3397398478555,32.86,21.536,0.0795518062109624,2.53273457191779,0,1,0,0
3336,64.5143604363889,18.64,0.111,0.228275521199968,3.53890811882862,0,0,1,0
3337,62.6662282495731,36.94,39.583,0.233149098965504,3.57714679922752,0,0,1,0
3338,57.3647176665942,23.67,37.483,0.206721335224793,3.62439844849551,0,0,0,1
3339,72.4921720178698,7.07,14.673,0.202439320507207,3.21599745487232,0,0,1,0
3340,48.3262826109132,3.14,0.437,0.296176557726175,3.35778187324539,0,0,0,1
3341,61.9986659823735,10.98,32.073,0.115035382781469,3.85451291227199,0,1,0,0
3342,58.9592600650067,21.48,4.628,0.361419735828525,2.8659409047722,0,0,0,1
3343,53.1188440865822,30.2,33.514,0.139054242757922,3.57671139560218,1,0,0,0
3344,51.8856776695211,23.47,26.393,0.156844350890274,3.17517469376972,1,0,0,0
3345,53.7495314568688,32.61,24.607,0.227548029297736,3.4887992488131,1,0,0,0
3346,47.3327036697225,21.69,32.272,0.24693594046308,2.59371320432111,1,0,0,0
3347,57.3571991909056,33.27,11.077,0.308749569168067,3.7915004906337,0,0,0,1
3348,65.8275639913094,12.93,13.798,0.232347350890154,3.70514317205291,0,0,0,1
3349,67.5881673806521,31.68,13.739,0.145667834940273,3.69388291940927,0,1,0,0
3350,69.0990822301618,30.74,24.427,0.205086724969948,4.22316979223533,1,0,0,0
3351,63.4887272639049,26.68,21.005,0.229675384185758,3.55597369544706,1,0,0,0
3352,63.665737967495,21.17,29.102,0.124176386260866,3.67124644531149,1,0,0,0
3353,62.9435393711587,33.17,21.117,0.186120508529661,3.70326471526765,1,0,0,0
3354,64.088038885407,30.54,21.639,0.272530913417512,3.52072106605858,1,0,0,0
3355,65.7746695484935,38.04,14.028,0.209590308254887,3.77823151340844,1,0,0,0
3356,51.6120281169599,15.51,15.739,0.264927815690085,3.22736147123871,1,0,0,0
3357,47.6751025807225,37.05,32.284,0.108228824956515,3.23866083767947,0,1,0,0
3358,59.9559717132839,32.39,28.076,0.112171127392702,3.65536373371697,0,1,0,0
3359,67.7757904442102,30.86,23.939,0.0955504197958489,4.99680308056317,0,1,0,0
3360,71.5526584226254,29.23,26.638,0.242601924351677,3.67689513875643,1,0,0,0
3361,60.2033921347412,15.86,0.326,0.205201230960768,3.68649784800943,1,0,0,0
3362,64.4147202803198,20.99,27.847,0.161767620926911,3.65537804628885,1,0,0,0
3363,76.2271281729132,6.79,32.089,0.100117631077978,3.64150207077661,0,1,0,0
3364,47.9274219173002,39.29,28.713,0.196649172791038,3.61870182501085,1,0,0,0
3365,57.9340703119883,5.37,6.278,0.280680482421195,3.40719967681608,0,0,0,1
3366,52.5512010471263,5.72,6.473,0.317331115428245,3.55526585506589,0,0,0,1
3367,55.426705240264,8.63,23.473,0.126452607071301,3.6185288201746,0,1,0,0
3368,57.0970575717578,21.12,10.385,0.171587389301731,3.42107545901891,0,0,1,0
3369,55.4357306153489,19.84,24.59,0.0919196968861801,3.27561085110762,0,1,0,0
3370,39.9849265515908,9.5,3.274,0.302858897646749,2.32766881849854,0,0,0,1
3371,68.7838273576128,13.94,14.177,0.0945311105097515,4.28578658175012,0,1,0,0
3372,59.7869230755461,19.7,6.489,0.190657120765295,3.76830989574921,1,0,0,0
3373,63.2423222512765,11.71,30.988,0.166015887568408,3.42783279920821,0,0,1,0
3374,68.0653004874077,30.69,39.0,0.241183015134601,3.30462012385252,0,0,1,0
3375,61.8081011713545,30.91,24.429,0.127058018485823,3.23322013357392,0,1,0,0
3376,59.6911063646462,35.67,34.766,0.0762472970937923,3.52012000221583,0,1,0,0
3377,61.782733668389,11.4,25.172,0.207218186832542,3.68140018836267,0,0,1,0
3378,50.1318640145473,14.41,23.279,0.108880476583288,3.29298447731819,0,1,0,0
3379,58.2439224391538,29.44,39.423,0.235201536550591,2.80596066963443,1,0,0,0
3380,56.4227498918669,3.84,2.736,0.272867810582617,3.62494944180538,0,0,0,1
3381,60.8733071364124,8.62,3.072,0.302777352988615,3.41021204539011,0,0,0,1
3382,67.926253485025,23.96,20.321,0.251634115902928,3.42886215753285,1,0,0,0
3383,59.3261109726148,12.4,7.074,0.301920314930304,3.53261924967517,0,0,0,1
3384,57.392978205699,26.51,36.661,0.189355731704153,3.56003035532325,1,0,0,0
3385,67.8786903217973,14.02,32.01,0.322830001805877,3.19820940378009,0,0,0,1
3386,71.4388265790646,15.29,23.356,0.271771287977635,4.12802631625179,0,0,0,1
3387,56.8478248827849,14.0,7.496,0.231968153186233,3.05827429223635,1,0,0,0
3388,62.0745507484718,18.79,10.742,0.188530422024391,3.62045867960667,0,0,1,0
3389,46.5093874698061,33.42,33.595,0.218724142241862,2.81329449842297,0,0,1,0
3390,36.8119657616874,14.52,1.673,0.316784310472316,2.89975998662694,0,0,0,1
3391,63.2821660240642,13.45,20.106,0.238902600018642,3.48176326330042,1,0,0,0
3392,66.4928318564261,12.18,23.502,0.0720798836351593,3.18211191333694,0,1,0,0
3393,60.1656099433318,35.15,23.952,0.108358570376094,4.01440406166533,0,1,0,0
3394,70.0031738136243,19.54,8.629,0.202095695529426,3.38909831828862,0,0,1,0
3395,58.7851528956946,18.49,12.162,0.0909209025645662,2.93667382709534,0,1,0,0
3396,58.7092706303551,4.95,8.901,0.0897944687493197,4.1459247694409,0,1,0,0
3397,53.7048622208299,18.65,21.745,0.260261998122739,3.44765677713402,0,0,0,1
3398,66.3065480519763,20.3,29.401,0.189988085787268,3.40526740317462,1,0,0,0
3399,65.7137300447387,5.3,12.003,0.137019544930542,3.31913107642608,0,1,0,0
3400,51.2674089933834,3.89,7.974,0.265456416872654,3.14630284391941,0,0,0,1
3401,71.118346218606,19.86,14.172,0.08034674054854,3.65394691999618,0,1,0,0
3402,56.1396328342751,13.57,5.87,0.315120337605586,2.86875099361621,0,0,0,1
3403,72.7536805927317,30.35,41.726,0.176114473722238,4.03244762420742,0,0,1,0
3404,69.0480092367542,14.37,15.607,0.307344285074063,3.73314634124342,0,0,0,1
3405,68.1803064741254,31.02,29.602,0.178302151128871,3.65466752102896,1,0,0,0
3406,71.8077557066788,7.87,13.46,0.139058972158255,3.62820157769065,0,1,0,0
3407,64.1920223538389,16.43,3.376,0.210307983778248,3.61676894982287,0,0,1,0
3408,62.780616058707,16.31,7.967,0.195133012194094,3.2619683930133,0,0,1,0
3409,66.0876816421851,6.87,21.652,0.360184887654335,3.58842178012224,0,0,0,1
3410,48.7028922329455,31.06,41.025,0.195460709618371,2.64468397563966,1,0,0,0
3411,55.3624935226576,4.39,4.435,0.274871389055087,2.65898368737925,0,0,0,1
3412,62.7268404590097,27.22,35.039,0.227463602952283,3.84207652883374,1,0,0,0
3413,59.6626079279643,28.5,21.264,0.214126796992346,3.29685187210908,1,0,0,0
3414,54.0855500330104,25.35,28.774,0.107148045044319,3.2045993082027,0,1,0,0
3415,58.2144758011272,10.17,9.744,0.329019901588012,2.67601166782793,0,0,0,1
3416,61.4881959751096,8.96,7.349,0.223653059327025,3.82047304426442,1,0,0,0
3417,60.8027933568986,10.2,5.229,0.286840528992525,3.65148787866696,0,0,0,1
3418,63.7272599416297,28.67,18.248,0.249515903408104,3.81855866129373,1,0,0,0
3419,48.7004016509553,25.75,36.059,0.0878360190029732,3.28055004274918,0,1,0,0
3420,67.5099676288723,30.27,18.317,0.0745691043131925,3.33357526663769,0,1,0,0
3421,60.642210271736,21.96,15.608,0.199105949952922,3.8640707299592,0,0,1,0
3422,59.0626094917569,33.41,37.036,0.182869146114942,3.49773730242788,1,0,0,0
3423,57.7573941101404,13.75,14.688,0.0876806288855298,3.69338262321334,0,1,0,0
3424,58.7695072437325,21.68,17.026,0.142638047651649,3.68998413443159,1,0,0,0
3425,70.4960366991335,12.28,15.608,0.125426216767406,3.85740770364036,0,1,0,0
3426,63.4113473485198,18.81,1.101,0.139189486680434,3.24947589878498,1,0,0,0
3427,43.0446282488247,23.63,27.949,0.26850732949701,2.80670984305101,1,0,0,0
3428,63.232039191516,33.56,33.796,0.0946065113162655,3.92697942137915,0,1,0,0
3429,70.5359266122339,14.95,8.585,0.108082930860192,3.87833894872708,0,1,0,0
3430,67.4734144664004,22.4,7.542,0.107122440207279,3.71928953220041,0,1,0,0
3431,65.4808047153461,24.28,16.279,0.142904540386353,3.98680174382406,0,0,1,0
3432,70.2013293261594,30.62,31.07,0.370993321081924,3.65359519834895,0,0,0,1
3433,53.1832211175017,3.89,1.821,0.314540382604456,3.56006603482288,0,0,0,1
3434,58.7683619430958,30.78,37.598,0.156661780823619,3.5647534535204,0,0,1,0
3435,64.6946810848824,29.62,39.731,0.196348793729106,3.35576956997841,1,0,0,0
3436,61.1657297621234,12.57,1.261,0.212011892746129,3.39825441712364,0,0,1,0
3437,59.4712932232544,6.28,7.828,0.380284592441474,3.05382494409707,0,0,0,1
3438,70.6561463908203,5.51,31.65,0.169805752908696,3.83009533096749,0,0,1,0
3439,55.5778358123824,22.1,19.625,0.123743567018464,3.38516271938081,0,0,1,0
3440,64.9320335660344,20.12,16.78,0.225887726460053,3.99761310195559,0,0,0,1
3441,55.9160843921882,5.04,8.671,0.282221905270522,2.88069115441266,0,0,0,1
3442,69.7000254308543,28.71,23.63,0.210052662651426,3.66297048240702,1,0,0,0
3443,70.5589014334614,24.52,23.508,0.0696969081157578,3.83658526247791,0,1,0,0
3444,65.7918164499519,11.26,24.701,0.196643978932115,3.24639845322201,1,0,0,0
3445,64.6978400963871,21.58,27.792,0.255837134788267,3.31286739696953,1,0,0,0
3446,62.0215219583637,7.9,22.428,0.13053113426659,3.69042682785418,0,1,0,0
3447,62.490795414195,21.51,19.244,0.171950918807126,3.66340191631199,0,0,1,0
3448,44.6722294133035,39.27,28.958,0.105653242782585,2.84299397932947,0,1,0,0
3449,64.5075218226426,25.24,24.907,0.164830728815386,3.25906634369925,1,0,0,0
3450,45.4162218978118,29.71,32.909,0.356709493271882,3.14360983566872,0,0,0,1
3451,61.1175757136281,36.21,22.806,0.211992801163154,3.84678793413692,0,0,0,1
3452,68.4469995311764,5.62,25.204,0.420083617827388,3.38422364027705,0,0,0,1
3453,59.5192224204737,25.01,41.393,0.175754275577662,3.72065654476025,0,0,1,0
3454,56.3146033669443,12.44,14.932,0.174711338947649,3.37083364679842,0,0,1,0
3455,64.9319616152381,32.97,8.237,0.10636735699444,3.44594745623447,0,1,0,0
3456,59.8176846461901,19.83,17.534,0.151991030446678,3.93173676489109,1,0,0,0
3457,54.4628073460932,8.47,8.468,0.290855036476497,2.85477458972246,0,0,0,1
3458,67.0703623311371,14.97,4.617,0.295923510278875,4.46433238036187,0,0,0,1
3459,51.482390659908,27.96,24.733,0.246784126863849,3.11683629878569,1,0,0,0
3460,68.6720866757428,8.39,11.038,0.12187678350184,4.26520481713887,0,1,0,0
3461,46.6830541217653,6.98,0.267,0.339522922735349,3.48782237707499,0,0,0,1
3462,65.723411994843,13.1,18.044,0.104581935313773,3.37078607484335,0,1,0,0
3463,61.1006231322582,33.56,13.357,0.182114341955947,3.18134419928252,1,0,0,0
3464,68.4938282014544,10.75,5.385,0.184822976422538,3.82878794330322,0,0,1,0
3465,67.7765081626917,12.65,19.333,0.0792990400914802,3.81661078883558,0,1,0,0
3466,63.9265185782933,25.69,13.889,0.192855314500242,3.33043333091998,0,0,1,0
3467,67.4006430873937,10.14,13.657,0.29389719110911,3.56456269351746,0,0,0,1
3468,62.0807527625622,22.03,11.056,0.21337246451255,3.46430863198447,1,0,0,0
3469,55.0769831012745,16.67,12.946,0.151169851841427,3.84534095770371,0,0,1,0
3470,47.4109657341303,35.95,23.66,0.21878659538943,3.10729022132442,1,0,0,0
3471,68.119213479163,39.35,30.178,0.0820462244211324,3.61145126138828,0,1,0,0
3472,71.2490635169789,12.03,33.936,0.0891635857184515,3.65167993200217,0,0,1,0
3473,63.0485793225382,35.32,11.206,0.0876574055815569,3.4618099571251,0,1,0,0
3474,73.480654392117,13.52,23.791,0.0949526470477918,3.42319912522446,0,1,0,0
3475,53.8026182358526,33.37,20.303,0.392044793847397,3.11335899075987,0,0,0,1
3476,66.1919842083014,17.85,1.782,0.188623089448158,3.69754375059304,0,0,1,0
3477,58.4477357104835,25.64,33.067,0.151619873401863,2.94160144478358,0,1,0,0
3478,65.5742905416359,24.57,7.551,0.302828464369525,3.26252182997142,0,0,0,1
3479,63.3325848532619,28.7,33.223,0.288954035296263,3.54220984973881,1,0,0,0
3480,47.0389182647046,3.64,5.278,0.361342809086165,2.34862023809809,0,0,0,1
3481,63.4480629418016,17.58,3.224,0.0800096132368166,3.48351027165222,0,1,0,0
3482,64.3034232486135,18.51,13.445,0.384119759740963,3.28973821211433,0,0,0,1
3483,56.2397678325286,30.16,25.028,0.185833672335844,3.30473630665182,0,0,1,0
3484,64.7170433183854,36.17,33.207,0.161653383649163,3.45255291690644,1,0,0,0
3485,64.3836275100577,28.93,43.226,0.0891945798763582,3.24276524787672,0,1,0,0
3486,49.3449526878489,33.71,19.281,0.101591326035464,3.46657957189959,0,1,0,0
3487,61.6402724878483,29.8,40.224,0.242972711389998,4.0332827675374,1,0,0,0
3488,53.3521644014153,7.19,3.562,0.22139248818809,3.66036831856219,0,0,0,1
3489,55.1558208480644,4.36,2.883,0.340296038085114,3.31095466481822,0,0,0,1
3490,70.8749902721756,4.57,2.089,0.420168595691546,4.01629106458412,0,0,0,1
3491,66.9656612338748,10.52,25.31,0.366115114571881,3.72279317784568,0,0,0,1
3492,67.3658056292881,30.43,37.089,0.135303521876432,3.71888722918105,1,0,0,0
3493,69.9037600179915,13.16,13.257,0.083813966238943,3.40640102784886,0,1,0,0
3494,50.5187238174808,31.02,44.429,0.15452463638222,2.71069026785395,1,0,0,0
3495,63.6364628527364,38.16,22.919,0.240017309274461,3.75392042288292,1,0,0,0
3496,45.0520293367588,29.74,25.959,0.263620507961325,2.34338446937748,0,0,0,1
3497,70.9974656623846,12.32,19.789,0.192038723965295,3.25498705874114,0,0,1,0
3498,45.6879290016983,7.37,2.284,0.319588379446754,3.12649958067273,0,0,0,1
3499,62.9661023546413,25.57,28.316,0.25649155780815,3.53002611951737,1,0,0,0
3500,66.5592946467259,8.27,28.126,0.401887933717156,3.52184092128031,0,0,0,1
3501,61.2023843480744,22.12,6.028,0.202524670121205,3.59278173520863,1,0,0,0
3502,50.0560923723803,8.55,7.182,0.250188256943391,3.27426315538689,0,0,0,1
3503,67.8614518210222,23.04,10.418,0.244176494036527,3.39213255130376,1,0,0,0
3504,72.3250789478221,10.68,12.059,0.253902200314146,4.49009032047613,1,0,0,0
3505,70.9186981345711,8.74,28.667,0.2438904146297,4.06914032664286,0,0,0,1
3506,67.957386119636,5.93,7.966,0.34064599977208,3.08713089196086,0,0,0,1
3507,64.2952204832296,5.34,3.009,0.338138715661796,3.99060528290141,0,0,0,1
3508,45.857948466814,29.65,44.331,0.229431603098488,2.94150789327556,1,0,0,0
3509,63.9866434695044,28.84,41.706,0.200466647818191,3.31772742712175,1,0,0,0
3510,61.8240201050189,28.64,32.04,0.0872790642211837,3.43072540549136,0,1,0,0
3511,57.8885799247671,31.43,25.295,0.232179811056144,3.16467652362482,1,0,0,0
3512,63.5339079912721,15.48,0.655,0.224703885455364,3.68198284824695,1,0,0,0
3513,61.514079546498,30.27,35.026,0.130603957685396,3.82543023230478,0,0,1,0
3514,58.447096147229,25.33,26.979,0.167610957850987,3.97287015973671,1,0,0,0
3515,67.8574391177633,24.98,40.101,0.316019437063023,3.92647091680506,0,0,0,1
3516,66.9957502724945,6.07,19.287,0.176102195173808,3.49305380202926,0,0,1,0
3517,63.5108075309659,21.5,0.526,0.228816538739017,3.09135954127411,1,0,0,0
3518,72.5387737381935,6.46,0.205,0.295192346533923,3.89585434764404,0,0,0,1
3519,67.0542393723426,38.57,4.819,0.109791411298687,3.76524756560714,0,1,0,0
3520,62.6420268492853,7.75,24.267,0.088400236519183,3.77672492011523,0,1,0,0
3521,52.9016638464493,23.58,33.49,0.367217068826988,4.15559412036553,0,0,0,1
3522,71.4920560976559,39.53,11.197,0.109626749616219,3.94241814908224,0,1,0,0
3523,59.5239254456612,26.88,37.149,0.163917014183082,3.10631641732867,1,0,0,0
3524,59.537206368418,20.86,16.358,0.242629440350751,3.35697935932799,1,0,0,0
3525,47.7196099417489,31.8,21.656,0.0724983860641207,2.80710782228525,0,1,0,0
3526,70.9080917735951,9.99,29.291,0.202853494147725,3.72870228014719,1,0,0,0
3527,39.6984440992452,16.4,3.809,0.197615007068955,2.82995077327015,1,0,0,0
3528,62.59969674058,23.98,10.056,0.222655484193478,3.35473420159438,1,0,0,0
3529,65.7286670848833,11.07,22.954,0.278214784027347,3.69778600729846,0,0,0,1
3530,59.3263748453051,3.29,6.725,0.339709094615455,3.73075578251935,0,0,0,1
3531,65.0987429569466,25.54,13.575,0.181824993778121,4.35542468743651,0,0,1,0
3532,61.3476483303594,10.23,7.443,0.289921383568541,3.12400591999948,0,0,0,1
3533,63.1203624802812,22.3,1.779,0.276035041817721,3.41014592991649,0,0,1,0
3534,57.3999456227504,32.69,31.785,0.299992648341865,2.94361242760351,0,0,0,1
3535,68.6785723024084,11.52,12.535,0.111343971116352,3.78699411201345,0,1,0,0
3536,52.4241332870004,4.64,4.275,0.262051326734839,2.88366625713023,0,0,0,1
3537,62.2334151284138,17.34,10.756,0.270549121194281,4.0169126787075,1,0,0,0
3538,58.8133607473829,38.35,18.046,0.308701388365524,3.24850901066517,0,0,0,1
3539,62.1546582910274,33.35,25.185,0.168876967999678,3.84578356997418,0,0,1,0
3540,59.7785682030191,25.05,29.41,0.0819998176264866,3.64545976807041,0,1,0,0
3541,65.4935880306231,32.65,27.431,0.121638356044202,3.18429321869302,0,1,0,0
3542,56.7023842840039,23.34,13.612,0.17785416899504,3.68199724003749,1,0,0,0
3543,61.9003727807757,33.82,31.681,0.212899185035781,3.50200674002082,1,0,0,0
3544,50.6542743664567,15.7,2.184,0.287479343398827,3.05514628488054,0,0,0,1
3545,52.5682388873998,33.42,3.19,0.264022776308602,3.36811953924728,0,0,0,1
3546,64.9906789148992,24.7,17.091,0.253362460758079,3.65301557369445,0,0,1,0
3547,59.5596011551402,15.46,12.772,0.258429881607521,4.00388739959861,0,0,1,0
3548,58.9571359193619,34.18,17.201,0.164931553070258,3.18512328929285,1,0,0,0
3549,69.4436984930197,13.7,23.44,0.264707802580148,4.14161821944198,0,0,0,1
3550,66.455833021031,12.61,11.654,0.11317946925065,3.65611552655749,0,1,0,0
3551,63.0968843679336,15.12,15.721,0.0857154962139699,3.39285397632093,0,1,0,0
3552,47.1015591888713,33.04,12.314,0.213768568274876,3.63123578081722,1,0,0,0
3553,64.5318279327244,26.72,32.617,0.0867336458231608,3.43950146378523,0,1,0,0
3554,48.5688967568662,13.81,4.712,0.0897443125985846,2.73744032406037,0,1,0,0
3555,52.5953335684187,5.35,1.435,0.279404960709604,3.31260036273926,0,0,0,1
3556,68.1351446371554,5.28,23.628,0.0945652872028281,4.07588453156355,0,1,0,0
3557,60.2770128258634,19.23,17.339,0.210323390168442,3.45735743082399,1,0,0,0
3558,70.9646072167669,10.94,11.629,0.0653015711270606,4.13504140819291,0,1,0,0
3559,62.6751397877785,9.78,24.149,0.118162168074684,3.36898094858452,0,1,0,0
3560,67.7485938427461,23.09,37.037,0.203695368423587,3.63420682212984,1,0,0,0
3561,69.5181186506908,34.29,19.461,0.122113479948307,3.50349671878521,0,1,0,0
3562,43.2140654954621,17.55,2.331,0.261850054250914,2.99316340177401,0,0,0,1
3563,67.2495265069032,33.65,10.815,0.0975356267306738,3.04290092155752,0,1,0,0
3564,60.9531784705996,21.58,38.182,0.210272898214061,3.83415514609697,0,0,1,0
3565,76.609662005593,18.26,11.687,0.0779979713473454,4.400528609509,0,1,0,0
3566,63.5875462020568,34.91,32.533,0.204444980028478,3.65987209066642,1,0,0,0
3567,61.9090336012623,25.82,23.106,0.271482043049312,3.21459466342004,1,0,0,0
3568,57.4082654937436,11.89,9.703,0.178056405519675,3.45758403946597,1,0,0,0
3569,57.4900353546606,23.66,15.066,0.157505259096615,3.09458273490491,0,0,1,0
3570,61.8285481097003,24.16,28.136,0.166114464567817,2.91932343485709,0,0,0,1
3571,49.4176292353742,33.57,22.779,0.17184479026117,2.97925855685289,1,0,0,0
3572,68.9285542985243,5.76,34.328,0.21105387111759,2.75978169641927,0,0,0,1
3573,60.7180147854964,19.41,18.616,0.38267713115773,3.32920711013303,0,0,0,1
3574,53.0873939190892,10.06,7.628,0.310650040334144,3.45894445209156,0,0,0,1
3575,67.7883752556346,8.9,18.002,0.133528087630078,3.20761130832192,0,0,1,0
3576,61.0489319090612,21.43,10.931,0.195085776154834,4.07589962649421,0,0,1,0
3577,61.438872539639,4.64,1.686,0.331706234505394,3.13450033983312,0,0,0,1
3578,66.3094203287279,17.93,11.32,0.275255902403735,3.09568420169433,1,0,0,0
3579,65.102845812005,27.16,5.087,0.109378307157037,4.10468739087878,0,1,0,0
3580,59.2859186881852,27.42,20.056,0.100409938291603,3.57466208459769,0,1,0,0
3581,66.836718561938,12.13,15.103,0.0902402310017707,3.10184334528738,0,1,0,0
3582,64.5331690004597,5.47,8.403,0.13654925203224,3.4374265313538,0,0,1,0
3583,52.6426855618606,35.71,38.821,0.233347084469771,3.69848129072745,1,0,0,0
3584,46.9418072923774,32.25,28.196,0.191279226733041,2.86857709829532,1,0,0,0
3585,63.448500835349,5.37,3.391,0.363854060249213,3.61029115597602,0,0,0,1
3586,65.1801002768018,25.23,26.631,0.222593007608004,3.82237353831312,0,0,0,1
3587,60.5264116294285,36.53,29.119,0.0874589651802689,3.09276177640346,0,1,0,0
3588,66.8249512115918,32.8,11.204,0.147422203828438,3.55618288153885,0,1,0,0
3589,60.23162244755,25.62,24.109,0.212289755151648,3.61646578553322,1,0,0,0
3590,46.4254022548856,7.33,3.995,0.30441842296791,3.21971009225684,0,0,0,1
3591,56.3639483645422,14.26,9.327,0.255463144133638,3.90240329306094,0,0,0,1
3592,47.4273445845292,44.81,34.273,0.150566483513291,3.01384814800987,1,0,0,0
3593,66.3661153986071,21.01,9.764,0.113495044784553,4.12047545201664,0,1,0,0
3594,63.4341005059142,31.84,37.624,0.186819934443977,2.74512156820539,1,0,0,0
3595,74.3615275152523,12.34,30.946,0.13526256175935,4.50722495540966,1,0,0,0
3596,63.6622981965722,35.01,31.848,0.171505553196252,3.48404556450485,1,0,0,0
3597,41.6742187096356,5.18,2.919,0.14652509330499,2.91823571726639,0,1,0,0
3598,65.5725037243807,30.88,12.834,0.0878409608512645,3.87866176490496,0,1,0,0
3599,65.1906593063929,3.91,8.049,0.216265522496379,3.28006599140132,1,0,0,0
3600,65.7237563351996,29.55,44.066,0.172625605707702,2.84564795036213,0,0,1,0
3601,52.7681730183223,5.05,3.857,0.292503755693021,3.1355123772883,0,0,0,1
3602,63.5616437290296,27.46,28.712,0.3739723974598,3.06905491129689,0,0,0,1
3603,50.786741242922,24.37,27.29,0.104798015194728,3.56733767775635,0,1,0,0
3604,53.9805576584227,3.79,9.314,0.134701663232212,3.20246765072002,0,1,0,0
3605,46.8871998921018,31.57,11.644,0.413447025062557,3.03036068868761,0,0,0,1
3606,70.4760530278362,25.79,33.159,0.190725437745532,4.21122728278948,1,0,0,0
3607,67.9882254820226,8.9,9.285,0.0973560500114245,3.9680444246503,0,1,0,0
3608,54.4310214289851,8.09,7.828,0.23134163374953,3.20830850049385,0,0,0,1
3609,60.0063549374112,19.06,2.214,0.188423453353556,3.38652883658462,0,0,1,0
3610,63.7156964648517,39.94,3.74,0.0875176041533875,3.73542104865461,0,1,0,0
3611,64.812308750106,27.65,14.863,0.180895402035304,2.78374587444557,1,0,0,0
3612,59.3000957183288,37.66,24.835,0.223547611146538,3.34274340226997,1,0,0,0
3613,65.5177253430411,20.6,1.423,0.183837735076498,3.32674847341407,0,0,1,0
3614,70.2360864920408,5.18,17.194,0.350556675838586,4.04981048197764,0,0,0,1
3615,60.3935674783718,34.8,51.37,0.138492322570716,2.99059936979324,1,0,0,0
3616,69.0211605980958,34.45,34.641,0.0980346792323438,3.29186123303679,0,1,0,0
3617,69.7840673633431,27.92,41.363,0.24096727907307,4.16324892041697,1,0,0,0
3618,48.2774748250901,40.15,37.805,0.300981548875343,3.1871078564973,1,0,0,0
3619,67.6273085713969,34.62,31.981,0.224120278506469,3.41245050663868,1,0,0,0
3620,63.6373949737311,21.78,15.973,0.265779016493083,4.31962810407164,0,0,1,0
3621,67.2874652731225,15.82,5.825,0.342804354647556,3.1643300650769,0,0,0,1
3622,61.2334166790449,33.71,17.644,0.279956040101985,3.42308653603465,0,0,0,1
3623,66.9348155460038,29.99,29.127,0.210856077060761,3.88679422929046,1,0,0,0
3624,60.8705768060197,17.61,10.58,0.165045511560126,3.65682664056945,1,0,0,0
3625,58.6810290413672,22.72,3.922,0.103921264684332,2.31774904415165,1,0,0,0
3626,61.0531140878999,9.92,7.791,0.13697493552978,3.33481646066397,0,1,0,0
3627,39.1766357434414,11.52,9.093,0.103825237693472,2.92774494915458,0,1,0,0
3628,63.2564012584542,31.22,35.523,0.189477228157141,3.03002678386833,1,0,0,0
3629,64.2808772122918,30.9,15.374,0.126188119319252,3.48036833083189,0,1,0,0
3630,61.7851328176243,10.33,7.214,0.121601149830195,3.23748924473263,1,0,0,0
3631,64.2537278678525,37.27,25.894,0.123359336382119,3.80210857152535,0,1,0,0
3632,66.2095440039684,26.34,8.913,0.0736749242740872,3.26515425958046,0,1,0,0
3633,52.420694124923,23.1,41.839,0.181602019079426,3.44714071522385,1,0,0,0
3634,72.3178464107377,31.39,14.282,0.0861654458309213,3.64205001726355,0,1,0,0
3635,59.9470910581918,22.23,33.69,0.0644213663683853,2.78264354708599,0,1,0,0
3636,64.1288328127392,35.96,22.872,0.160445891648653,3.45740692023306,1,0,0,0
3637,60.7798314473902,16.98,16.012,0.161217178300662,3.35179197987853,1,0,0,0
3638,65.1876854346495,27.01,22.383,0.106226526977151,3.15196799185142,0,1,0,0
3639,59.5140116264349,26.6,12.48,0.332887188080457,3.24089327672576,0,0,1,0
3640,66.9222269654003,14.45,19.487,0.223027262539936,3.37808507355889,0,0,1,0
3641,63.6965479532829,27.58,22.231,0.105247369389833,3.7089700097632,0,1,0,0
3642,46.866733059319,37.55,33.808,0.111380741388456,2.82263022692918,0,1,0,0
3643,59.911306768124,18.84,15.612,0.14892184595908,3.16552782229948,0,0,1,0
3644,66.0541357282792,25.29,39.566,0.114860277868827,3.44818385692628,0,1,0,0
3645,63.816344662861,6.97,12.802,0.0952649355929957,3.70977302044024,0,1,0,0
3646,43.9107836585861,25.96,21.361,0.105170194596195,2.54903153197654,0,1,0,0
3647,58.3075166458964,22.81,36.125,0.25623620804329,3.62991777406244,0,0,0,1
3648,64.9374163423521,26.6,25.445,0.144232721693692,3.9125582868202,1,0,0,0
3649,52.9259675341928,30.95,26.851,0.242811122130918,3.18524855250198,1,0,0,0
3650,71.1848122714749,11.59,18.673,0.0859517628295611,3.63792432356473,0,1,0,0
3651,62.6144712694299,14.81,9.85,0.142060733501079,3.34421665352319,0,0,1,0
3652,60.6441833689222,39.94,17.773,0.103391003996979,3.18406153012367,0,1,0,0
3653,48.8038708793489,31.04,25.537,0.204066328035414,3.67054696271284,0,0,1,0
3654,68.5190668412212,26.05,19.308,0.145208814337746,2.9699746075228,1,0,0,0
3655,68.6905471923409,6.75,20.203,0.190437353342037,3.459382931923,1,0,0,0
3656,55.3508906205256,26.65,38.661,0.185609389097,3.19496120121117,1,0,0,0
3657,71.4396410457397,34.67,20.277,0.123139439618646,3.015292759655,1,0,0,0
3658,54.0934564540928,3.99,1.578,0.128224799449463,3.60924854591105,0,1,0,0
3659,62.0527702747484,29.44,31.999,0.197441812317134,3.23502693059587,0,0,1,0
3660,66.9970387213051,13.46,24.72,0.109774244864121,3.54626562069393,0,1,0,0
3661,61.2199421458726,3.76,1.921,0.285958041001903,3.62810391403269,0,0,0,1
3662,51.0912060438196,4.9,2.798,0.226102276550901,3.06468984090518,0,0,0,1
3663,63.0121001567213,33.63,30.595,0.210665022130821,3.59554198575685,1,0,0,0
3664,69.6121405804629,24.45,17.142,0.241769755602028,3.78661444088897,1,0,0,0
3665,60.5583861292945,16.58,9.897,0.110755272782579,3.33824636084789,1,0,0,0
3666,64.3033560524613,27.01,4.087,0.198592820780613,3.6950567179892,1,0,0,0
3667,46.051619102891,26.55,38.625,0.189373214606396,2.92295375188258,1,0,0,0
3668,67.3457258113053,26.29,24.408,0.0798742853172119,3.68924794543696,0,1,0,0
3669,63.0130705593853,31.11,34.504,0.227134886803813,3.88464666332555,1,0,0,0
3670,63.7261537041557,39.22,2.033,0.272458787803974,3.67755657747219,0,0,0,1
3671,64.5822424435432,26.75,18.421,0.12559533668524,3.83367127977596,0,1,0,0
3672,60.5516852440565,21.67,11.296,0.253846645721738,3.19162909934944,0,0,1,0
3673,61.2765231320161,24.04,34.252,0.194999849522427,3.68000826813077,1,0,0,0
3674,64.0789232093343,22.52,3.801,0.235182420211744,3.78502729498723,1,0,0,0
3675,51.7311934587294,19.62,15.138,0.230300650233923,2.70073492613037,1,0,0,0
3676,66.3693741763537,26.36,7.868,0.266911676327628,3.57472804142134,1,0,0,0
3677,63.2482280283315,23.9,17.126,0.151463235131972,3.54720982191939,1,0,0,0
3678,57.0399237101657,22.92,6.56,0.095263503683889,3.00678084507618,0,1,0,0
3679,69.7625231433954,14.07,14.992,0.2519179887616,3.15295460423048,0,0,0,1
3680,57.5816508362095,29.99,27.165,0.0931031900236124,3.27146974330434,0,1,0,0
3681,66.6696688736908,27.77,17.534,0.147913366303515,3.21714333968299,1,0,0,0
3682,60.9062503386823,17.15,9.939,0.199349343002749,3.24291130051072,0,0,0,1
3683,50.7855220755304,13.43,5.768,0.0698366898242489,3.29471444596147,0,1,0,0
3684,73.4578275997013,11.75,27.064,0.0918221010928457,3.88571735324736,0,1,0,0
3685,69.4425276202305,27.71,6.715,0.188241674896077,3.33944678279957,0,0,1,0
3686,57.8442639859801,28.23,25.651,0.184490300460238,3.27436092673456,1,0,0,0
3687,60.7931464349308,17.77,6.84,0.111325069403751,3.84498615368883,0,1,0,0
3688,53.035600629147,5.21,2.441,0.343106513293643,3.44180934825331,0,0,0,1
3689,57.0076714822786,18.75,8.964,0.236263859009008,4.0708943470298,0,0,1,0
3690,67.8795726362903,18.14,6.351,0.1027494191717,3.60894601985131,0,1,0,0
3691,69.6096585563713,10.94,23.916,0.260906738801556,3.61299507294361,0,0,1,0
3692,68.3132491133032,14.62,12.533,0.266717585472026,3.63296168815433,0,0,0,1
3693,49.7830546629123,33.53,34.85,0.0885258337296456,2.69409000556824,0,1,0,0
3694,62.8642935390646,8.33,34.277,0.0677229636266249,3.73404745320082,0,1,0,0
3695,67.6079999865798,7.47,22.751,0.0834669959231917,3.89270489973018,0,1,0,0
3696,65.3001346746687,28.21,19.88,0.165910564594149,3.95016188731934,0,0,1,0
3697,60.5160386812178,27.76,27.655,0.135095483586753,4.43885427560253,1,0,0,0
3698,62.8868730034941,21.13,16.665,0.319221170212278,3.67170524406541,0,0,0,1
3699,67.4055696472881,33.58,33.654,0.351503641092322,3.60882589744861,0,0,0,1
3700,39.1528298269844,32.68,22.353,0.109209861318539,2.79642187087802,0,1,0,0
3701,68.3068811824323,31.1,27.114,0.232434385940801,3.57596183316912,1,0,0,0
3702,62.754193218134,19.07,9.616,0.167973487215931,3.18403000192819,0,0,1,0
3703,65.1395465262399,28.22,21.266,0.278494426285844,3.35543709935792,1,0,0,0
3704,53.3492895113645,6.65,5.311,0.351297229339504,3.27043451997699,0,0,0,1
3705,59.2800811510415,14.27,13.247,0.21437061389812,3.01056404056246,0,0,1,0
3706,67.6202275190847,39.94,40.701,0.252331774624022,3.60613235063445,1,0,0,0
3707,49.4738153340814,30.59,34.914,0.174804358746866,3.11600891052303,1,0,0,0
3708,66.6159268984121,33.49,47.202,0.285271974760274,3.77484533923982,1,0,0,0
3709,65.2339992825206,31.31,20.002,0.12815134939438,3.22673226015059,0,1,0,0
3710,65.7739058879669,6.86,12.951,0.226546943648322,4.2365877701203,1,0,0,0
3711,55.2952935803195,23.25,3.792,0.0820403701488824,3.56364863256572,0,1,0,0
3712,70.9411515696443,6.87,22.749,0.10931159721653,3.50331115353026,0,1,0,0
3713,65.3555484709804,30.05,29.565,0.116540029484588,3.36761005162515,0,1,0,0
3714,57.3272079466389,18.99,7.45,0.213572226506046,3.18731966582406,1,0,0,0
3715,54.6101040301539,34.39,29.277,0.13945136634868,3.21804952027474,1,0,0,0
3716,62.0048087482325,14.74,11.342,0.111146870844866,3.89882124288016,0,1,0,0
3717,68.7690298439757,38.14,44.585,0.296219942000396,3.06502353759678,0,0,0,1
3718,61.8148915626201,11.21,6.778,0.404887010819469,3.63918830662425,0,0,0,1
3719,53.4725190253657,7.05,1.59,0.327551661696377,3.43153275614316,0,0,0,1
3720,63.9950337707794,9.52,24.497,0.233251462332557,3.63252709294573,0,0,1,0
3721,64.6016588706233,8.72,18.99,0.229363568931549,4.19567034143968,0,0,1,0
3722,67.0342743973684,40.03,39.092,0.171527352273171,3.45680153332971,0,1,0,0
3723,64.4967138239237,19.22,3.098,0.14079949706144,3.98413860144452,1,0,0,0
3724,48.6868613402274,27.37,33.793,0.176516442749296,3.0249300522506,1,0,0,0
3725,55.5955070627205,17.7,7.705,0.217235812270716,3.02791094941409,1,0,0,0
3726,69.3017141449439,8.4,26.71,0.359023373407695,3.26577930279146,0,0,0,1
3727,68.4292470660387,14.85,28.73,0.115273594336204,3.67698259273803,0,1,0,0
3728,67.770078735028,12.72,21.403,0.0557771018673219,3.35565908346775,0,1,0,0
3729,58.1040866733328,13.63,3.952,0.213924404299183,2.8166435617616,0,0,1,0
3730,68.7791645671473,25.81,20.042,0.188161903598148,3.50896816880543,1,0,0,0
3731,54.4747239707907,5.75,9.425,0.340555630349103,3.62267829112716,0,0,0,1
3732,58.1605485534462,24.59,21.616,0.117936224938106,3.77270458647174,0,1,0,0
3733,51.9528138173898,23.48,26.795,0.124804560538367,2.76860803742572,0,1,0,0
3734,67.6094399489733,8.74,23.839,0.0985750662435407,3.94427735388551,0,1,0,0
3735,60.4181164369243,28.13,19.012,0.0887273368440094,3.13309565073476,0,1,0,0
3736,41.2474967747449,16.08,0.988,0.299649153184525,2.87467287173856,0,0,0,1
3737,57.3432336879071,33.96,34.73,0.219770127390905,3.40535812981655,0,0,1,0
3738,58.7321349180602,24.02,2.487,0.177870272171136,3.25670510694529,0,0,1,0
3739,62.8596915017851,27.74,29.77,0.30646754289535,3.33492143506848,0,0,0,1
3740,63.7834174595712,24.49,15.537,0.110176464255359,3.54425692133965,1,0,0,0
3741,64.0027667428211,21.81,37.179,0.0896062262225132,3.36005906500315,0,1,0,0
3742,42.2912030705576,5.13,6.363,0.332476615964712,2.93963917450425,0,0,0,1
3743,72.3914725444546,5.15,4.671,0.359734377440195,3.93722219755674,0,0,0,1
3744,64.8533000680848,30.18,9.944,0.327815821754048,3.02744652292543,0,0,0,1
3745,45.4623161292467,28.17,37.498,0.161480377392139,2.90639278458649,1,0,0,0
3746,60.0665268892575,27.56,31.985,0.128549240922862,3.12833566334953,0,0,1,0
3747,69.4485543261059,7.43,13.753,0.0709661755642364,3.29178640935867,0,1,0,0
3748,60.9456408065839,37.91,24.915,0.232810354020548,3.20885996980518,1,0,0,0
3749,49.8297535816925,31.34,32.962,0.153846858513178,2.81891737045027,0,1,0,0
3750,70.5037981923652,35.09,40.543,0.253863561141238,3.83189931417753,1,0,0,0
3751,66.0951238969626,22.92,27.858,0.146061611007726,3.72328419832652,0,1,0,0
3752,42.8903067555694,35.1,23.187,0.173570113764632,2.95479529298309,1,0,0,0
3753,50.3986139093612,10.98,0.066,0.283936465249474,2.85324967649138,0,0,0,1
3754,67.4396391418117,12.77,18.764,0.0753160551538086,3.92203803397654,0,1,0,0
3755,45.3529843328209,6.31,5.259,0.278398954456764,3.27269525247391,0,0,0,1
3756,63.1039367065243,40.32,25.88,0.353073059189646,3.4499120544013,0,0,0,1
3757,66.7639055568416,8.97,8.076,0.318567693475181,4.32998725313542,0,0,0,1
3758,69.0896677432906,6.54,27.674,0.0813884670814481,3.40555247763235,0,1,0,0
3759,46.2045309062685,22.03,27.064,0.192732945305012,3.01197203923967,1,0,0,0
3760,68.9515406474556,10.56,33.776,0.078939015266211,3.85878062167773,0,1,0,0
3761,55.0235412601013,7.22,5.98,0.298769529316914,3.749735136777,0,0,0,1
3762,43.5735266116573,5.19,1.591,0.326894017873744,3.47157715548544,0,0,0,1
3763,63.0711384291426,30.58,33.057,0.0985110869838064,3.15762237544991,0,1,0,0
3764,59.5511204484554,22.36,7.92,0.0943932610518306,3.36703425544872,0,1,0,0
3765,63.9147249985541,31.42,29.314,0.202950395025623,3.54011413861424,1,0,0,0
3766,61.8927759462461,7.99,8.966,0.235627578607112,3.07161509676247,0,0,0,1
3767,61.4158434039965,26.26,30.094,0.242216153669897,3.87411024571454,1,0,0,0
3768,57.6341796162791,33.75,32.606,0.324644044880503,3.34178613103482,1,0,0,0
3769,68.8056341546521,8.42,16.093,0.129667814554109,3.95610970266004,0,1,0,0
3770,52.5234017072814,9.2,5.388,0.169648319624539,3.4378471503242,0,0,0,1
3771,69.3665598258273,5.01,12.715,0.118226114613272,3.93285935052899,0,0,1,0
3772,68.314042992821,9.05,15.584,0.144082816992328,3.49632670195715,1,0,0,0
3773,59.5350966877971,22.19,36.348,0.165543269505026,3.75326973037913,1,0,0,0
3774,54.2950543535783,31.73,34.179,0.0728249464693701,3.24149718561692,0,1,0,0
3775,68.7864789689045,8.69,9.649,0.140541712722403,3.88344484314095,0,0,1,0
3776,60.1072545421767,34.21,39.118,0.1585536201485,3.66916318392043,1,0,0,0
3777,59.9573162333097,25.55,2.69,0.16873287637606,3.16147821828164,1,0,0,0
3778,56.82771113452,14.35,6.866,0.114626631517612,3.23042386737701,1,0,0,0
3779,64.9412862243162,23.66,15.671,0.377924421800198,4.14012719455958,0,0,0,1
3780,62.4383531881371,13.39,32.351,0.275765296497643,4.06206023143435,0,0,0,1
3781,61.1097756988904,31.6,12.1,0.261578371477483,3.18792314860189,1,0,0,0
3782,56.2345542926183,18.03,14.174,0.258950562716689,2.92335119530767,0,0,1,0
3783,68.8921750061443,29.62,21.166,0.159407368066363,3.65461058472398,0,0,1,0
3784,68.6179955681056,5.32,24.033,0.22195803627485,3.76615452879855,1,0,0,0
3785,68.7205123483274,14.87,24.407,0.18994160109647,3.96698323168484,0,0,1,0
3786,58.8828703361929,29.73,35.803,0.111215409462349,2.75147422612978,0,1,0,0
3787,70.6482060939873,8.18,12.614,0.0975942371581137,4.65693183728265,0,1,0,0
3788,45.9908442367517,5.7,0.443,0.209975469234083,2.90303998337882,1,0,0,0
3789,59.912685477798,15.51,20.868,0.338482036745668,3.59954172841985,0,0,0,1
3790,65.555206083202,32.84,40.26,0.222323750576747,3.59705004047681,0,0,1,0
3791,43.6306686677499,20.14,38.285,0.230607250024525,2.97004531409485,1,0,0,0
3792,63.0599816326811,23.96,18.357,0.210385281003106,2.90946193764018,1,0,0,0
3793,65.9239642004567,28.3,25.461,0.104082431995217,4.33054977248394,0,1,0,0
3794,61.8239326213864,16.74,9.699,0.116933402801718,3.26550519418374,0,1,0,0
3795,68.5497295386512,6.26,25.968,0.260003739409957,3.81657958859253,0,0,0,1
3796,55.1169351355539,24.01,1.245,0.119631588036549,3.36649939021822,0,1,0,0
3797,52.0155332195443,33.21,29.329,0.0596981045992478,3.23595177665682,0,1,0,0
3798,69.9973424701617,24.65,9.12,0.172775191489828,3.55816400284968,0,0,1,0
3799,60.5833710624642,5.48,6.89,0.339663875800446,3.46671106406703,0,0,0,1
3800,62.4822349556644,27.55,16.636,0.210303910956701,3.91769912201406,1,0,0,0
3801,55.6313802409681,31.05,29.438,0.121900393842184,3.67836733324324,0,1,0,0
3802,69.3649070900597,6.88,10.734,0.114455084215489,4.5364248243289,0,1,0,0
3803,49.3641026820514,23.99,34.898,0.215545638225509,3.07804324512436,1,0,0,0
3804,65.2671930326029,33.7,37.169,0.0738945960318311,4.01317565500447,0,1,0,0
3805,56.2389723505103,11.32,18.489,0.188706084722642,2.70682984844074,0,0,1,0
3806,69.6132184665166,9.78,29.047,0.271524747289256,4.43792832235771,0,0,1,0
3807,61.5977150668418,19.55,18.856,0.159799050093562,3.68821114038107,1,0,0,0
3808,39.4952716626093,27.79,28.728,0.19324326848278,2.95320359574094,0,0,1,0
3809,54.64635948761,18.24,21.993,0.13977634384876,3.91913876926221,0,1,0,0
3810,62.3014238115514,16.51,20.505,0.223331191120948,3.51530040882252,1,0,0,0
3811,58.7511404986087,17.33,10.056,0.149246823211505,3.37415834638976,0,0,1,0
3812,63.1897426680872,9.25,0.749,0.318923439542683,3.55369129527184,0,0,0,1
3813,62.4697631804121,26.71,8.087,0.174041203336253,3.22911886047901,1,0,0,0
3814,65.3222702255319,24.66,39.94,0.164134227888652,3.79688597008873,0,0,1,0
3815,62.814444670816,29.52,31.306,0.195169052655426,3.61080513756216,1,0,0,0
3816,64.1004899424059,30.39,36.587,0.205271127187804,3.38318139347983,1,0,0,0
3817,68.5555059619956,6.62,34.069,0.385933473868548,3.79239989015073,0,0,0,1
3818,62.8012853675039,29.75,6.681,0.198379010727019,3.6503868699524,1,0,0,0
3819,59.263031111258,20.88,3.188,0.286923096691807,3.16767869320522,1,0,0,0
3820,41.2303937621762,3.06,9.939,0.340368328675,2.62021139577852,0,0,0,1
3821,61.2173345043743,22.9,7.705,0.260280400583486,2.85019702010464,0,0,0,1
3822,48.8788614816902,17.56,8.056,0.190771034758702,3.01825770378147,0,0,0,1
3823,51.7941586493934,38.04,34.812,0.269929067419184,3.63590384270232,1,0,0,0
3824,67.7121220413964,7.77,13.131,0.114720932438715,3.65173450932475,0,0,1,0
3825,59.1730698617781,25.84,12.299,0.163254430117091,4.12960950370488,0,0,1,0
3826,59.9313120848759,27.84,29.007,0.182262927987834,3.69513996145209,1,0,0,0
3827,71.7757422443961,7.32,13.504,0.0938857314798712,3.13231669991052,0,1,0,0
3828,60.7087829835699,34.01,16.091,0.105407680241844,3.46202692954316,0,1,0,0
3829,72.1749086413601,11.84,21.705,0.0532363381690496,4.25667452934532,0,1,0,0
3830,64.3154745311859,3.39,0.59,0.347246271588716,4.42387502270453,0,0,0,1
3831,65.7108587701532,34.8,26.132,0.116307903650738,4.20559256596758,0,1,0,0
3832,54.9554684486875,30.18,33.469,0.0890461158405135,3.22404516484015,0,1,0,0
3833,65.4591498007773,25.2,28.769,0.103178501043087,3.68738222932951,0,1,0,0
3834,65.2307674607292,32.36,24.199,0.172779972215845,3.69706562389565,1,0,0,0
3835,62.3217987824782,35.47,17.057,0.270709939282376,3.57912623092293,1,0,0,0
3836,42.4083351436122,12.01,5.215,0.111057167288811,2.59209057051854,0,1,0,0
3837,58.7249290145776,18.53,18.759,0.145587721632203,3.30334742552643,0,0,1,0
3838,39.3092762362856,6.89,9.062,0.260825427584691,3.06309357987197,0,0,0,1
3839,62.2049124068511,32.34,5.282,0.240512430530769,3.32335012336063,0,0,0,1
3840,63.7437130587209,24.1,24.592,0.0997824030894452,4.08023874612146,0,1,0,0
3841,65.4007478637282,6.56,14.507,0.264319829058556,3.89505781405474,0,0,0,1
3842,55.535747169559,8.13,0.383,0.304914621046586,3.24995664012208,0,0,0,1
3843,60.9141459327695,42.76,34.529,0.232091432867321,3.69761825715633,1,0,0,0
3844,53.7117043941226,29.54,39.957,0.103486244036874,3.45536171087319,0,1,0,0
3845,57.5784226599356,32.04,17.69,0.247615654341283,3.8753530524951,0,0,0,1
3846,63.4097629396273,5.85,25.482,0.216866012599132,2.96352706851673,0,0,1,0
3847,59.3784427153804,37.4,9.778,0.14477763288924,3.53480300977196,0,1,0,0
3848,61.6692366688422,23.3,1.086,0.259908487529201,3.68131354942587,1,0,0,0
3849,67.3619217616397,5.67,15.432,0.341628354007289,3.13151505826737,0,0,0,1
3850,45.8422735535836,23.42,30.509,0.192838961300565,3.35490066451758,1,0,0,0
3851,67.1788164175962,11.23,28.247,0.104564628031554,3.45425204756944,0,1,0,0
3852,52.5668177215425,26.88,9.489,0.207758467717625,3.36619380490836,1,0,0,0
3853,51.548155883121,26.48,1.884,0.193508564137229,3.12605294881151,1,0,0,0
3854,63.8439389724672,9.4,9.111,0.0817405770929661,3.74338039232319,0,1,0,0
3855,57.6758033472248,17.34,3.906,0.199364637168879,3.23897810871352,1,0,0,0
3856,51.4613358674101,11.8,7.983,0.350910431712402,3.1715052080303,0,0,0,1
3857,68.5857909882447,9.03,31.848,0.369284667418754,3.38846239057644,0,0,0,1
3858,53.1111204629516,33.14,33.218,0.071035984777768,3.03806867944446,0,1,0,0
3859,46.4834837835474,17.19,0.542,0.200905334824365,3.14782521688522,0,0,1,0
3860,67.3452369307469,4.43,5.837,0.340186574410514,3.26520345877852,0,0,0,1
3861,63.3351358495095,20.07,16.94,0.100855066313017,3.09015729609195,0,1,0,0
3862,59.4646805831098,11.59,16.864,0.197070127651069,4.33503958848335,1,0,0,0
3863,56.3555581660011,4.93,8.335,0.24895147201304,3.22488550490955,0,0,1,0
3864,55.1002104733275,6.3,2.391,0.115730972031774,3.49622781531919,0,1,0,0
3865,64.7395533230018,14.04,28.333,0.094907102253095,3.86664970914285,0,1,0,0
3866,53.2471212678815,26.43,35.52,0.0893658456781322,3.62224190203001,0,1,0,0
3867,61.5463346790495,38.54,30.87,0.207934548848934,3.80431871659248,1,0,0,0
3868,74.4075373519691,16.62,11.405,0.19094984263027,3.60738197017934,1,0,0,0
3869,64.6256752261908,23.08,28.802,0.207575776787476,3.81364318107655,1,0,0,0
3870,75.4350160488698,12.63,31.834,0.113669034248986,3.9115060574898,0,1,0,0
3871,58.4913949653665,28.17,38.143,0.178770204604242,3.74554136419689,1,0,0,0
3872,59.9961148907834,3.5,2.852,0.268478456326877,4.23106671347655,0,0,0,1
3873,65.4268042540799,13.9,33.728,0.102866579861476,3.84355526570826,0,1,0,0
3874,59.5060928431797,11.81,6.427,0.0736779080941116,3.61834826316794,0,1,0,0
3875,70.6143197601035,7.62,25.025,0.154128590598279,3.69653574042917,0,0,1,0
3876,65.6321583223208,22.3,43.7,0.186284248366985,2.91991448876815,1,0,0,0
3877,61.5876260755097,34.99,29.537,0.11446861111971,2.77654227676873,0,0,1,0
3878,46.2193105553828,28.86,23.184,0.26042503767746,2.54589526994708,0,0,1,0
3879,50.0491041683882,13.93,6.965,0.31599474365743,3.55340562297569,0,0,0,1
3880,66.059057701161,23.1,11.825,0.275412858485199,3.78033549292236,0,0,1,0
3881,59.0198601936656,36.88,12.196,0.299340459157117,3.38966255061765,0,0,0,1
3882,68.4965177495165,12.36,29.317,0.32227910027269,3.75571421378017,0,0,0,1
3883,60.7507074381651,34.56,32.406,0.224739231110534,3.23649255043686,1,0,0,0
3884,62.5845091198928,12.12,9.545,0.256874210148446,3.64845732972211,0,0,0,1
3885,57.2809377862912,23.36,10.151,0.0852434312164191,3.15958490653786,0,1,0,0
3886,51.2362397875627,28.3,35.456,0.0899151852709314,3.0886524256866,0,1,0,0
3887,65.7930314014636,31.54,39.366,0.147052477263624,2.90663821013807,1,0,0,0
3888,62.6686149339235,28.64,30.659,0.221826693968681,3.0798854828285,1,0,0,0
3889,59.0226340449578,7.96,0.646,0.273220207502666,3.31054443713168,0,0,0,1
3890,59.9802851441899,29.23,50.704,0.192970383067608,3.62480310629156,1,0,0,0
3891,54.9493976453061,9.77,2.616,0.197489282899685,2.64149460956829,0,0,1,0
3892,60.2064455866621,33.16,39.284,0.191216223910378,3.40680436431237,1,0,0,0
3893,64.6772226647038,14.5,26.796,0.0678678374395645,4.26415685322508,0,1,0,0
3894,61.050266446233,22.11,19.388,0.15242172348467,4.02590372768634,1,0,0,0
3895,62.3805617919925,25.41,26.787,0.101269022932672,3.60282286320943,0,1,0,0
3896,66.9662309864784,6.55,12.237,0.0967062928779444,3.74333857089276,0,1,0,0
3897,51.4932925790227,12.59,0.757,0.29941512353967,2.76052219364041,0,0,0,1
3898,44.9654039270173,5.11,3.216,0.377038767001165,3.32473213315719,0,0,0,1
3899,68.2055772899007,18.54,5.548,0.171589646252635,3.59140935599371,1,0,0,0
3900,66.9119275567334,7.91,21.013,0.255743954448525,3.41152808693471,0,0,1,0
3901,63.2582395520203,10.7,15.412,0.101990960176588,3.86082456209923,0,1,0,0
3902,62.8893917390831,6.89,4.899,0.305225642741688,3.46280211989017,0,0,0,1
3903,58.2614807922609,26.33,42.653,0.309492920264705,3.16052040868464,0,0,0,1
3904,52.8613905383099,36.01,35.016,0.0782345663091727,3.46217883868764,0,1,0,0
3905,61.0575933669373,37.93,10.059,0.251289622403013,3.59169969442956,0,0,0,1
3906,62.3395049132508,27.13,6.569,0.238444976968889,3.45722007646575,1,0,0,0
3907,66.553517828486,14.06,20.529,0.0975996826938541,3.32337290823881,0,1,0,0
3908,59.2571484950284,11.77,15.26,0.191012762412861,2.87103305664234,1,0,0,0
3909,61.2159613360625,20.72,37.095,0.246281180679954,3.25151307897645,0,0,1,0
3910,68.7912225213334,34.22,38.039,0.113620306662224,4.01011470832689,1,0,0,0
3911,71.5925070755581,23.11,14.137,0.23783024084008,3.3095301246988,1,0,0,0
3912,56.9163969599,29.74,23.629,0.121434163528502,3.49709451375972,0,1,0,0
3913,68.6195134029096,29.19,32.729,0.0913578000040266,3.47887971923852,0,1,0,0
3914,47.9579127148085,36.16,32.5,0.17809456894864,3.13273520230373,1,0,0,0
3915,65.0391614582954,28.36,9.057,0.0887292435127793,3.13760293705921,0,1,0,0
3916,47.3935634544539,27.78,24.652,0.0513027243986476,2.60387697665855,0,1,0,0
3917,63.8804774446456,13.39,10.652,0.189818068950185,3.76532943218372,0,0,1,0
3918,42.149494365103,28.47,34.651,0.226436365461574,2.63579165072889,0,0,0,1
3919,65.9401573272165,15.16,6.668,0.287553685225568,3.75763341535444,0,0,1,0
3920,63.5801543812166,12.41,12.685,0.21778225600038,3.90273129377117,0,0,1,0
3921,68.077801838174,22.75,9.373,0.15221754237179,3.79419835324939,0,0,1,0
3922,65.6300205323278,13.95,9.015,0.0943792814052647,3.35278530342472,0,1,0,0
3923,45.8798797343192,21.18,30.521,0.231068268036336,3.02764022397708,0,0,1,0
3924,69.2903453065282,26.13,22.829,0.284005881220964,3.11226943228619,1,0,0,0
3925,60.1990363290671,24.23,14.426,0.213435542860833,3.01484736007523,1,0,0,0
3926,64.0151047395735,12.47,6.269,0.359719147691705,3.77961264154106,0,0,0,1
3927,61.1178252501322,6.95,7.91,0.252516696290104,3.08310222095674,0,0,0,1
3928,54.1193416429408,5.52,2.575,0.27398080274893,2.71736825588871,0,0,0,1
3929,63.8873535704466,5.69,6.961,0.340182732819041,3.62529664642946,0,0,0,1
3930,62.6643862085136,27.41,36.422,0.392635693525384,3.466888846643,0,0,0,1
3931,61.740607435071,10.78,13.746,0.114816336588231,3.70097963510647,0,1,0,0
3932,67.3291581915105,35.03,33.399,0.0757493142291913,3.50462889844496,0,1,0,0
3933,63.4137824883466,32.45,31.301,0.0934219065741468,3.72967966384667,0,1,0,0
3934,41.9164741393534,6.09,4.11,0.262906791527496,2.89945923987626,0,0,0,1
3935,67.1837772956479,5.35,16.417,0.0888701924528219,3.43225359966025,0,1,0,0
3936,58.3824908355807,19.67,6.028,0.223921508347257,3.46448389561859,0,0,1,0
3937,66.4325629554388,22.44,26.771,0.0770838625610535,3.59016677426471,0,1,0,0
3938,51.6510099384051,30.15,42.485,0.200728989851688,3.54140544496177,1,0,0,0
3939,62.9110034948675,11.49,42.07,0.225060740795611,4.04074462463572,1,0,0,0
3940,67.8551974185632,12.92,26.585,0.315906079468109,4.08970075307457,0,0,0,1
3941,60.9853446276535,4.92,5.499,0.380623581309047,3.5113755848301,0,0,0,1
3942,48.9689915212646,8.2,3.911,0.113698958932984,3.24157103557121,0,1,0,0
3943,47.2055735664495,23.38,42.498,0.220701216468091,3.13576394811373,1,0,0,0
3944,60.7797682877846,22.44,5.007,0.191543948558742,3.34761960525388,0,0,1,0
3945,59.2606406167421,26.62,27.23,0.102894075318601,3.6115389093294,1,0,0,0
3946,45.4511489687014,4.12,9.208,0.303823217514059,2.80493641483865,0,0,0,1
3947,43.6410099518144,30.96,27.614,0.222337302730627,2.74604078948318,1,0,0,0
3948,65.3312012073113,24.07,7.856,0.0928336629771388,4.38304682194633,0,1,0,0
3949,62.1724192075146,25.77,6.59,0.195593228290502,2.60640975078745,0,0,1,0
3950,61.848000253533,11.65,0.544,0.146879477381256,3.09423937280343,1,0,0,0
3951,62.554856969807,29.04,33.035,0.278998643646832,3.83691551115074,1,0,0,0
3952,66.2743669316867,29.31,28.964,0.242524539015405,3.694719824829,1,0,0,0
3953,64.216107246838,16.95,15.568,0.27535612267013,3.79378107049109,1,0,0,0
3954,67.8624495062013,20.01,1.806,0.140003540653789,3.65351510322046,0,1,0,0
3955,52.2000827461357,33.86,22.208,0.242000122942503,3.75734575872196,1,0,0,0
3956,53.8580357076852,8.94,7.843,0.306570055215387,3.44732137144143,0,0,0,1
3957,43.2953048320933,26.81,23.976,0.10206829027718,2.91049221404423,0,1,0,0
3958,44.2993393229918,33.67,36.781,0.179105546037946,2.73596573764208,1,0,0,0
3959,66.0636913802445,15.88,13.754,0.139646759777046,3.39709767957369,0,0,1,0
3960,48.159671625614,26.8,34.911,0.110922983062131,2.14112802501795,0,1,0,0
3961,57.7428237646074,29.46,44.312,0.196492425363175,3.67282600569393,1,0,0,0
3962,68.1537612686816,29.16,24.067,0.0782759108265965,3.28606724695834,0,1,0,0
3963,65.9117937518107,17.73,14.442,0.1898603928389,3.66012320470294,0,0,1,0
3964,65.3842166063943,16.15,1.587,0.127272066484028,3.36174788369003,0,1,0,0
3965,68.2574036194852,11.26,16.524,0.0918957428767565,2.80825281327018,1,0,0,0
3966,63.3760414650859,30.73,28.905,0.0702708764369954,3.52626910190269,0,1,0,0
3967,66.4270264562243,12.16,20.177,0.0652571032074723,3.38691467082014,0,1,0,0
3968,67.8847067223156,39.17,19.869,0.123187438333655,3.72518805813012,0,1,0,0
3969,69.3915153960826,14.22,18.94,0.0877221877878569,3.57862529476888,0,1,0,0
3970,65.3371983020979,29.71,19.932,0.412937935770554,3.95214938229127,0,0,0,1
3971,65.5303640973832,9.49,6.125,0.267632452502187,4.32610194531137,0,0,0,1
3972,47.1780612989632,11.32,2.271,0.0896617303162579,3.17977890335888,0,1,0,0
3973,70.9034246253977,10.62,22.477,0.309358954408146,4.07287919371665,0,0,1,0
3974,69.6396072922151,9.89,21.464,0.102252151185685,3.53303258923044,0,1,0,0
3975,64.4293992040523,23.45,15.06,0.103428763248021,3.17714733104553,0,1,0,0
3976,49.9870661509991,4.62,0.39,0.204784465292399,2.86184233752714,0,0,0,1
3977,58.8568547741414,7.66,7.979,0.0969553704304035,3.05869376776573,0,1,0,0
3978,54.0713853473864,11.5,8.747,0.283996802628698,3.92927365917531,0,0,0,1
3979,52.4446390972221,6.11,7.799,0.248968826014612,3.31061168983796,0,0,0,1
3980,56.4989659227552,32.27,27.403,0.0957587115246475,3.11668311840828,0,1,0,0
3981,67.8204423572689,18.16,16.248,0.251643618538786,3.75637815925932,1,0,0,0
3982,59.0379033769545,27.4,3.184,0.292661418220289,3.74559052749022,0,0,0,1
3983,49.978058467259,4.35,7.733,0.348891806782907,3.29773968080869,0,0,0,1
3984,45.6029322308553,28.28,43.407,0.178370462908532,2.83847515853111,0,0,1,0
3985,68.3708985965732,21.71,34.875,0.146529793904299,4.45411254243848,1,0,0,0
3986,57.2539435468649,16.0,16.756,0.120247668201305,3.68120080418654,0,1,0,0
3987,57.4428975606652,10.58,16.0,0.203187996915701,3.31000174098458,1,0,0,0
3988,53.1670093782906,5.1,8.314,0.266004296879451,3.32037746746269,0,0,0,1
3989,72.8973919924506,8.94,29.449,0.141297086474699,3.77546052735896,0,0,1,0
3990,63.3287084352259,21.96,4.898,0.2067043032567,3.54435509447064,1,0,0,0
3991,61.1482865067168,11.55,0.486,0.22617376077214,3.90005970943512,1,0,0,0
3992,63.9586457085156,19.92,14.956,0.0754440897090793,4.03096305521028,0,1,0,0
3993,60.6950673757801,29.69,34.844,0.249481095034096,3.10612936802487,0,0,1,0
3994,62.6621619964466,28.42,30.523,0.0918636675246315,3.85073325338102,0,1,0,0
3995,65.3983591136232,32.42,22.141,0.159150464257593,3.71869371672191,1,0,0,0
3996,69.7700400802532,11.68,22.386,0.101102064742047,3.71211974257807,0,1,0,0
3997,62.6701626307574,22.29,18.131,0.0863823248971439,3.99875445248465,0,1,0,0
3998,58.6452654108539,11.97,8.781,0.20303896749147,3.80924799128178,0,0,1,0
3999,68.3447831851976,9.42,29.878,0.0772266124566007,4.15044150169382,0,1,0,0
4000,61.8336192171335,34.11,8.437,0.10461386708957,3.4622079991758,0,1,0,0
4001,41.1637101763324,8.4,5.313,0.278695013016034,3.36186863304718,0,0,0,1
4002,51.1136792853748,3.52,3.765,0.220452959141066,3.17037678807917,0,0,0,1
4003,61.4710972968599,32.34,12.248,0.199576946196684,2.99867620510199,1,0,0,0
4004,66.8444566685877,27.36,13.243,0.447546463474134,4.17017692493073,0,0,0,1
4005,65.459519969018,26.06,33.556,0.104411212188797,3.82273272946461,0,1,0,0
4006,62.4932972863836,26.95,37.597,0.19380313222583,3.30388039657354,1,0,0,0
4007,67.8884414313075,36.95,37.358,0.232846940362309,3.74109818847634,1,0,0,0
4008,57.5728917536798,3.4,9.866,0.399036815351181,3.59270947771552,0,0,0,1
4009,60.3225960745102,13.99,6.421,0.194784650265359,3.6422879843589,0,0,1,0
4010,63.9163404441453,20.36,1.706,0.227218478249274,3.47138732270214,1,0,0,0
4011,63.8520608524592,33.73,15.665,0.208945108223753,3.85769472166378,1,0,0,0
4012,64.8057260525773,3.41,3.074,0.295751906632011,3.83799258131094,0,0,0,1
4013,47.7609878962716,26.51,34.253,0.157906988236085,2.52115206641077,0,1,0,0
4014,47.177566248195,25.62,33.24,0.223587721202345,3.07065694183246,1,0,0,0
4015,61.6545852322172,10.3,5.735,0.195586165545879,3.65258854727092,1,0,0,0
4016,63.564551520644,14.07,16.871,0.263803109612604,4.04653174475646,0,0,0,1
4017,52.2642028379274,4.23,0.072,0.27924471420593,3.20102955478844,0,0,0,1
4018,53.0370703640441,4.03,7.038,0.208234340230999,3.18365070804695,0,0,0,1
4019,59.5917253728271,16.28,14.457,0.121330320112267,2.96729479232446,0,1,0,0
4020,50.357270833058,25.91,22.352,0.161811029343611,3.29564478360316,1,0,0,0
4021,59.6179833492489,20.38,3.556,0.168529390217518,3.48098065317431,1,0,0,0
4022,65.6782034963705,9.74,4.828,0.128367814783257,3.84671786865061,0,1,0,0
4023,60.0913218906999,32.63,23.168,0.183632944563672,3.55043421465667,1,0,0,0
4024,63.8666417610826,31.32,35.346,0.106059373085126,3.62716975219927,0,1,0,0
4025,66.1442695922072,6.03,23.464,0.344289519908658,3.56217162448409,0,0,0,1
4026,67.9623347959418,5.52,24.595,0.16610593227102,3.76235951814017,1,0,0,0
4027,56.6808407471432,3.17,8.37,0.287930922538845,3.38056575716903,0,0,0,1
4028,69.398411204791,8.59,18.812,0.0950606771379444,3.66786550042977,0,1,0,0
4029,51.9792692273507,21.88,24.053,0.0904028061384504,3.10381510762046,0,1,0,0
4030,64.3765058226325,8.15,26.153,0.307607414813912,3.7035688198145,0,0,0,1
4031,56.39948540478,22.11,0.38,0.196008306666961,3.49880060755084,1,0,0,0
4032,65.732267946167,8.58,16.805,0.244816031852923,3.57252111181587,0,0,0,1
4033,62.6238228283249,28.86,46.429,0.0902378300266384,4.03426298656132,0,1,0,0
4034,64.8056065746353,33.51,30.549,0.109532373977488,3.24604236330569,0,1,0,0
4035,62.7533883087467,26.31,27.765,0.238118839159737,3.95162452747266,0,0,1,0
4036,56.0192830483029,29.94,28.153,0.070758535585304,3.26874275806294,0,1,0,0
4037,64.3234385199051,34.92,4.039,0.310951811933513,4.33939080248065,0,0,0,1
4038,59.5370576403337,31.83,29.625,0.145493799084903,2.93265280236246,1,0,0,0
4039,57.9090644699523,7.56,8.952,0.230274305917189,3.21668175843447,1,0,0,0
4040,62.6077543326092,4.21,2.729,0.278863199823018,3.43131270872701,0,0,0,1
4041,64.1329938720752,12.32,26.952,0.0952590206722464,3.80485540168996,0,1,0,0
4042,62.7018792882973,13.42,31.544,0.0739437903615415,3.07898669239168,0,1,0,0
4043,47.4244955764088,29.55,19.523,0.149261813165546,3.17402632579333,1,0,0,0
4044,61.5229678599833,29.31,25.953,0.149008164702208,3.37313720315996,0,0,1,0
4045,59.1481341593709,23.71,26.219,0.193802796201321,3.47622185400405,1,0,0,0
4046,44.4736381743711,14.42,6.574,0.30737805258656,3.02029205152354,0,0,0,1
4047,64.9826475645521,25.61,7.051,0.226763084041629,3.51482933313227,0,0,0,1
4048,61.6380213850599,22.5,15.178,0.235833960341962,3.31692496552725,0,0,1,0
4049,60.6695707350587,25.73,5.712,0.156850562575518,3.380312427236,0,0,1,0
4050,67.9707674299452,18.71,17.297,0.155560940819992,4.0953703849419,1,0,0,0
4051,61.1923194640834,24.92,32.964,0.0945405910733059,2.95011602557302,0,1,0,0
4052,64.3068425992099,6.12,14.298,0.0904224614281616,3.78660586181113,0,1,0,0
4053,60.9150390789209,22.07,12.264,0.167958619079843,3.65256860892807,0,0,1,0
4054,50.8408610535048,28.66,21.613,0.411386490701637,3.00350361399895,0,0,0,1
4055,65.0376349059285,17.98,5.828,0.0461889767360565,3.55585586407235,0,1,0,0
4056,51.0909907766908,26.83,37.515,0.172574247111113,2.86816582135772,0,0,1,0
4057,50.4077193791765,29.25,30.717,0.0487343489294194,3.33590629052808,0,1,0,0
4058,64.905466561948,6.8,4.598,0.31575132876578,3.94012351032178,0,0,0,1
4059,57.6250879286087,31.27,30.617,0.098169370243752,2.89099634373704,0,1,0,0
4060,67.619891891905,40.46,23.542,0.0790850637118556,4.15887913849449,0,1,0,0
4061,65.6231505806271,7.96,10.799,0.0943681714360572,3.70269051072885,0,1,0,0
4062,45.6535994190669,27.95,21.528,0.11520526262137,3.10583699658813,1,0,0,0
4063,59.3384286012805,25.1,18.169,0.141149879081056,3.67891001376054,0,0,1,0
4064,70.0312137062637,35.65,26.787,0.26525405873532,3.65680665667784,1,0,0,0
4065,63.3707644492969,5.71,4.771,0.302210259132515,3.46480952380981,0,0,0,1
4066,59.1924197962194,17.86,0.79,0.213140387045808,2.74682912181477,0,0,1,0
4067,72.6121058035274,5.92,26.391,0.0745266464699079,3.94612154305485,0,1,0,0
4068,66.0907595346597,34.37,35.724,0.335221698878548,3.22986930752473,0,0,0,1
4069,54.9396671400365,15.3,3.632,0.297469734837357,3.66574800869216,0,0,0,1
4070,62.7298153340866,24.78,11.009,0.11967056578578,3.51132468951687,0,1,0,0
4071,63.8552968115551,12.52,19.054,0.344008221869903,3.53429851885005,0,0,0,1
4072,64.7105287575486,30.92,31.046,0.179197315196901,3.54992445100268,1,0,0,0
4073,69.0283100316112,27.14,24.569,0.134993511949815,3.47423443914161,0,1,0,0
4074,45.1640909255477,19.24,0.907,0.300562245738408,3.36756683866759,0,0,0,1
4075,67.6406415963371,14.16,16.738,0.137953552175455,4.09811661143914,0,0,1,0
4076,55.7969172602339,29.27,39.993,0.131619860147353,3.56463001293389,1,0,0,0
4077,53.7403526094664,6.89,6.605,0.270088423847392,3.41087255077072,0,0,0,1
4078,56.5737698889953,31.69,43.338,0.176743581021547,3.1328466455857,1,0,0,0
4079,61.479327283023,24.91,24.701,0.0962814286380598,3.87815959864662,0,1,0,0
4080,58.1723107294461,15.73,1.828,0.157255240097669,3.45730288389312,1,0,0,0
4081,66.0200354044848,36.76,25.392,0.241722665146183,3.67171475132046,1,0,0,0
4082,59.6812538269296,15.92,0.309,0.0984651150592375,3.51122874776868,0,1,0,0
4083,67.4475142532525,32.15,24.105,0.085572876825494,3.6086908822896,0,1,0,0
4084,51.5617553447906,7.05,7.849,0.296373440939959,3.29790035326857,0,0,0,1
4085,67.8454284632291,23.26,37.283,0.216907816374411,3.52420368002161,1,0,0,0
4086,52.1665840736116,33.04,16.655,0.192352570619241,3.67506580672957,1,0,0,0
4087,70.2349836769512,18.78,9.18,0.0907298964912922,3.93583676604386,0,1,0,0
4088,68.4964620467691,6.02,3.371,0.410981962531866,3.35274442523565,0,0,0,1
4089,60.0372173797463,17.48,6.548,0.116894904895029,4.01473840191923,0,0,1,0
4090,69.8927690490736,6.57,8.22,0.0663475500422992,3.42711821488464,0,1,0,0
4091,64.1545298377021,20.0,4.905,0.0984345971682282,3.82922013206321,1,0,0,0
4092,64.724221209826,17.53,17.706,0.104867834369292,3.41923973912689,0,1,0,0
4093,58.4923132661117,13.59,6.585,0.261516015699696,3.84944359679859,0,0,0,1
4094,47.9724875820541,29.99,36.316,0.169591101106431,3.37188613016502,1,0,0,0
4095,57.4643629916701,25.44,31.052,0.126724757108996,3.02563312143161,0,1,0,0
4096,41.5008010083007,39.02,28.348,0.0824382283068915,2.55565485687375,0,1,0,0
4097,39.1174393725882,36.13,26.313,0.0616334855300716,2.80015330522874,0,1,0,0
4098,59.9063763263681,4.65,4.146,0.367318734139518,3.1161418487698,0,0,0,1
4099,73.3647487496409,6.71,17.639,0.288619552666187,4.04723131464111,0,0,0,1
4100,60.8298770000591,30.04,17.29,0.224581660899912,3.74286200731909,1,0,0,0
4101,66.4463959132263,35.51,44.058,0.291582473177092,3.98689094809618,0,0,0,1
4102,69.1008896070348,7.01,18.226,0.267994127498858,4.1051120677667,0,0,0,1
4103,55.8658563286201,11.95,1.222,0.354154736816408,3.05438602387739,0,0,0,1
4104,58.2225698087721,8.75,4.461,0.236795893373139,3.68595696218903,0,0,0,1
4105,68.0638540465796,37.33,40.615,0.102094739179662,3.86780363774954,0,1,0,0
4106,46.6113068978997,37.5,30.624,0.168729532752373,3.25824378647846,1,0,0,0
4107,67.2423826865463,22.63,32.42,0.286915847202235,3.15604031227607,0,0,0,1
4108,69.0638039996078,21.36,14.27,0.20028355018393,3.74919769330117,1,0,0,0
4109,51.3357759149409,33.07,41.44,0.184857785975904,3.28144456460029,1,0,0,0
4110,63.9262734188845,19.16,6.784,0.238303401426901,3.46234997643125,0,0,1,0
4111,60.0085196307948,20.34,9.83,0.199452048883413,2.59405038897016,0,0,0,1
4112,63.6573029359668,27.26,23.412,0.220922872063388,3.39644139855443,1,0,0,0
4113,61.1803318118391,13.94,13.324,0.321434029611059,2.96651040464497,0,0,0,1
4114,46.308696704351,5.42,1.646,0.180222395571498,2.85814175321047,0,0,1,0
4115,70.0978114689854,10.42,20.447,0.156703251248605,3.64631888608907,1,0,0,0
4116,64.9158090925478,25.86,29.515,0.252252685125251,3.50074756590616,1,0,0,0
4117,65.9819725784891,32.26,11.221,0.281226812378918,3.71768490503275,0,0,0,1
4118,55.6832473291913,30.27,40.2,0.170176252681422,3.05814493409961,1,0,0,0
4119,57.5503159393115,36.06,28.153,0.223901279060525,3.80044188132101,1,0,0,0
4120,59.0393209650478,25.19,0.952,0.185111459573189,3.61890204281254,0,0,1,0
4121,33.9578639401009,6.62,7.657,0.383805561763474,2.8406008438803,0,0,0,1
4122,56.8841325941361,27.3,22.333,0.232810511772879,3.39498302109874,0,0,1,0
4123,62.8334365700892,20.64,12.461,0.241081516388237,3.66720718451818,0,0,1,0
4124,66.9211491213494,10.79,10.019,0.253185730188266,3.77550421070419,0,0,1,0
4125,64.290380933696,25.81,29.485,0.133606707661413,2.84730128045983,1,0,0,0
4126,64.1260226444432,12.3,8.859,0.0959930204993496,3.45607615536866,0,1,0,0
4127,65.6192188250513,14.43,3.63,0.388181910919448,3.27580674714237,0,0,0,1
4128,61.4485759867362,33.34,34.886,0.184393255490715,3.75140416723591,0,0,1,0
4129,62.7040546280999,24.07,31.743,0.199008092891585,3.40415533949515,0,0,1,0
4130,67.1965884163277,23.68,16.328,0.199547503714683,3.41302694431018,0,0,1,0
4131,60.0209385994603,23.8,19.533,0.226600153272104,3.28682207931573,0,0,1,0
4132,62.3736464307962,26.87,3.192,0.137749278627073,3.77812431627252,0,0,1,0
4133,67.1860778380348,7.69,20.704,0.112179624405667,2.75410326014404,0,1,0,0
4134,40.4817552071777,26.9,29.494,0.343164144680442,2.71870233226752,0,0,0,1
4135,66.2606879095936,17.18,13.965,0.178403281056046,4.05624925448478,1,0,0,0
4136,62.4699460520044,37.88,37.497,0.190899772894216,4.05048834458387,0,0,0,1
4137,62.0906827818439,21.74,1.563,0.105756448962328,3.50368672974545,0,0,1,0
4138,64.7681085908761,27.62,17.557,0.170723691059411,4.25636854206522,0,0,1,0
4139,61.0519032728723,31.87,29.79,0.105896350194294,3.77868078457779,0,1,0,0
4140,74.9739380348463,5.39,28.704,0.35502771525734,3.89530331136445,0,0,0,1
4141,63.2479924584739,14.13,9.97,0.183991405933778,3.19665325638965,1,0,0,0
4142,51.8014521355082,7.95,2.26,0.123044027565988,3.46209256278685,0,1,0,0
4143,65.5706068307022,7.84,26.832,0.236763687185878,4.20229598146134,0,0,1,0
4144,68.3394035343307,8.57,27.381,0.338574943313727,3.88656505065554,0,0,0,1
4145,64.4241470105426,15.26,17.665,0.112760894168847,3.72780050742479,0,1,0,0
4146,44.3555536498563,6.37,2.841,0.34644692311544,2.95430201987847,0,0,0,1
4147,67.4228436458261,30.49,8.688,0.0980945183913584,3.16834884029237,0,1,0,0
4148,52.6261286502482,27.7,35.601,0.251379584801303,3.79781662336691,1,0,0,0
4149,44.3398734828179,4.69,1.063,0.0985983312717532,2.99616442607067,0,1,0,0
4150,60.9229072838875,32.0,18.591,0.317880277523316,3.88856724138797,0,0,0,1
4151,51.9170022383498,6.19,6.001,0.260715942613085,2.57623082977058,0,0,0,1
4152,70.7617635340428,11.51,12.662,0.226718796951894,4.1321597204456,0,0,0,1
4153,59.273296333819,39.36,20.199,0.0907950816298376,3.11035893426925,0,1,0,0
4154,66.3161469239379,32.78,8.58,0.0670126128188755,4.30184544932925,0,1,0,0
4155,48.769640230985,35.17,6.884,0.341551824329107,2.70430287759457,0,0,0,1
4156,70.5272462172914,14.16,20.506,0.20721072862374,3.51711919383941,0,0,1,0
4157,59.9094904515094,26.66,24.37,0.0969624253033514,3.90448789565987,0,1,0,0
4158,66.8457438024182,11.81,12.333,0.127558345387815,2.85120626275907,0,1,0,0
4159,63.535915871197,34.3,37.853,0.217833715842657,3.27324920672764,1,0,0,0
4160,59.767240562327,20.96,13.019,0.138913160652048,3.8685660809468,0,0,1,0
4161,62.0155421392917,16.6,2.823,0.207016646167129,3.96650846315511,0,0,1,0
4162,62.4945466643572,26.04,38.248,0.229854981800877,4.31493032784514,1,0,0,0
4163,66.7998595249563,31.13,37.272,0.179493644559795,3.84390947909272,1,0,0,0
4164,54.3947278209059,11.51,7.519,0.299624527260792,3.45990373765694,0,0,0,1
4165,54.7980913037575,23.35,18.43,0.152377613188,3.40757055470148,0,0,1,0
4166,52.0506671170148,25.75,22.094,0.251735615778665,3.5702750897065,0,0,0,1
4167,66.7164070575789,6.89,26.22,0.0874038951769958,3.66049371682979,0,1,0,0
4168,61.8664523049805,26.53,24.29,0.366794152824757,3.08737131580099,0,0,0,1
4169,60.2689141054501,35.82,14.551,0.090173331234142,2.67546638397969,0,1,0,0
4170,54.5216921806094,24.19,18.329,0.18452587322653,3.62469703465153,1,0,0,0
4171,66.1828760206134,40.88,29.02,0.199773683347351,3.70556629357686,1,0,0,0
4172,53.573300498066,10.65,4.024,0.272312821427315,3.02046123810763,0,0,0,1
4173,42.6632876256301,3.35,1.889,0.351188746796233,2.80377463585058,0,0,0,1
4174,61.3198411671276,14.2,17.227,0.230127005739022,3.96477688683874,0,0,1,0
4175,61.9162451538347,32.68,32.902,0.0796363213121015,2.58390074473998,0,1,0,0
4176,66.5046515499741,11.49,32.429,0.0956963264128435,3.74699683278934,0,1,0,0
4177,54.509405060347,3.81,9.538,0.247536597376235,3.35091736614812,0,0,0,1
4178,63.0527587415706,10.95,28.141,0.123024370498461,3.54225497993196,0,1,0,0
4179,68.525617255502,19.27,1.638,0.107337642280711,3.91876310980264,0,1,0,0
4180,72.3658318778158,11.74,0.638,0.268936584048855,3.84629044045177,0,0,0,1
4181,64.0783793718633,16.02,2.736,0.239567126508664,3.50187203120347,1,0,0,0
4182,56.8216425579952,13.01,5.691,0.200686101377395,3.0444798703878,0,0,1,0
4183,61.2352410858066,29.11,35.727,0.201401098897411,2.94259274163893,1,0,0,0
4184,62.7642651346753,29.19,36.129,0.23640067491553,3.50990901441531,0,0,0,1
4185,55.9134794550565,39.5,24.622,0.0957044450531971,3.13014751838978,0,1,0,0
4186,69.5042407453146,35.74,4.733,0.117438530884753,4.26880457324543,0,1,0,0
4187,60.0963816638159,38.62,22.048,0.154492255559451,4.05092428357068,1,0,0,0
4188,69.3530258588352,4.65,5.658,0.338239541078235,4.04383348174985,0,0,0,1
4189,43.3830556034374,32.32,31.099,0.0957667099165467,2.66404932752924,0,1,0,0
4190,54.7102601251828,15.07,7.853,0.265681907832244,3.19883949023615,0,0,1,0
4191,68.5546683870049,8.61,31.957,0.327156892580628,3.68489795985429,0,0,0,1
4192,63.9399744630773,23.68,33.566,0.0951146476998353,3.10407201225285,0,1,0,0
4193,72.1321624435328,6.78,25.134,0.08216776149671,4.29761095455853,0,1,0,0
4194,62.0317824890224,20.07,14.986,0.165095121814671,3.21873287384537,1,0,0,0
4195,63.9140312065718,11.16,20.177,0.202963330394057,4.2834812010178,0,0,0,1
4196,47.7007221261613,31.67,28.429,0.29074022195543,3.01024645961464,0,0,1,0
4197,49.4261625054678,17.15,5.334,0.263325853997768,3.08497946408667,0,0,0,1
4198,47.4915347933535,4.88,9.091,0.171303789077627,2.90369689036294,0,0,0,1
4199,53.2912162463687,28.45,40.969,0.162574470019321,3.04595746024314,1,0,0,0
4200,57.0832316110757,28.31,32.039,0.119375060852894,3.76564498660622,0,1,0,0
4201,62.8520808141972,17.47,5.99,0.185618984407513,2.93131342132177,0,0,1,0
4202,44.0124747061695,30.97,23.746,0.188480688317986,2.7777811511079,1,0,0,0
4203,60.2657005507974,6.89,3.745,0.228425605651068,3.16300739129769,1,0,0,0
4204,66.3770007973762,11.2,9.033,0.0986154520194381,3.56231623734927,0,1,0,0
4205,57.0294843781659,14.42,9.754,0.425449660047357,3.10796292914855,0,0,0,1
4206,61.6882603336608,23.23,24.074,0.119014927427564,3.60722262701384,0,1,0,0
4207,54.5399936375254,8.25,3.397,0.316520929153234,3.54515176494043,0,0,0,1
4208,64.0479421483701,39.38,17.074,0.241408158985327,3.55628880564253,0,0,0,1
4209,46.9588145388441,34.86,43.346,0.20750566192433,3.33908331094332,1,0,0,0
4210,63.2731327617706,36.61,3.535,0.348978114752526,3.29865771185919,0,0,0,1
4211,47.2965632232076,4.97,2.497,0.222026286093607,3.28396961212279,0,0,0,1
4212,68.4188211321156,18.2,10.582,0.203994928215493,3.23802654079476,0,0,1,0
4213,60.4435308694493,23.6,30.823,0.195208556089857,3.20823421743641,0,0,1,0
4214,69.3263655179221,14.63,29.085,0.191919100987712,3.88620314623425,0,0,1,0
4215,43.4334133501409,33.96,11.309,0.299669486628874,3.23345971790048,0,0,0,1
4216,71.4761870013593,14.35,25.987,0.185423506807761,3.84493945694052,1,0,0,0
4217,53.7971516261963,15.71,13.099,0.177117113016416,3.16285101663475,1,0,0,0
4218,64.8468105832365,23.83,15.591,0.225153156833078,4.01309801758123,1,0,0,0
4219,56.7250557503611,16.74,11.041,0.124350725008386,3.66502008082693,1,0,0,0
4220,60.7051443521606,17.78,7.709,0.209102003734275,3.82515748557791,1,0,0,0
4221,75.9665561682927,11.37,11.456,0.104843972866957,4.51559498686774,0,1,0,0
4222,65.5046019498437,13.4,2.829,0.250576504028986,3.65380225259504,0,0,0,1
4223,63.3233964007972,20.61,18.939,0.237862635469678,3.70593887148874,1,0,0,0
4224,72.2214809147999,9.24,12.748,0.163226395264577,3.74313767985118,0,0,1,0
4225,72.5901687087043,28.5,9.253,0.362681504180461,3.75218358037764,0,0,0,1
4226,63.4133137541042,20.58,7.102,0.18839677494907,3.93860223044044,1,0,0,0
4227,68.3762854797686,6.53,31.57,0.0969945765635105,4.13145599289678,0,1,0,0
4228,71.379003529915,13.4,17.196,0.338197037110545,3.25546889228587,0,0,0,1
4229,64.3087989680652,29.11,44.348,0.0909126839123216,4.21233911315648,0,1,0,0
4230,49.5805948567561,7.04,8.772,0.349714807375913,2.90834136823346,0,0,0,1
4231,62.2479012122946,27.44,26.861,0.270956544347031,3.95486423984253,0,0,0,1
4232,41.2039434328345,8.47,3.442,0.277031088505943,2.78385872398748,0,0,0,1
4233,61.8640700021832,31.58,22.84,0.143120101482047,4.12899975979765,1,0,0,0
4234,50.2639869056289,8.34,5.019,0.398610705523133,3.18442170258431,0,0,0,1
4235,63.7044406415833,18.95,16.005,0.0986915873061682,3.88309277119514,0,1,0,0
4236,68.111657112786,5.56,9.36,0.0798435266970482,3.70730404350425,0,1,0,0
4237,63.7577096567716,36.93,15.222,0.345422025758617,3.72537780906898,0,0,0,1
4238,63.1592442794257,39.25,20.705,0.159072502589457,3.42662788536281,1,0,0,0
4239,67.0984072217397,10.98,6.583,0.301280573734528,4.13923197161969,0,0,0,1
4240,69.7560175009517,6.9,17.127,0.0768349780157526,3.72692327085578,0,1,0,0
4241,56.4534473405795,26.93,38.656,0.07753275759866,3.15439089091225,0,1,0,0
4242,61.6721444768339,3.28,7.254,0.42336827620446,3.79397228897771,0,0,0,1
4243,63.8843472488267,10.22,5.087,0.187135427588554,3.49838904029271,0,0,0,1
4244,63.6950206679372,20.29,8.303,0.311592023538951,4.32792717055119,0,0,0,1
4245,59.8719405972274,16.5,11.634,0.188729746662601,3.00041610273618,1,0,0,0
4246,63.8145885476012,21.48,1.085,0.238420009912027,3.0228012936661,0,0,1,0
4247,67.9618013999796,12.44,18.37,0.180537473530642,2.86877814781002,0,0,1,0
4248,60.4449497616317,23.88,34.341,0.139816397257683,3.25073858195139,1,0,0,0
4249,68.4991304566621,7.12,19.516,0.369533175060567,4.14338272344755,0,0,0,1
4250,63.1963470410261,30.13,12.005,0.168591756460358,3.78108786983858,1,0,0,0
4251,62.0326059066585,11.79,0.254,0.209135577472615,4.03000443279059,1,0,0,0
4252,61.4961996075791,26.98,26.457,0.195135007504632,4.05857124921662,1,0,0,0
4253,71.2419420654853,8.14,16.104,0.184251421853308,3.7099148031023,0,0,1,0
4254,70.5878991752695,24.19,24.566,0.104454228874564,3.27578623671508,0,1,0,0
4255,62.2954161998329,4.57,6.79,0.0834214790042789,3.32155926291149,0,1,0,0
4256,60.0298147667727,21.37,40.189,0.0683518648658339,3.18608382009235,0,1,0,0
4257,69.6920606566407,5.12,25.147,0.108593477114708,3.83354481553487,0,1,0,0
4258,64.614538296067,3.54,2.119,0.358313392784525,3.56803624273327,0,0,0,1
4259,61.4921626830018,13.67,9.535,0.158204938543476,3.31319781586553,0,0,1,0
4260,56.8229574642442,11.3,9.686,0.288288265982393,3.28627507907642,0,0,0,1
4261,62.6118145111762,32.21,39.94,0.237819830597096,3.72279089432261,1,0,0,0
4262,63.6261911496066,8.6,21.845,0.373450670240836,3.97128142284576,0,0,0,1
4263,63.9008264736219,29.92,21.796,0.197490824781074,3.13687800483018,1,0,0,0
4264,56.9067399575066,23.32,4.948,0.198000512045322,3.15047594688536,0,0,1,0
4265,64.3168084257496,28.42,36.19,0.17198566813059,3.45909384801027,1,0,0,0
4266,65.514261730362,30.55,25.483,0.108148565781923,3.12848859788559,0,1,0,0
4267,58.8914319417531,31.62,20.16,0.264287234098109,3.15005220099043,1,0,0,0
4268,57.9582217583114,23.36,16.965,0.0773871922276687,3.3191137887438,0,1,0,0
4269,50.6450565532689,25.36,30.412,0.0534137512746962,3.23415783376251,0,1,0,0
4270,44.0908315557534,30.18,20.8,0.251259248941192,2.58052332134765,0,0,0,1
4271,52.2806219618127,3.99,0.041,0.247953422087253,3.1256603727388,0,0,0,1
4272,58.8384580048652,22.73,3.551,0.312371935151334,3.14188631560213,0,0,0,1
4273,60.8401683313216,21.23,32.071,0.231474217859155,3.54492324362452,1,0,0,0
4274,65.6491599605922,8.71,24.759,0.148367141289076,3.52143755120564,0,1,0,0
4275,69.9284669314758,9.24,31.173,0.0875198580269454,3.49572756289044,0,1,0,0
4276,57.8539792275456,34.7,21.67,0.21252856467213,3.72641003666552,0,0,1,0
4277,44.5197176429424,34.98,27.027,0.225006362445688,2.94331525850022,1,0,0,0
4278,66.1854154676716,25.98,0.754,0.0938605281104457,4.21720846233511,0,1,0,0
4279,49.4702665987991,32.31,31.626,0.259157077054461,3.71480208529432,0,0,1,0
4280,67.0918699328946,11.67,30.737,0.316647935721753,3.53243535649862,0,0,0,1
4281,42.2038132212666,25.0,30.75,0.0838444463134897,3.06565516071478,0,1,0,0
4282,64.0664489773979,24.76,9.032,0.126897930697266,3.67376778197197,0,1,0,0
4283,60.7448451647442,38.17,30.577,0.0869525697218829,3.81578756134176,0,1,0,0
4284,63.2252718070848,18.06,24.269,0.284232197499621,3.57988011975738,0,0,0,1
4285,58.5884013255161,21.5,0.7,0.222612570722073,3.27090938555693,0,0,1,0
4286,50.6126288418004,32.18,20.945,0.199072904993512,3.68928095747228,0,0,1,0
4287,66.8380061924681,25.18,7.09,0.210193662094837,4.00647371039797,0,0,1,0
4288,63.6134203942605,34.45,22.435,0.258552574065766,3.72777692284016,0,0,1,0
4289,44.8841104721047,7.39,0.72,0.352287143887528,3.43620507103781,0,0,0,1
4290,51.4357557547,31.52,36.059,0.123297782485175,3.06144523935652,0,1,0,0
4291,66.0329814635887,25.87,36.596,0.248337034572385,3.83826801580769,0,0,1,0
4292,63.8943570369992,15.93,11.015,0.0733245143087276,3.4504537124473,0,1,0,0
4293,69.9091863657,13.4,24.754,0.218693232233793,3.64177440355592,1,0,0,0
4294,63.4998652708356,31.41,37.252,0.16944558638823,3.64735555511543,1,0,0,0
4295,63.4156116298546,32.85,24.743,0.220778608585736,3.3931270114343,1,0,0,0
4296,67.0560353404681,32.95,22.509,0.180840324143413,4.194008679224,1,0,0,0
4297,59.7555057848834,12.57,10.545,0.233243271076612,3.21019633568724,1,0,0,0
4298,49.3205830574145,21.14,34.685,0.113321009381555,2.91424091421379,0,1,0,0
4299,59.8208424868937,22.59,31.628,0.179680834900342,3.0808405616804,1,0,0,0
4300,63.7951670606231,27.63,10.673,0.194460764442387,3.50460195964029,1,0,0,0
4301,54.958395720601,29.95,12.065,0.118084387985263,3.24048759694355,1,0,0,0
4302,64.8120378208093,27.37,32.375,0.220729748371153,4.02908987542692,1,0,0,0
4303,63.1706811375211,42.74,29.772,0.119838285867371,3.60386268443602,0,1,0,0
4304,69.0119809423248,21.84,31.378,0.198922448738781,3.9077332700921,1,0,0,0
4305,65.4927595782422,10.77,2.704,0.0922578711926447,2.88315910512757,0,1,0,0
4306,68.2630481713814,22.14,9.109,0.166161280187516,3.61576381213027,1,0,0,0
4307,47.5469258211922,21.23,41.34,0.242891849008089,3.63831329815343,1,0,0,0
4308,69.8086333211735,30.11,32.032,0.275277439978011,3.8688676016655,0,0,0,1
4309,62.7534935113152,23.09,18.627,0.31683601381901,3.93879706827828,0,0,0,1
4310,61.705276806347,27.96,29.477,0.142493654950922,2.39324982086624,1,0,0,0
4311,56.3917252159584,6.45,4.915,0.297126510830257,2.79165549425921,0,0,0,1
4312,70.7506417034579,12.36,29.005,0.118766030195238,3.95868308625634,0,1,0,0
4313,62.7139373775117,15.13,16.338,0.153914438612384,2.98932083865542,1,0,0,0
4314,58.6664094107901,9.17,2.064,0.341958999968204,3.36496691187798,0,0,0,1
4315,70.5425187879729,7.43,11.407,0.394153642028424,3.63125122504326,0,0,0,1
4316,65.4996619518846,7.46,19.542,0.276848002489821,3.8773897360804,0,0,0,1
4317,70.7590447889275,11.44,30.185,0.364336870966168,3.9843107823083,0,0,0,1
4318,65.7610045898865,34.75,20.481,0.0819655559661183,3.43908591903443,0,1,0,0
4319,68.5731730530853,22.77,18.694,0.194380845741605,3.20642263485474,0,0,1,0
4320,64.8536164807308,28.04,28.966,0.16639356303111,3.85531914309256,1,0,0,0
4321,54.2004262680674,6.22,7.652,0.337320048138105,3.38254303927449,0,0,0,1
4322,69.1450953851408,6.03,13.403,0.111595089932759,3.62686006583614,0,0,0,1
4323,60.7636767699909,16.89,18.936,0.111742591623468,3.63967733625366,0,1,0,0
4324,51.6952254107017,27.3,7.681,0.135988191033588,4.0588409702423,1,0,0,0
4325,60.4520158738142,25.83,11.551,0.19928802475219,3.16957431935436,1,0,0,0
4326,63.7923368979748,9.13,23.958,0.0871483405317828,3.67135849515195,0,1,0,0
4327,67.8158965354267,32.39,29.802,0.092405680824499,3.78667869139479,0,1,0,0
4328,47.286371276341,27.43,41.339,0.0793252859595208,2.98623320243464,0,1,0,0
4329,68.528100449908,17.18,1.77,0.163351078106194,3.14538365814988,1,0,0,0
4330,68.9859396440055,6.85,1.173,0.343465885686968,3.793661257519,0,0,0,1
4331,64.9924881739205,14.73,10.265,0.286414520930252,3.98237540177632,0,0,0,1
4332,61.4379341066747,26.47,18.96,0.175713254966743,3.61879980641029,0,0,1,0
4333,62.7808076814714,29.99,17.777,0.152205244860273,3.32068686151997,1,0,0,0
4334,67.6880821519754,8.91,2.863,0.105963935386793,3.95538739935775,0,1,0,0
4335,63.5162873212526,19.52,15.474,0.218984028918037,3.74779977116712,1,0,0,0
4336,57.2086957125161,26.27,3.216,0.09508368260466,3.14256258498557,0,1,0,0
4337,54.8222474754591,15.36,12.966,0.141277838470394,3.46759974069296,1,0,0,0
4338,46.2562264862887,7.08,0.942,0.246920903893394,3.07931317654475,0,0,0,1
4339,52.759091715938,33.93,29.134,0.234898255004891,3.44200350513005,0,0,0,1
4340,62.8189287826505,34.74,44.409,0.0801397215365831,4.30473807418192,0,1,0,0
4341,57.3098936159449,20.84,16.452,0.24730347004631,3.08849862635293,0,0,1,0
4342,62.96792469975,29.68,47.18,0.239316444820182,3.72785416742817,1,0,0,0
4343,64.957952814927,37.71,10.676,0.0860173013664439,3.60071650623752,0,1,0,0
4344,48.0509732506813,31.77,29.934,0.100132345757841,3.0514120109621,0,1,0,0
4345,52.0121910942697,39.45,29.022,0.228215668920947,3.27772104747317,1,0,0,0
4346,50.7204653971239,17.96,0.042,0.303236387060796,3.36912934549588,0,0,0,1
4347,51.2627260802729,39.34,25.854,0.121434683758889,3.35364632286042,0,1,0,0
4348,63.7089367702565,24.07,16.502,0.173768947033005,3.2032381677776,1,0,0,0
4349,60.1987776036442,12.83,5.042,0.241140392783037,3.32151181010424,1,0,0,0
4350,63.0712634547907,40.21,38.11,0.225829309897649,3.60545827983811,1,0,0,0
4351,57.1976254221531,5.25,1.075,0.187476427081603,3.72322055929734,0,0,0,1
4352,63.9648477333381,31.94,34.295,0.0754506058275729,3.47069681614028,0,1,0,0
4353,65.2599564737297,26.17,35.283,0.349612597575695,4.08769843539654,0,0,0,1
4354,72.9824652271864,6.33,10.353,0.102499941261108,3.9553673533148,0,1,0,0
4355,70.3402627888843,37.64,12.895,0.10086523098187,3.9897804790558,0,1,0,0
4356,55.6856095760622,35.34,23.696,0.324665130352864,3.0937926773351,0,0,0,1
4357,67.4849251048917,5.61,10.884,0.19804181303715,2.98889367925024,0,0,1,0
4358,63.1088489549476,30.2,31.354,0.134645598104225,3.63404582758042,0,1,0,0
4359,64.2445701841681,28.61,22.644,0.118499237213764,3.31004537767606,0,1,0,0
4360,69.4000698400703,36.73,21.735,0.175015560412334,3.12940353805745,0,0,1,0
4361,66.9980733916487,23.95,17.858,0.216591104370246,4.13182363941133,1,0,0,0
4362,62.2616577875802,18.63,0.281,0.218750446606828,3.50143726538817,0,0,0,1
4363,65.943844332861,22.19,26.865,0.212113648402978,3.84827022902666,1,0,0,0
4364,61.9337501356451,9.2,13.531,0.347425703937046,3.47235544117025,0,0,0,1
4365,64.3904938867248,29.02,21.54,0.177189817722618,3.6156120034939,1,0,0,0
4366,71.2485579741112,28.8,35.094,0.256097482357045,3.75787262096491,0,0,0,1
4367,66.164601806983,5.68,27.498,0.090492049706994,3.30642544359599,0,1,0,0
4368,45.6069382622973,8.52,9.853,0.296434651810848,3.17631004503568,0,0,0,1
4369,66.8274561101387,17.79,32.163,0.176241955615105,2.85856455382769,1,0,0,0
4370,51.3019924936218,28.43,25.282,0.0843042412641013,3.0125587780665,0,1,0,0
4371,57.6078902743955,22.92,10.192,0.184835283780265,3.5469798167656,1,0,0,0
4372,47.9041498562246,36.55,37.95,0.159103664044751,2.73061627531156,0,0,1,0
4373,65.1906377446916,17.88,12.475,0.0931743453678406,3.57667096115766,0,1,0,0
4374,46.3399213856486,40.53,44.343,0.21100269487195,3.27184921296946,1,0,0,0
4375,70.7967186807366,5.82,28.259,0.319747869521446,3.16586217367127,0,0,0,1
4376,60.0048639063147,15.55,0.939,0.22412409577282,3.35352656415479,1,0,0,0
4377,66.5705875420213,14.77,15.718,0.195212363127732,3.83501326488728,0,0,1,0
4378,69.7430986068934,40.28,35.466,0.235215257240045,3.86857615414739,1,0,0,0
4379,50.9278319605355,27.51,35.365,0.191957094738901,3.58870470570032,0,0,1,0
4380,63.8528362378288,38.56,8.879,0.214781812642333,3.78680374249053,0,0,0,1
4381,60.6295519526982,12.1,3.102,0.107191586840947,3.33596036271023,0,1,0,0
4382,66.9097482864649,18.97,14.554,0.259481832584189,4.0819330657495,0,0,0,1
4383,49.620980586347,24.64,32.213,0.18067718069453,3.04057444507044,1,0,0,0
4384,47.9837355423257,20.54,24.113,0.0598855284535432,2.73133536722113,0,1,0,0
4385,53.2301042760411,22.94,4.43,0.241474971804478,3.01834263763435,1,0,0,0
4386,54.5461842619683,21.09,20.884,0.264453525096461,3.5997057657645,1,0,0,0
4387,70.3708927930872,7.76,16.206,0.107224732718327,3.45292407468017,0,1,0,0
4388,63.7324452949463,5.18,8.597,0.310895831392012,3.1319236040263,0,0,0,1
4389,49.1841704872316,26.69,35.491,0.11545936369761,3.62727373017182,0,1,0,0
4390,61.9026538913335,23.73,24.338,0.0950661019957661,3.78667816131024,0,1,0,0
4391,66.8953835677803,30.62,31.295,0.0717617107148522,3.65438027188646,0,1,0,0
4392,69.0001096100644,9.22,17.873,0.263685571183563,3.6131181308609,0,0,0,1
4393,46.6148808399071,8.43,8.05,0.329463917392619,2.63925183705651,0,0,0,1
4394,68.4615591551255,8.96,5.157,0.131267322489174,4.15519108267706,1,0,0,0
4395,63.0384403852261,18.71,11.554,0.179613543181302,2.80840156359385,0,0,1,0
4396,58.0985081783297,16.33,21.958,0.0932648829539682,3.18463541924592,0,1,0,0
4397,66.6548160125215,19.17,7.419,0.239214047311791,3.03897116421554,0,0,1,0
4398,61.5642095872065,22.62,4.641,0.081920468441768,2.85651085623178,0,1,0,0
4399,72.0562917036245,8.14,7.677,0.314203099046542,4.07755815426876,0,0,0,1
4400,63.3337715058705,13.17,18.287,0.229179456728661,3.5280244021255,1,0,0,0
4401,59.3840479688755,31.83,27.414,0.0568422429067639,3.76192216041674,0,1,0,0
4402,59.3176731276071,25.14,7.178,0.225077803229631,3.61228664107829,0,0,1,0
4403,68.8949154234412,13.87,32.751,0.180797324115609,3.82684602994343,1,0,0,0
4404,69.5212308697921,11.95,28.854,0.235067542699734,3.67262735663631,0,0,1,0
4405,70.7117429385585,7.59,12.645,0.24756696258254,4.28133285906299,0,0,0,1
4406,43.3563766316778,30.89,24.989,0.210251786215414,3.30136135666928,1,0,0,0
4407,55.9160442620867,35.6,48.327,0.227474559688761,3.35568388807004,0,0,1,0
4408,70.4888520763534,27.47,29.942,0.0824858685143727,3.46540367638222,0,1,0,0
4409,60.5269344246147,29.21,22.901,0.0923528471180365,3.34573797595137,0,1,0,0
4410,41.0742342551129,5.45,8.828,0.242836928690713,2.19755064825914,0,0,0,1
4411,59.4601213410523,21.84,13.595,0.176185760420583,3.63224038230667,1,0,0,0
4412,46.4238562915153,23.94,40.253,0.216399399330751,3.34155538078779,0,0,1,0
4413,58.0709346990901,30.9,27.779,0.215931439121273,3.31978739186709,1,0,0,0
4414,60.2290691923428,3.83,8.121,0.290053173468387,3.03049388687441,0,0,0,1
4415,65.1748815724706,18.05,8.514,0.0770658533650356,3.10800718378408,0,1,0,0
4416,67.4178670263969,36.09,20.327,0.100675532194028,3.6631471147259,0,1,0,0
4417,46.4023942489021,33.09,32.967,0.129779049773901,3.07712673469292,0,1,0,0
4418,44.0831490835287,5.33,6.249,0.354605798908647,3.03691002375744,0,0,0,1
4419,69.0354684962221,10.78,14.437,0.122717927791478,3.92223609352169,0,1,0,0
4420,64.9366451471896,20.31,4.61,0.230999717791394,3.56678925885167,0,0,1,0
4421,66.1921277478945,16.9,8.638,0.231083083075019,3.02006841070845,1,0,0,0
4422,67.6615259314904,24.81,29.496,0.102784892069208,3.53934112418627,0,1,0,0
4423,61.7687566328002,29.83,34.423,0.233190089630333,3.60265308150927,1,0,0,0
4424,68.0607304735688,7.32,24.064,0.281046330929361,4.23885178823936,0,0,0,1
4425,67.6651991134931,11.68,7.311,0.241966881893883,3.70736050670434,1,0,0,0
4426,61.7232747788057,24.48,16.749,0.216112893642746,2.93428587254569,0,0,1,0
4427,73.7404450759211,10.94,22.068,0.11711874619636,3.30880128722497,0,1,0,0
4428,63.6091401201007,5.95,18.804,0.118183615855734,3.04048547115378,0,1,0,0
4429,59.398866672279,24.09,23.897,0.0993330898493505,3.39322384400282,0,1,0,0
4430,64.5650605113222,27.23,30.9,0.240744674952749,3.27863744954007,1,0,0,0
4431,41.5764328588053,5.35,8.813,0.3762133231714,3.32207527623892,0,0,0,1
4432,65.194301339167,35.13,33.938,0.201909563010656,4.15885869893468,1,0,0,0
4433,52.860659649984,14.64,0.383,0.367153975266569,3.19207052301848,0,0,0,1
4434,67.2566791035346,5.76,27.243,0.105064058511704,4.46783253313396,0,1,0,0
4435,59.1820452978415,19.43,6.788,0.201535205640004,3.7507301008953,0,0,1,0
4436,64.6777191764745,38.28,19.817,0.225022555586051,3.7921807843605,0,0,0,1
4437,59.6762765078869,9.93,12.95,0.19349770911795,3.31653730452301,1,0,0,0
4438,63.2792751315914,32.31,33.089,0.106745092730786,3.20235719195551,0,1,0,0
4439,55.2085527209915,32.95,9.842,0.216431767939601,3.02198870127936,0,0,0,1
4440,65.2361353634122,20.45,9.571,0.202607983566972,2.69826371473416,1,0,0,0
4441,54.0186034823735,29.33,34.287,0.302283585053907,3.16815648494793,0,0,0,1
4442,64.7820804897579,8.02,29.707,0.160975754541341,3.59465161426401,0,0,1,0
4443,62.3979629071228,25.63,6.491,0.246619061502907,3.71913758278624,0,0,1,0
4444,66.7338044243031,27.25,31.824,0.202740121713325,3.72371559931839,1,0,0,0
4445,71.3175287301333,5.81,29.739,0.0858974292586421,4.02993947429155,0,1,0,0
4446,67.2855641124072,8.17,10.666,0.207077656697585,3.65181269696586,0,0,0,1
4447,61.7165622499029,41.32,27.441,0.220485367821398,3.79247972809558,1,0,0,0
4448,71.35671530848,7.64,32.906,0.0969050558715005,3.25360077890727,0,1,0,0
4449,64.6239657536745,20.91,25.409,0.196098886698262,3.02642101220349,1,0,0,0
4450,68.3561018141767,13.53,30.947,0.0585557870424175,3.38101229585364,0,1,0,0
4451,63.0642448072052,30.99,40.41,0.289303883197727,3.5582749480812,1,0,0,0
4452,63.9408911861083,13.83,16.445,0.090840952265523,4.12554192198169,0,1,0,0
4453,62.3682715212277,33.21,20.652,0.0850396850125851,3.58292312530651,0,1,0,0
4454,62.5295879307685,33.95,10.623,0.329239145519253,3.58570420115139,0,0,0,1
4455,44.0477377606474,3.07,0.534,0.0936816533343258,2.92484443829395,0,1,0,0
4456,61.1818478315381,34.61,21.48,0.217274700475967,3.58987304017707,1,0,0,0
4457,68.635435984826,19.56,11.946,0.0844084490665448,3.99241787932103,0,1,0,0
4458,64.8711814391983,10.73,16.783,0.108252926206668,3.19153984134831,0,1,0,0
4459,50.3135558572605,30.66,20.106,0.164292986798755,3.33005351822358,0,0,1,0
4460,61.0678186181151,30.64,30.484,0.135703011273525,3.13526629482613,0,1,0,0
4461,58.9544552314894,19.33,18.341,0.164479839905525,3.29957821968405,0,0,1,0
4462,64.0750984071096,36.99,3.196,0.229337233464506,3.78702459494731,0,0,0,1
4463,58.7102050441049,33.83,27.001,0.115835863924103,2.97403263300182,0,1,0,0
4464,59.6949225409324,12.53,12.106,0.325191100276172,3.87260644920804,0,0,0,1
4465,61.8724767030163,33.57,31.059,0.202089466346272,4.21834727385732,0,0,1,0
4466,68.4779439738615,9.17,15.786,0.272709938301237,4.17154278919533,0,0,0,1
4467,65.2034918495728,10.93,14.869,0.376570296097239,3.65100800481711,0,0,0,1
4468,60.6046830106126,15.72,19.806,0.156411886578594,4.34016449215406,0,0,1,0
4469,74.7554710478997,29.42,17.567,0.290538513010559,3.34774784280496,0,0,0,1
4470,67.6357901578642,32.0,24.611,0.264433183888623,3.89085447865197,0,0,0,1
4471,62.2333070407282,34.21,20.64,0.246818082956612,3.39638203887478,1,0,0,0
4472,58.602569691258,4.19,4.894,0.277492435068536,3.87228112200005,0,0,0,1
4473,67.3436560697194,28.6,25.605,0.252451010444404,4.11184919874181,1,0,0,0
4474,57.3328194282577,5.72,5.534,0.261916650792952,3.11995650509099,0,0,0,1
4475,50.0624666550758,13.1,7.255,0.291087211466595,3.21990854448462,0,0,0,1
4476,53.1360087623077,6.97,4.005,0.166427111709499,3.26147869434792,1,0,0,0
4477,55.0945999822651,6.82,5.951,0.184749342834965,3.60690157031944,1,0,0,0
4478,51.4495898678929,9.58,2.192,0.326016877031532,3.29365939721057,0,0,0,1
4479,70.5869938076925,9.28,11.343,0.240031877819787,3.37590160603298,1,0,0,0
4480,62.8675949212716,22.14,14.944,0.131380437786364,3.68414542273983,0,1,0,0
4481,65.416984797389,39.86,16.235,0.109771134826388,3.79625930134267,0,1,0,0
4482,65.2258993748888,21.91,24.121,0.304109313517508,3.21480373530054,0,0,0,1
4483,66.45623856191,28.69,29.835,0.0819553962140662,3.18104142095343,1,0,0,0
4484,54.4113614133279,4.83,5.328,0.317783148249858,3.39171924856489,0,0,0,1
4485,68.7914559757175,6.9,22.049,0.217990240794407,3.47512139962436,0,0,1,0
4486,68.8099524336225,8.39,3.704,0.080013955732849,3.26974013337781,0,1,0,0
4487,61.506808539864,20.44,8.111,0.0881294754063927,3.4431436471319,0,1,0,0
4488,65.6438276381617,20.86,22.975,0.360405015236614,3.55427602682168,0,0,0,1
4489,67.013508496672,33.54,31.327,0.207879313220528,3.35647712518863,0,0,1,0
4490,68.7739180632373,27.96,19.392,0.0615618155231208,3.98423369702913,0,1,0,0
4491,47.4414083495883,14.37,2.591,0.307720432589033,3.47934867056205,0,0,0,1
4492,60.5778542394841,40.25,32.477,0.181108432622273,3.71404556279704,1,0,0,0
4493,62.151883316322,36.65,21.57,0.0876698918367936,3.75290293845234,0,1,0,0
4494,60.5758803892728,20.5,1.896,0.110854288759456,3.55339182152415,0,1,0,0
4495,67.105590967388,14.46,29.455,0.389109891994769,3.75466935669639,0,0,0,1
4496,64.2685523771659,27.34,11.519,0.112783906551729,4.32930007797822,0,1,0,0
4497,44.7695455133778,32.56,28.084,0.0975269051425069,3.20825781961174,0,1,0,0
4498,49.9542784532301,33.21,40.288,0.166980108116967,3.33740769375981,0,0,1,0
4499,46.9386049464099,23.43,39.238,0.213891556846277,3.47494787944482,1,0,0,0
4500,43.7958854262926,34.59,22.315,0.173503443214048,2.99651104456573,1,0,0,0
4501,70.0121241385847,7.41,20.685,0.126675299351411,3.69614894279133,0,1,0,0
4502,66.8937568640904,12.54,8.621,0.130022708244376,3.89870729069108,0,0,1,0
4503,66.6715423847091,32.99,22.018,0.308207961530028,3.45888070354836,0,0,0,1
4504,58.9136154544474,15.67,17.12,0.21771954158134,3.41053960276919,0,0,1,0
4505,63.0620324145703,23.01,19.363,0.241154668376041,4.24746713753321,0,0,1,0
4506,63.5627490450593,36.26,18.168,0.204443165601862,4.3708961785312,0,0,1,0
4507,54.0978603583852,32.11,29.177,0.186649080232016,3.12792230067055,1,0,0,0
4508,56.1622460822223,12.14,2.448,0.349948072201055,2.97451409293408,0,0,0,1
4509,62.3869740448722,26.97,9.375,0.16465198703265,3.98770099234959,0,0,1,0
4510,59.5488546537457,28.25,37.9,0.202047759524728,3.93416311884486,1,0,0,0
4511,41.933854915501,17.13,7.057,0.379850035979978,3.11697842438696,0,0,0,1
4512,58.698689508181,8.66,9.99,0.257659851292231,3.45581820415793,0,0,0,1
4513,63.5330800853162,28.41,31.947,0.199773192832633,3.35474985536981,1,0,0,0
4514,64.0333124474287,21.75,31.272,0.175760546690689,3.61388438037862,1,0,0,0
4515,64.628835510279,6.23,30.834,0.174611573937488,3.25208234869703,0,0,1,0
4516,63.2151532437159,28.62,21.327,0.166647376720009,3.19867516154005,1,0,0,0
4517,52.7052796344232,32.3,46.524,0.205755934204965,2.82872467081759,1,0,0,0
4518,48.841385145604,7.3,9.562,0.171187994365227,3.22942014937324,1,0,0,0
4519,65.8771588767034,8.31,5.532,0.356056300936749,3.63816195258458,0,0,0,1
4520,69.7156106979837,39.01,19.327,0.313062005591547,3.16399777765441,0,0,0,1
4521,43.1427052639232,33.82,30.106,0.174492203885621,2.56570873547171,0,0,1,0
4522,71.3776150477526,33.29,15.424,0.242284920318838,4.08748027542406,0,0,0,1
4523,58.0391133080971,26.54,33.994,0.246211936060231,3.47310328247919,1,0,0,0
4524,71.2197116362657,27.77,16.487,0.465446781982528,3.87264376659679,0,0,0,1
4525,57.746803051953,12.11,2.24,0.157959106061241,3.62489998991214,1,0,0,0
4526,73.6394742620534,7.63,34.859,0.22465957301782,4.1660458730593,0,0,0,1
4527,66.4263497509888,25.33,6.47,0.192581434269984,3.18866780829417,1,0,0,0
4528,62.2397824114295,4.86,0.341,0.361708870032023,3.85459101292919,0,0,0,1
4529,59.3933528107171,18.69,2.246,0.323524000923252,3.17726628000152,1,0,0,0
4530,66.4955336909892,6.2,23.736,0.239370806568274,3.64791454179076,0,0,1,0
4531,51.5363504173984,38.53,35.098,0.330404964400911,3.03192457683585,0,0,0,1
4532,66.1007089871046,15.21,16.954,0.278344954925366,2.9264724286588,0,0,0,1
4533,67.2651281686752,24.08,21.868,0.382466433773461,3.65201853097208,0,0,0,1
4534,47.6446417104351,38.89,31.707,0.0994948228882305,3.1651273018901,0,1,0,0
4535,50.5677583750133,15.56,6.295,0.0837813145311076,3.82044131140992,0,1,0,0
4536,66.0883716862058,13.9,10.502,0.0791071730105374,3.99550364204009,0,1,0,0
4537,58.949196398334,23.35,3.565,0.265120235159964,4.09658169770814,1,0,0,0
4538,57.1016347320963,17.88,10.372,0.271191515172578,3.88582952482876,0,0,1,0
4539,69.8385911769765,14.66,12.294,0.0862925749475592,3.5091487574704,0,1,0,0
4540,63.4288904887115,23.5,10.126,0.222691852920948,3.46938055907744,0,0,1,0
4541,54.3301047302288,29.32,33.453,0.278719537272247,3.11132952599602,0,0,0,1
4542,57.5095587521706,10.33,0.856,0.381530849966132,3.5880563440936,0,0,0,1
4543,55.2347176092121,4.68,1.468,0.283954221930938,3.81405830648307,0,0,0,1
4544,58.6121097260498,5.4,5.847,0.269048390522036,3.98362798045423,0,0,0,1
4545,50.3129213680715,36.98,30.224,0.21615455756841,3.17720428729913,1,0,0,0
4546,61.7915847788446,28.85,37.424,0.224838107836356,3.74249863868777,1,0,0,0
4547,64.0960838281078,31.5,42.585,0.238127383280938,3.11276159450436,1,0,0,0
4548,64.732263184753,14.69,27.808,0.242908926633734,4.04243702305692,0,0,1,0
4549,72.8454909504474,33.2,24.784,0.21123882312848,4.01353336022877,1,0,0,0
4550,52.5648872725416,21.51,5.442,0.17261537919382,3.18464204178762,1,0,0,0
4551,55.0232162159942,3.35,4.602,0.256592481905371,3.18391935009044,0,0,1,0
4552,62.1901065475974,23.0,36.18,0.286353288190358,3.19971133085493,0,0,0,1
4553,44.09130150059,33.48,30.043,0.238777377196189,2.39193238929489,1,0,0,0
4554,67.4013506089101,6.75,31.889,0.329959014758517,3.61734178214261,0,0,0,1
4555,66.4708016752914,34.88,7.635,0.0573050231723772,4.0313829102183,0,1,0,0
4556,60.2093553024689,14.58,28.973,0.112235871157048,3.59247344321724,0,1,0,0
4557,57.5396225552239,10.15,9.134,0.207318393168757,3.34649713208287,0,0,0,1
4558,56.9764595845894,25.93,29.119,0.192953458654184,2.86958296591231,1,0,0,0
4559,58.2511679926298,33.66,15.418,0.156655345471214,3.59213174938289,0,0,1,0
4560,67.1112539016632,10.43,27.934,0.258317727454807,2.99820424745351,0,0,1,0
4561,53.7832771836323,33.93,35.079,0.0938539804685532,3.59134552899273,0,1,0,0
4562,56.2900700096717,8.02,3.729,0.381919725732128,2.91216663454828,0,0,0,1
4563,58.2340695024583,36.5,38.317,0.173381915112265,2.91796213368554,0,0,1,0
4564,36.3640676543917,5.85,9.921,0.315977404365922,2.77360088634021,0,0,0,1
4565,48.1640944290524,32.98,18.362,0.3684637860733,3.67399466708064,0,0,0,1
4566,56.3619207743988,29.05,15.901,0.324332192547929,3.35280037855106,0,0,0,1
4567,63.9823078355038,35.37,28.794,0.107749022257344,3.84813306189331,0,1,0,0
4568,69.3845396005558,10.38,23.252,0.104961073979138,3.55209542373802,0,1,0,0
4569,49.0700900613734,31.71,27.912,0.130725179664281,2.96794008452873,0,1,0,0
4570,64.6238684407263,32.47,35.928,0.252260653377569,3.62288324945137,1,0,0,0
4571,63.2437927877137,27.84,37.779,0.280442399733983,3.7704643104936,0,0,0,1
4572,63.5243159561824,14.9,5.689,0.219325284855279,3.5261481196273,1,0,0,0
4573,60.0705762894208,19.85,7.325,0.185801877851503,3.57560574370738,1,0,0,0
4574,65.5763385338055,18.48,17.954,0.188797028728681,4.04237754204482,1,0,0,0
4575,63.3167717293043,32.02,19.241,0.0922310280056692,3.27554580619549,0,1,0,0
4576,49.7351074043648,29.23,31.651,0.250974982508756,3.2899973924818,0,0,1,0
4577,60.106247041141,38.91,16.622,0.186812828810784,3.96570281352716,1,0,0,0
4578,57.8138585104136,28.92,25.836,0.0892941109538711,3.72629437945269,0,1,0,0
4579,59.3293976952753,24.7,3.778,0.21586897275157,3.09283223116861,0,0,1,0
4580,59.7984369424328,5.88,3.145,0.0943210353636834,3.36669606027536,0,1,0,0
4581,69.8473359541214,35.16,24.111,0.213060262887158,4.09487088981729,0,0,1,0
4582,70.8775957699277,5.34,1.708,0.280108946400314,3.40703589704154,0,0,0,1
4583,62.0420217106384,30.25,18.988,0.117870199335225,3.76582483010092,0,1,0,0
4584,58.4381904643184,21.53,3.673,0.142683783298514,3.48108051212714,1,0,0,0
4585,69.4529959214433,34.95,24.845,0.220739926929036,4.15550789495364,1,0,0,0
4586,51.1630758523751,7.12,8.664,0.231491346104136,3.01401411753135,0,0,0,1
4587,47.2417236786179,22.75,24.153,0.178035483344503,2.78534543074571,1,0,0,0
4588,62.999773190969,37.77,35.48,0.289516719501007,2.85176325840718,0,0,0,1
4589,56.4650543568431,5.85,2.724,0.239411272853705,3.49585786366534,0,0,0,1
4590,64.3430822297621,17.65,24.784,0.128251091536472,3.37004069790579,0,1,0,0
4591,65.2117373015413,30.56,29.31,0.219184678581722,3.49072016968694,1,0,0,0
4592,65.5207931046045,25.96,45.474,0.212475422904471,3.73476990830745,0,0,1,0
4593,51.5041357474315,24.15,23.023,0.122577189175049,3.75248329033617,0,1,0,0
4594,51.1215006264045,6.37,8.509,0.332217401926699,3.42240799769577,0,0,0,1
4595,55.3308204075363,40.73,20.364,0.18929560200346,3.23107321049986,1,0,0,0
4596,61.3388897369067,11.13,10.217,0.0461692961380125,2.75288650914771,0,1,0,0
4597,67.80105854936,31.37,25.216,0.192078078978684,4.00257817065756,0,0,1,0
4598,40.8461579865176,20.88,26.091,0.131625502965974,2.72987217647579,0,1,0,0
4599,43.2385512528216,34.57,30.662,0.395256359925905,2.60452013721078,0,0,0,1
4600,60.574947855976,22.21,6.947,0.107463318221379,3.81196165544373,0,1,0,0
4601,66.7374973223893,9.39,14.769,0.0870145252451628,3.95241040668214,0,1,0,0
4602,65.429981970898,31.56,17.895,0.18768597119391,3.74432689905456,0,0,1,0
4603,48.9208422121116,44.68,33.264,0.112022934507914,3.40057438437829,0,1,0,0
4604,63.8363284094291,25.32,23.004,0.254704315152233,4.04241933728441,1,0,0,0
4605,67.4960814678885,7.69,24.938,0.348505700806119,3.57402321551355,0,0,0,1
4606,62.2853775162976,24.59,17.979,0.0620361614813059,3.24399345155125,0,1,0,0
4607,58.1385174172049,6.36,2.484,0.331065384643155,2.96831681544527,0,0,0,1
4608,70.9698471534383,26.34,24.515,0.0823658897479063,4.15563602364723,0,1,0,0
4609,53.9875581061178,28.23,31.623,0.161970836591705,2.75663960847561,0,0,1,0
4610,68.3101769387912,11.45,11.906,0.260886462392681,3.45075589127342,1,0,0,0
4611,50.6195580817703,31.82,38.469,0.0917069142244224,3.32283624160358,0,1,0,0
4612,64.3552098202527,21.92,17.833,0.103420175884097,3.11583914378985,0,1,0,0
4613,50.4476407192278,36.95,30.906,0.0816225687103347,3.23615314379473,0,1,0,0
4614,67.4561298356081,19.39,17.485,0.254759258008393,4.02126771372601,0,0,1,0
4615,68.5698946668327,33.04,32.599,0.0785667518271418,3.93666113356373,0,1,0,0
4616,58.5212901564863,24.84,31.809,0.0774227269000765,3.49977332224351,0,1,0,0
4617,52.0985893965506,8.6,0.89,0.325601615202335,2.85121897144245,0,0,0,1
4618,59.9930851398209,18.88,14.019,0.0833339068420138,2.94366790869089,0,1,0,0
4619,68.3130393941739,31.98,28.355,0.0893935865610445,3.74234344870257,0,1,0,0
4620,56.5288274140099,21.53,16.197,0.201563080500952,3.17044907044526,0,0,1,0
4621,58.3801817206939,32.62,29.992,0.131157103634344,3.54927362720775,0,1,0,0
4622,68.5062227842553,14.08,11.763,0.262983399644988,3.08026680298543,0,0,0,1
4623,63.3188780058653,30.64,23.304,0.117436433533279,4.2772232742217,1,0,0,0
4624,69.3581989257831,15.19,2.141,0.113781017407026,3.67306034627433,0,1,0,0
4625,48.6060995338227,29.0,28.706,0.0739732079130205,3.14109390116367,0,1,0,0
4626,63.6679926006873,31.64,40.47,0.240014232884609,3.02717424435316,1,0,0,0
4627,48.9040916355985,36.18,38.623,0.268551004744782,3.07194192300572,0,0,1,0
4628,65.2037708498385,23.11,32.14,0.181342492108629,3.13834286476108,0,0,1,0
4629,63.2686968340511,25.75,30.361,0.168061959945558,3.75788342290734,0,0,1,0
4630,71.2859179397491,10.38,16.734,0.207256498359252,4.34391440659791,0,0,1,0
4631,65.6167784771967,22.9,36.142,0.188606043511572,3.4424730589309,1,0,0,0
4632,64.2105163106051,6.16,5.198,0.200954733886837,3.88839734613019,0,0,0,1
4633,65.5341678450462,22.29,13.98,0.0835447295662979,3.29581945072392,0,1,0,0
4634,62.6026911266159,22.74,10.389,0.10438492912881,3.68785874843003,0,1,0,0
4635,64.8218883840626,18.57,10.66,0.147736549046241,3.27138018908339,0,0,1,0
4636,54.586277299621,26.34,32.548,0.202308391965771,3.44907924818742,1,0,0,0
4637,66.4185747688937,13.59,13.761,0.329621806508932,3.52313788286984,0,0,0,1
4638,62.824947049839,21.43,0.767,0.15143540942298,3.86147206040987,1,0,0,0
4639,55.4400673043456,15.77,18.294,0.248123674958551,3.2474988175413,0,0,0,1
4640,69.574405550201,16.16,16.444,0.118874516488709,3.76435877470706,0,1,0,0
4641,56.059485123799,5.84,5.1,0.0829386936174408,3.14397941726881,0,1,0,0
4642,49.106263670781,29.61,18.942,0.111208389936083,2.98775276697035,0,1,0,0
4643,65.6955894351715,28.59,33.789,0.190437978644498,3.09101090321446,1,0,0,0
4644,53.7010208860584,17.84,8.024,0.259103332812673,3.40787316130357,0,0,1,0
4645,47.4139576564917,4.71,8.094,0.0941325695100704,3.52433493575796,0,1,0,0
4646,60.6427809046728,26.03,31.183,0.198471488293374,3.82718501220375,1,0,0,0
4647,60.4508962284468,17.53,7.347,0.132193529077943,3.57447694899332,0,1,0,0
4648,61.4433447551677,23.24,25.301,0.0729796598967356,3.11737236078861,0,1,0,0
4649,60.4454156337989,18.59,4.697,0.0859404011534394,3.64724093226451,0,1,0,0
4650,63.3636491412998,5.63,7.482,0.0850086197001672,3.09293177543735,0,1,0,0
4651,50.3753025531219,8.11,6.318,0.285204387116868,2.88130882667765,0,0,0,1
4652,55.3843473212655,22.87,19.41,0.200019546412535,3.19781528266945,1,0,0,0
4653,51.0211928682387,27.21,20.683,0.262810540485663,3.0347642195207,1,0,0,0
4654,50.3797462147537,28.88,37.32,0.16087637415103,2.99078733870433,1,0,0,0
4655,64.8384789930009,7.82,16.854,0.104814037938459,3.96291390427396,0,1,0,0
4656,65.4540127821083,7.23,21.522,0.269083786458598,3.32665656728048,0,0,0,1
4657,62.5615651885174,34.2,26.054,0.185204345620826,3.74450380054524,1,0,0,0
4658,66.055258892452,11.2,13.942,0.376526947177006,3.45323065974987,0,0,0,1
4659,65.0408566935896,27.01,5.675,0.125642468790118,3.78265890611981,0,1,0,0
4660,65.9923639150419,24.92,28.708,0.22573912600765,3.37535736250189,1,0,0,0
4661,62.0559644413533,34.92,33.872,0.0932227454110948,2.77796018563316,0,1,0,0
4662,60.0331076952898,15.12,23.583,0.167234176660725,2.74644532321834,1,0,0,0
4663,62.6377725441158,10.9,14.884,0.199773237285969,3.63422117856972,1,0,0,0
4664,58.882774242288,3.71,3.253,0.270978525317012,3.29011279693109,0,0,0,1
4665,62.1238175284343,25.8,34.351,0.0839445376170272,3.64257880246522,0,1,0,0
4666,63.9906915324604,23.42,10.171,0.349630661575389,3.95379405070435,0,0,0,1
4667,65.1158175743465,15.71,1.698,0.186290074618739,3.79867134635319,1,0,0,0
4668,47.7197801366279,35.46,35.866,0.0657412059768577,2.85515969439268,0,1,0,0
4669,60.5319934318347,9.48,2.218,0.253494674966165,3.39459136978516,0,0,0,1
4670,62.3388911198213,25.89,10.909,0.217231470250684,3.44839464835507,0,0,1,0
4671,71.1811545760633,29.94,25.343,0.0552413946822529,3.87230392560611,0,1,0,0
4672,63.2795991668273,39.5,8.163,0.162014848957519,3.86054453822118,0,0,1,0
4673,61.0112176424898,33.9,30.138,0.0737365018331599,3.32820279769996,0,1,0,0
4674,39.2109955597833,7.52,8.914,0.3177870527796,2.79019784738853,0,0,0,1
4675,67.6573631760386,12.3,24.388,0.283172706118576,3.8015254655095,0,0,0,1
4676,65.3262917769257,31.26,31.357,0.227192994052278,4.03009954134639,1,0,0,0
4677,68.8188873402111,6.85,20.918,0.199473685920612,3.82245342089723,0,0,1,0
4678,64.0356413092341,5.54,5.67,0.25458200569008,4.10305671920655,0,0,0,1
4679,60.370600410766,10.37,1.755,0.144436985751225,2.9934004180866,0,0,1,0
4680,40.6206717636088,9.92,9.566,0.29599658081982,3.00197203457873,0,0,0,1
4681,61.5008624437921,8.05,6.147,0.124283194726134,3.57885839087042,0,0,1,0
4682,56.6412020047137,15.72,7.924,0.209954210565918,3.01416844126106,1,0,0,0
4683,63.073908820353,24.08,33.569,0.247717273454039,3.91583651049268,0,0,0,1
4684,71.471893304577,8.5,34.701,0.112585378107757,3.97408645845777,0,1,0,0
4685,50.9754672769675,37.85,23.35,0.173809580950643,3.27678089194834,1,0,0,0
4686,64.6842354578762,31.22,16.492,0.0940840667871574,4.10404502893589,0,1,0,0
4687,44.4970954214819,31.33,29.545,0.115771349378043,3.10368098941994,0,1,0,0
4688,60.2521303301937,27.39,5.917,0.235031805584006,3.00900345434847,0,0,0,1
4689,49.2447668331621,17.31,4.484,0.11190834949445,3.33078584421078,0,1,0,0
4690,60.7530841463141,18.99,4.564,0.223035585479666,2.85246082282495,0,0,1,0
4691,68.9096018360083,36.6,4.452,0.221918509126257,3.68512850403753,0,0,1,0
4692,58.3603386502224,23.6,8.727,0.196653627187223,2.91297995240939,1,0,0,0
4693,63.1234330036289,32.45,29.075,0.0876766352056293,3.76554323628746,0,1,0,0
4694,45.3866264499604,27.72,18.952,0.133109979722862,2.9826441059855,0,1,0,0
4695,43.9311811581383,32.84,43.024,0.257744312466067,3.12606872437994,1,0,0,0
4696,57.8629511395954,32.36,32.292,0.0878975826992117,3.57035927117363,0,1,0,0
4697,58.4648787090934,35.09,31.447,0.112974140646716,2.87007072531016,0,1,0,0
4698,61.0850693863706,15.14,2.857,0.259091366145243,3.28334227478264,0,0,1,0
4699,46.0721861173072,4.23,3.456,0.310216475283925,3.18104738231043,0,0,0,1
4700,65.7354172800923,11.8,29.681,0.260811724929244,3.48135938666635,0,0,0,1
4701,61.7977542098997,27.47,35.219,0.0866761735687639,3.38204741222908,0,1,0,0
4702,49.6794698216762,26.38,7.407,0.0798025129414502,3.29491221042911,1,0,0,0
4703,49.7979891273506,34.6,26.878,0.0567435920691575,3.50454603273333,0,1,0,0
4704,59.2163528914578,15.27,2.195,0.237277872341449,3.84252330088673,0,0,0,1
4705,60.3574959868073,39.17,19.667,0.331787975396625,3.44568522777647,0,0,0,1
4706,60.2476902725938,22.89,24.02,0.110206957435322,3.58948131792778,0,1,0,0
4707,54.7627486622805,15.02,9.261,0.379538408824916,3.87131903204248,0,0,0,1
4708,57.9906673200681,22.56,5.138,0.231641453927344,3.700415294975,0,0,1,0
4709,62.2010133149724,3.91,4.624,0.166790814472967,3.59654971945735,1,0,0,0
4710,66.4518910380058,32.25,37.453,0.206408988411971,3.42629145876563,0,0,0,1
4711,56.7726879969753,26.8,12.783,0.211670244202509,3.90146705236147,0,0,1,0
4712,57.7749811375791,34.96,31.436,0.172925022786084,3.84297661312107,1,0,0,0
4713,62.0197778880175,24.22,25.998,0.221292922855371,3.50809623427109,1,0,0,0
4714,65.184670074227,35.81,4.033,0.273609543288559,4.08304488253141,0,0,0,1
4715,47.9058092084246,8.86,6.974,0.341161426489933,3.31580938031274,0,0,0,1
4716,65.6572161882031,6.38,29.29,0.189368255335393,3.80612678731209,0,0,1,0
4717,61.0557308874343,34.31,32.495,0.266596063352933,3.7952963063183,1,0,0,0
4718,59.1951548904743,24.8,20.711,0.198900152968451,3.18844797812887,1,0,0,0
4719,55.3498496416097,29.0,23.246,0.0800984026295444,3.02931826272811,0,1,0,0
4720,60.5587348694902,39.91,28.817,0.250635052838112,2.74467256894416,0,0,0,1
4721,61.4138925835712,23.23,10.927,0.10628717970639,3.15289520637691,0,1,0,0
4722,57.8159028234334,29.61,24.064,0.216987381416889,3.78182413025241,1,0,0,0
4723,45.1343447881866,35.07,44.534,0.159299786902342,2.79837923639466,1,0,0,0
4724,66.5822773346931,28.37,34.616,0.104277926224727,2.86421043058975,1,0,0,0
4725,50.9273189907009,27.06,33.298,0.215150826802516,3.08516023506016,0,0,1,0
4726,70.9398120582192,30.52,26.127,0.0815091711562502,4.10674969569496,0,1,0,0
4727,66.1162154637007,23.12,1.693,0.354713038373422,3.6455015114847,0,0,0,1
4728,61.2849936778715,6.56,9.057,0.202254033518675,3.56375569352312,0,0,0,1
4729,62.4280418222471,16.87,14.712,0.23274888870545,3.82386638386379,0,0,1,0
4730,54.402951754932,3.17,0.172,0.250240336869532,3.2344507872856,0,0,0,1
4731,68.3283072218716,23.58,29.253,0.243630768528822,3.79316683925344,1,0,0,0
4732,63.4910614643896,25.79,6.655,0.240749083434395,3.78176191510367,1,0,0,0
4733,62.5269979268666,25.36,12.804,0.200186331474774,3.96680851444414,0,0,0,1
4734,60.7792852655459,22.19,9.586,0.0826357138528465,3.14968090149312,0,1,0,0
4735,59.6510876664123,26.55,38.394,0.176331106202825,3.74803564414401,1,0,0,0
4736,67.9378639190672,35.23,21.799,0.219645172346439,3.66917031493789,1,0,0,0
4737,55.3157016054862,31.28,26.103,0.291103505279095,3.43632971629258,0,0,0,1
4738,70.9518967252905,25.52,17.135,0.200290825710156,3.70202017446411,1,0,0,0
4739,44.3905654134703,13.74,7.164,0.310201751343187,2.81402307101205,0,0,0,1
4740,65.8257265284955,13.4,33.25,0.201107321319696,3.48753616197844,0,0,1,0
4741,59.9251240209367,34.42,29.072,0.22634318689806,3.67820467753844,0,0,1,0
4742,58.760596462161,9.62,3.476,0.194050665431437,3.40543419027341,1,0,0,0
4743,61.1600314103054,20.69,12.328,0.118794088085185,3.0521605107812,0,1,0,0
4744,61.4837462186069,13.02,16.281,0.0953458846938837,3.35484626825256,0,1,0,0
4745,63.9087562636667,29.45,16.362,0.191465641201607,3.18680468903581,1,0,0,0
4746,41.9500942097191,19.58,26.961,0.0716857458515773,2.99458709440422,0,1,0,0
4747,58.0272497404453,5.75,2.689,0.222983761352272,3.57650541281448,0,0,0,1
4748,69.9780310761762,23.53,21.825,0.113628194588385,3.74207262633999,0,1,0,0
4749,60.2211247253338,16.49,2.971,0.282452283041849,3.86261094486533,0,0,0,1
4750,62.3452074279617,30.05,20.997,0.298563882439801,3.08394668742378,0,0,0,1
4751,56.2912464167335,30.24,25.695,0.190557027444435,3.15634463166881,1,0,0,0
4752,60.8033140691894,25.23,3.974,0.239386742888911,3.06773078511561,0,0,0,1
4753,64.5758177846409,9.06,8.838,0.28763655031486,3.77660637136746,0,0,0,1
4754,67.0982659513888,38.12,35.475,0.118523827158797,4.26770535991843,0,1,0,0
4755,56.6790530167408,18.05,38.897,0.259256873788227,3.46380703794078,1,0,0,0
4756,66.7400279838563,7.27,12.622,0.19413522514315,3.73071358650665,1,0,0,0
4757,59.0448239768392,28.17,22.268,0.0933710424081861,3.45747018992632,0,1,0,0
4758,70.7488636347613,15.64,18.564,0.0866523104742949,3.92996366465889,0,1,0,0
4759,66.3823317812876,13.9,17.51,0.115279487401447,3.41012924701378,0,0,1,0
4760,60.6931029121996,25.75,38.02,0.216217220095942,4.15126297445572,1,0,0,0
4761,73.185257372141,11.36,24.983,0.243652733448859,4.01445631556932,0,0,0,1
4762,62.0677630048677,16.83,15.597,0.168464402582824,3.99582189206737,0,0,1,0
4763,68.6776328062172,34.02,32.085,0.197730031127971,2.99379305547013,1,0,0,0
4764,69.0199294545827,17.47,18.064,0.266421748567266,3.46694131680467,0,0,1,0
4765,46.7302467258555,5.22,1.496,0.344268176841348,2.8395635485636,0,0,0,1
4766,60.6419177162445,32.45,4.719,0.234593739412562,3.25290722539954,1,0,0,0
4767,64.5400151317388,16.75,1.517,0.0904954613760785,3.0409517387353,0,1,0,0
4768,54.3396167004104,14.34,2.476,0.240257502123329,3.38886777709111,0,0,0,1
4769,69.1500577872141,10.71,34.749,0.093978552497491,3.44436023380707,0,1,0,0
4770,65.2798706564817,18.79,19.255,0.258921951618362,3.74089506384527,0,0,1,0
4771,63.9578857798256,32.43,11.469,0.286898339983311,3.54190779187302,0,0,0,1
4772,46.2344993572422,32.38,28.054,0.261815615067582,3.33501711425361,1,0,0,0
4773,66.4449173432667,7.28,9.531,0.287039702354705,3.83394203239982,0,0,0,1
4774,63.9749939014237,8.14,34.988,0.13893689353759,3.59472571080204,0,1,0,0
4775,61.2700132919374,27.18,8.579,0.0969299986054083,3.22162391322486,0,0,1,0
4776,66.9248010261924,3.51,9.179,0.222566129264077,4.04630863620386,0,0,0,1
4777,68.9211727489061,36.65,31.853,0.0887065577262432,4.0843007883289,0,1,0,0
4778,64.9458364105412,23.1,15.012,0.131851054847523,4.01487176212327,0,1,0,0
4779,64.5823260362905,23.15,35.553,0.165747348727977,2.98965444226882,1,0,0,0
4780,59.4502288334692,24.36,18.357,0.215860021951772,3.22677980788283,0,0,1,0
4781,62.3839436401534,36.06,7.337,0.0922915051207365,3.82910680643204,0,1,0,0
4782,72.0537917713936,31.04,34.526,0.188368473798384,3.25005136412338,1,0,0,0
4783,59.6012650548471,30.56,20.237,0.219827238960638,3.19304031255755,1,0,0,0
4784,45.1281091264384,29.45,25.634,0.110629447443392,2.87127190632901,0,1,0,0
4785,61.5747941139047,24.2,25.09,0.119735205920821,4.03957905928284,0,1,0,0
4786,40.3127800241214,28.88,25.759,0.185270078896025,2.63315342969616,0,0,1,0
4787,56.6435201302598,34.88,23.393,0.116575099900654,3.69660033318823,0,1,0,0
4788,61.9828192500249,33.59,28.905,0.189052675941251,3.58731087133714,0,0,1,0
4789,50.2670422407898,15.62,7.412,0.361687546399057,2.69945690230516,0,0,0,1
4790,55.1244410713931,31.77,44.487,0.285391125227842,2.87348139217629,1,0,0,0
4791,59.436074654256,19.97,20.074,0.105306060175863,3.18915847322484,0,1,0,0
4792,65.7415200924617,11.63,0.019,0.361592187258898,3.91181553479535,0,0,0,1
4793,49.7186280121767,25.09,29.887,0.0734057658802988,3.13626903630371,0,1,0,0
4794,59.8595433321899,32.53,9.473,0.138602195019997,3.71165447385571,0,1,0,0
4795,70.2883994155152,29.89,9.006,0.190285175817608,3.80391477113226,1,0,0,0
4796,65.1489871319844,19.78,13.767,0.333065222488248,4.04906490908861,0,0,0,1
4797,67.0872382957398,28.62,26.918,0.201229363222985,3.00090102276859,1,0,0,0
4798,60.4784990928346,19.95,17.692,0.108541321354708,3.48680766208385,0,1,0,0
4799,46.5328293564231,26.91,23.076,0.184927476503443,3.64260703415041,1,0,0,0
4800,62.9204321045126,24.17,35.872,0.197864919622554,3.88881976133145,1,0,0,0
4801,63.2457091214328,12.75,30.805,0.0964192642896884,3.10647007624905,0,1,0,0
4802,60.2590776689958,15.57,7.607,0.0884278867460295,3.56805270540408,0,1,0,0
4803,43.2998517276518,25.47,24.775,0.21253722335531,2.61202678277797,1,0,0,0
4804,67.7717967331613,5.44,30.507,0.19292413048531,4.48124184707888,1,0,0,0
4805,51.631314310544,8.41,5.071,0.320556281570965,3.12225202793297,0,0,0,1
4806,60.1132307361312,33.83,23.105,0.285208925592049,3.56078995934006,0,0,0,1
4807,67.2624550563958,10.45,13.135,0.266927941468826,3.48166389860713,0,0,0,1
4808,45.2515240203223,4.08,2.254,0.283553776128952,2.51610252114745,0,0,0,1
4809,66.2130624838627,6.68,1.57,0.106439899900771,3.93495829000261,0,1,0,0
4810,66.9056620953581,9.59,15.793,0.11530372040244,3.79799498841482,0,1,0,0
4811,69.1259886628288,7.35,10.913,0.0717771164782889,3.79696821024906,0,1,0,0
4812,68.8572182062868,14.16,27.797,0.0963612959058123,3.32659034398016,0,1,0,0
4813,70.0999175554502,12.24,19.376,0.260635960782944,2.78661172053091,1,0,0,0
4814,45.6692223191021,14.07,4.204,0.39046351173677,2.34981079791562,0,0,0,1
4815,63.7152922354021,24.59,17.336,0.363098071418806,3.41637834425352,0,0,0,1
4816,70.2385919919649,9.91,22.71,0.120819004539638,3.71054577245942,0,1,0,0
4817,58.5411504746841,3.07,4.264,0.304443545874623,3.68261753989037,0,0,0,1
4818,55.2833987045065,27.0,27.892,0.183700671408577,3.54131691535535,1,0,0,0
4819,63.0273447430797,35.77,7.186,0.198132360153645,4.16131302328992,0,0,1,0
4820,41.1607024920352,31.88,29.731,0.279535139669493,2.69420674659835,1,0,0,0
4821,54.9161472336543,4.89,2.832,0.245852165654055,3.85307812317174,0,0,0,1
4822,70.5916482819299,19.42,29.7,0.0968192609720584,3.73992046249988,0,1,0,0
4823,66.6585647060912,28.02,24.204,0.170269645642931,3.17262776571562,1,0,0,0
4824,50.8151349320994,31.02,14.981,0.119702771313452,2.82188560145226,0,1,0,0
4825,66.7576458723843,14.4,21.204,0.22596411696498,3.76522955961762,0,0,1,0
4826,62.3759781731806,23.08,29.668,0.126201164503092,3.94416204202521,0,1,0,0
4827,61.4957639324355,22.68,23.634,0.232615803757692,3.28423723238745,1,0,0,0
4828,61.4079372472079,29.41,28.013,0.310768567255957,3.72298712736663,0,0,0,1
4829,56.7457943406584,12.06,5.994,0.273929122707815,3.22486945138963,0,0,0,1
4830,68.4109337291817,15.81,18.124,0.192223006044671,3.74897352633333,1,0,0,0
4831,60.3794533712315,19.87,35.332,0.198947444245505,2.75703212112692,0,0,1,0
4832,58.6030339556507,30.26,30.709,0.177734738765148,3.57712878073339,1,0,0,0
4833,62.3421252746573,19.33,6.332,0.217634860039804,2.66645974841116,1,0,0,0
4834,63.0567346909812,29.37,9.868,0.169610038921288,3.38318392970246,0,0,1,0
4835,57.5501882262936,10.9,0.617,0.23139919334963,3.83726317151256,0,0,0,1
4836,60.7515772375203,26.72,0.864,0.23867796499605,3.37924656929137,1,0,0,0
4837,62.2860771317224,31.91,32.553,0.198535865595746,3.47380592972502,1,0,0,0
4838,71.4652320712245,33.21,37.135,0.383072134606485,3.3485032138591,0,0,0,1
4839,56.4168279923448,26.82,26.159,0.240292490171319,3.08197731424924,1,0,0,0
4840,62.0193113299018,32.31,26.554,0.0863251556230743,3.22854578067162,0,1,0,0
4841,68.9198848646088,24.16,17.999,0.160607789306249,3.49823898440622,0,0,1,0
4842,67.3190727902346,37.95,4.836,0.205134325133832,4.10988570652159,1,0,0,0
4843,49.7777809796655,23.05,21.321,0.101408922370084,3.10938698002527,0,1,0,0
4844,68.1070914806734,23.18,34.816,0.260464553633896,3.40644015048716,1,0,0,0
4845,51.3700778873956,29.6,27.04,0.213962360934787,3.01401174755852,1,0,0,0
4846,62.7663041984992,11.44,13.198,0.234636655778429,3.45719589076698,0,0,1,0
4847,64.9608849293388,20.84,39.867,0.328035250170863,3.45922769573905,0,0,0,1
4848,61.5941848691034,19.4,17.734,0.169836067064188,3.68338532873278,0,0,1,0
4849,50.9885960771682,5.3,3.418,0.323509879284991,3.19218991442055,0,0,0,1
4850,65.2178995839058,12.65,18.891,0.0930471551692634,3.6824741739867,0,1,0,0
4851,58.7443485016476,10.67,4.619,0.0862661168031655,3.17928011844285,0,1,0,0
4852,40.050835320134,4.58,9.198,0.36350707654777,3.15508293809321,0,0,0,1
4853,64.0899081377016,8.86,16.061,0.0836445233975799,4.16881702483311,0,1,0,0
4854,50.8313664653912,4.87,3.531,0.267691654283314,4.00428354605719,0,0,0,1
4855,58.0442083882706,20.35,1.752,0.263342725412588,3.6396106406657,0,0,1,0
4856,48.6956102332398,32.56,30.309,0.0950893529846321,2.94009029937487,1,0,0,0
4857,50.9359484940788,5.33,5.394,0.142901403535591,3.03728259731169,1,0,0,0
4858,63.2212672215117,32.42,44.395,0.299653687048693,3.45725352519436,0,0,0,1
4859,55.6382687702115,30.71,25.624,0.115164174328626,2.70946168782851,0,1,0,0
4860,70.6230803119198,36.48,35.199,0.19382352236913,3.39763832249629,0,0,1,0
4861,58.0980805400267,16.08,13.786,0.224528152824869,3.63931818536106,1,0,0,0
4862,64.4298138920611,16.83,7.94,0.0853348567288213,3.62485077466093,0,1,0,0
4863,62.9060384793007,28.61,34.912,0.144502041544393,3.15596277917797,1,0,0,0
4864,57.541446628192,19.88,10.766,0.223097103628045,2.99866656723282,1,0,0,0
4865,65.4297988372583,23.17,0.04,0.154424780861893,3.32291876424509,1,0,0,0
4866,62.7910920772248,32.11,38.457,0.0954671124971238,3.15008493614866,1,0,0,0
4867,64.7128796782344,5.88,5.091,0.33414007725316,3.40239815336892,0,0,0,1
4868,68.2425138369603,9.28,13.048,0.213329925015266,3.49427533171058,0,0,1,0
4869,64.8117009184227,24.19,11.541,0.19348448339207,4.18941196627059,1,0,0,0
4870,62.8896832517351,33.17,38.088,0.09796240306639,3.67654132072039,0,1,0,0
4871,65.5852562531667,24.53,17.892,0.249366044961633,4.26370661378359,0,0,1,0
4872,53.9448047523146,24.24,37.732,0.0781537180363891,3.28025477345655,0,1,0,0
4873,61.3116358480106,27.92,23.197,0.163498186385533,3.54356183858222,1,0,0,0
4874,44.2636012444472,35.68,25.589,0.248042346374437,3.18323246569979,1,0,0,0
4875,52.419292002239,3.26,8.881,0.308714435873796,3.27179867948187,0,0,0,1
4876,60.8398073239912,28.32,12.771,0.265686135545883,3.43158982837526,0,0,1,0
4877,59.56350101761,24.52,13.114,0.175712438782484,3.70424900605782,0,0,1,0
4878,66.9841025552128,32.34,35.61,0.240114026346587,3.83204585734973,1,0,0,0
4879,48.8377624469922,8.67,0.996,0.216313840547805,3.28183836065823,0,0,0,1
4880,67.7329834645481,25.93,25.684,0.196449480050588,4.05389713519344,1,0,0,0
4881,63.8774819798636,37.83,31.446,0.0833673829904915,3.73421629795759,1,0,0,0
4882,67.0626521804879,14.36,10.485,0.101196469115077,2.93707730851774,0,1,0,0
4883,50.1509627096205,26.75,28.781,0.0698738603901279,2.93325210965667,1,0,0,0
4884,58.6118120296714,38.93,29.48,0.215270129800555,3.60847263210498,1,0,0,0
4885,44.5440930476165,32.97,27.914,0.0891034734230869,2.42285679488711,0,1,0,0
4886,57.7545793108427,28.05,27.695,0.155567632889402,3.89253965744325,1,0,0,0
4887,68.2824555055633,7.36,15.931,0.352822670903051,3.71099511003587,0,0,0,1
4888,59.231558393417,21.85,6.18,0.220681725229248,3.17228782556715,1,0,0,0
4889,70.3960835191505,13.39,24.679,0.104133699642776,3.38758577748883,0,1,0,0
4890,56.2479034249365,29.93,23.759,0.21617122629821,2.63417361691491,1,0,0,0
4891,60.3503481499573,15.37,6.648,0.13365211266241,3.09853114363506,0,1,0,0
4892,64.6067704720674,9.78,11.049,0.211227297393674,3.38635846030978,0,0,1,0
4893,62.2959526573136,30.85,43.462,0.10947658292169,3.17108730457129,0,1,0,0
4894,51.8719365514305,23.63,52.488,0.120382026905056,3.10063217553659,0,1,0,0
4895,55.6246618542578,32.3,15.542,0.0657942744122226,3.27430569060173,0,1,0,0
4896,66.9959166343297,7.05,1.745,0.29795677450513,3.24232025048019,0,0,0,1
4897,61.7110282693436,26.65,18.794,0.235339223786679,3.76593934226996,0,0,1,0
4898,66.3388172190393,26.66,19.761,0.236880056468363,3.56798363769622,1,0,0,0
4899,56.2649854948696,38.84,23.387,0.178249423742899,2.81106723694194,0,0,0,1
4900,67.7489626787399,7.2,21.665,0.235510575887469,3.30053938355307,0,0,1,0
4901,61.253004575949,17.46,11.121,0.289471800114535,3.56134563764207,0,0,0,1
4902,50.3600642155744,32.86,18.365,0.246160329890254,2.90448845537894,1,0,0,0
4903,63.6464080075807,17.23,16.496,0.246078311672242,3.77988146024902,1,0,0,0
4904,62.0106471555434,21.27,15.536,0.241588245466279,3.73639203932779,0,0,1,0
4905,63.0454449782103,22.59,11.569,0.190013194588514,3.797276401793,0,0,1,0
4906,64.99234118335,6.55,33.245,0.0709882952714034,3.2516123766108,0,1,0,0
4907,66.9624827353575,14.58,22.436,0.340254649390021,3.48605897682931,0,0,0,1
4908,45.4617557845784,28.71,10.099,0.121933947864584,2.78570789423805,0,1,0,0
4909,69.1938780891921,35.39,30.141,0.241924314656605,3.81535065263579,0,0,0,1
4910,68.860294694634,4.98,6.575,0.189147233231231,3.82637636648932,1,0,0,0
4911,65.0253633426078,29.18,33.553,0.0844383089555019,3.32645531208132,0,1,0,0
4912,64.9467982802241,28.18,24.136,0.233391556331182,3.70320628762885,1,0,0,0
4913,64.4680694695321,24.47,12.933,0.206238172993025,2.923187341385,0,0,1,0
4914,64.680402802224,21.81,31.209,0.0840317396227926,3.97054028908868,0,1,0,0
4915,62.4302116164814,23.38,4.864,0.166107721722319,3.88348122325332,0,0,1,0
4916,64.882752917374,19.04,4.433,0.150333580780268,4.45552957730435,0,0,1,0
4917,45.0582876970407,25.91,35.498,0.263467032794293,3.19962517867978,1,0,0,0
4918,69.0449128580536,32.12,10.901,0.198418280288853,2.9333552525416,1,0,0,0
4919,46.1803594254705,31.57,22.823,0.0991473722995809,3.32708660520747,0,1,0,0
4920,55.5462890891447,3.36,2.692,0.245764556166231,3.21658764838637,0,0,0,1
4921,70.7415555536957,36.7,27.07,0.100084878843255,3.46207841803799,0,1,0,0
4922,65.1518828727242,15.1,4.27,0.0750239222126599,3.72762800498612,0,1,0,0
4923,55.0086639801201,24.4,34.734,0.218225754224108,3.78754577313051,1,0,0,0
4924,62.0992785751284,13.54,16.278,0.107216160001952,3.38156093082705,0,1,0,0
4925,69.9559829970609,32.19,23.513,0.114263342403828,3.91982452202756,0,1,0,0
4926,44.075184371621,24.85,21.331,0.182900329272482,2.90747392228754,1,0,0,0
4927,47.5761268809232,20.52,9.141,0.355078310435315,3.12849340193009,0,0,0,1
4928,72.5462358765323,5.4,24.256,0.104195854592823,4.51297247371855,0,1,0,0
4929,58.3591950442322,32.75,13.499,0.321025851185153,3.31570967182657,0,0,0,1
4930,57.7514056840819,34.66,35.059,0.18222734831548,3.22092203065378,1,0,0,0
4931,64.822670558505,24.88,28.125,0.226850216780273,2.93558359855223,1,0,0,0
4932,63.6346939322065,20.1,1.428,0.185185399453812,4.01787290918724,0,0,1,0
4933,61.0913021385565,35.0,9.362,0.279100902707672,3.93609852244497,0,0,0,1
4934,50.4849343833005,9.77,7.769,0.330070522262467,2.87975479962235,0,0,0,1
4935,44.257455587694,23.38,25.813,0.264077434769741,2.99770458776411,1,0,0,0
4936,55.3985756229283,20.19,9.417,0.394771491241045,3.3517713922995,0,0,0,1
4937,74.1748317231855,32.29,17.996,0.338879155251201,4.44821722335943,0,0,0,1
4938,64.2340253881214,18.09,3.137,0.160325383052036,3.99267324353792,1,0,0,0
4939,60.6066848182976,39.37,23.827,0.18964396036957,2.90611985564293,0,0,1,0
4940,59.7564353281906,26.49,9.062,0.20297995396628,3.37672284036596,0,0,1,0
4941,73.0091939448399,11.51,11.649,0.0838239260255158,4.45504704735558,0,1,0,0
4942,65.1741231103229,33.71,18.185,0.0959039127394082,3.55099630640861,0,1,0,0
4943,52.4699220556245,20.58,49.304,0.107958619676293,3.32296152792738,0,1,0,0
4944,68.2347055518814,28.65,47.436,0.116659510893623,3.67446747614687,0,1,0,0
4945,65.5934997335419,6.08,5.606,0.21830453664739,2.83045337184131,0,0,0,1
4946,65.2657162238349,36.35,33.751,0.195766691397757,3.13391011499779,1,0,0,0
4947,66.5059997370012,13.79,8.359,0.146810130513077,3.65097851459973,0,0,1,0
4948,44.958114783962,36.92,36.012,0.140392988247139,3.25156631933885,1,0,0,0
4949,57.3205294528612,36.92,10.969,0.203760119597067,3.20176696557134,0,0,0,1
4950,60.9376890585177,24.36,10.974,0.186002053896459,3.53057915932503,1,0,0,0
4951,62.0929420323869,20.48,3.687,0.14036436198228,3.52135998787615,0,0,1,0
4952,64.8116466115497,14.07,16.329,0.313073984452614,4.40429966573618,0,0,0,1
4953,65.4294581122222,24.94,35.77,0.160454154877487,4.13539328173502,1,0,0,0
4954,58.3896040214729,9.02,8.293,0.103305297800209,3.19564002922764,0,1,0,0
4955,65.3022006138041,9.41,25.788,0.114651060530212,3.47391913966766,0,1,0,0
4956,61.4467803090127,32.58,29.041,0.165776147768492,3.03772799757606,0,0,1,0
4957,63.0232942195774,5.95,5.264,0.120567733396563,3.52569122441238,0,0,0,1
4958,37.7126039179259,9.12,5.58,0.286375810252483,2.57008276091697,0,0,0,1
4959,53.1743320685509,15.71,4.364,0.194759244601392,2.47469570616125,0,0,1,0
4960,66.576002596255,27.42,37.163,0.207786287998686,4.22620186278527,1,0,0,0
4961,67.5880461089282,18.86,19.1,0.282050819523492,3.7505861774349,0,0,0,1
4962,67.9802877826412,8.98,30.701,0.344072930111145,3.96226308668092,0,0,0,1
4963,58.2377044402955,28.54,22.68,0.114259111113986,4.06097469674656,1,0,0,0
4964,46.8096353928945,26.91,28.559,0.104898049857131,2.45789695287586,0,1,0,0
4965,72.1687823001085,33.96,29.253,0.302789500462027,4.20378767488029,1,0,0,0
4966,60.0423251724002,23.92,6.332,0.114930550700795,4.00134896497976,0,1,0,0
4967,58.6156134079653,4.21,9.319,0.214727788197712,3.5228799528491,0,0,1,0
4968,54.3077464233019,25.97,43.999,0.236321005775033,3.32008859852377,1,0,0,0
4969,67.5110547698112,13.84,3.652,0.182835425856064,3.53388517680861,1,0,0,0
4970,59.1331433402385,21.04,2.575,0.251787093440681,3.5822914797018,0,0,1,0
4971,45.1387157963846,38.7,13.359,0.147153392912362,3.46019642525075,0,1,0,0
4972,58.9060517276396,18.62,12.09,0.088787310838791,3.68704345991066,0,1,0,0
4973,52.3993796519756,41.86,36.543,0.106623643910656,3.38085944452615,0,1,0,0
4974,46.5362290453988,41.03,29.399,0.256795176591485,3.52185509871774,0,0,0,1
4975,69.1657836378535,12.6,10.67,0.0941913701081,4.20280593294196,0,1,0,0
4976,60.1171733647632,8.28,0.293,0.122641269693772,3.24540960201668,0,1,0,0
4977,66.2221097827516,19.44,2.689,0.07191654892536,4.21214975891806,0,1,0,0
4978,63.0407867353861,32.54,23.977,0.19252978571452,3.55336784307176,0,0,1,0
4979,71.3626494042527,34.5,33.113,0.129774531163812,3.27860624385358,1,0,0,0
4980,66.2340506131591,30.25,8.056,0.176835409362635,3.67157122195396,1,0,0,0
4981,63.2463950806666,30.47,36.723,0.154732816738954,3.6483430562386,0,0,0,1
4982,48.4704125700128,6.98,6.826,0.260782362903404,3.57043248512695,0,0,0,1
4983,67.134056838874,7.17,14.316,0.0964322084402684,3.7933889178085,0,1,0,0
4984,70.0032555398247,13.0,4.561,0.080057022479338,3.51967121501034,0,1,0,0
4985,53.4262721965027,7.04,9.587,0.355147552124595,3.45032745979113,0,0,0,1
4986,45.9028333640111,25.76,34.582,0.15787671377755,2.98800141944165,0,0,1,0
4987,63.294550290554,29.64,21.832,0.277467209007637,3.39347017792281,1,0,0,0
4988,67.7277399151962,27.63,39.729,0.154074988229429,4.1811106332146,1,0,0,0
4989,65.6023072029993,12.02,12.351,0.104336187400863,3.4695311083275,0,1,0,0
4990,63.9745010535654,32.59,38.15,0.233034972110261,3.29549149545661,1,0,0,0
4991,67.9963216027808,7.21,19.765,0.110816249190679,4.16584529073742,0,1,0,0
4992,57.9668291822279,30.44,42.396,0.194401635326249,3.46336160438052,0,0,1,0
4993,60.7449616361685,33.33,33.081,0.189192666817177,3.68921976874592,1,0,0,0
4994,48.9312452362654,26.49,41.618,0.193739123503051,2.99202941632163,0,0,1,0
4995,73.6224957911518,12.15,29.797,0.114461908648122,4.4317085643648,0,1,0,0
4996,58.6684002317926,16.49,8.95,0.178556108847193,3.77496990451305,1,0,0,0
4997,63.181468224664,10.1,9.687,0.0935245030779131,3.93390269164909,0,1,0,0
4998,57.4435621194917,30.98,34.543,0.199094514232405,3.59613711376026,0,0,1,0
4999,65.6257562294755,18.19,12.146,0.0798907498777469,3.55235767164977,0,1,0,0
5000,63.2821367868711,22.91,2.748,0.340325552314626,3.71851426798019,0,0,0,1
5001,62.5827390414187,8.64,18.891,0.16025213497318,3.1301257607559,0,0,1,0
5002,59.0434996857751,30.0,22.862,0.226096096125476,3.42548639521626,1,0,0,0
5003,65.5667779046227,4.57,9.672,0.325373951855025,3.96939658652821,0,0,0,1
5004,58.5657285946755,16.61,19.0,0.194253262504941,3.81243857416425,1,0,0,0
5005,49.1970356828572,30.78,22.295,0.242706898608995,3.7244327297407,1,0,0,0
5006,53.8245393938071,4.86,4.687,0.30139239943533,2.91586124506123,0,0,0,1
5007,68.5498174901284,26.77,13.765,0.290575999421985,3.90138226921487,0,0,0,1
5008,66.317880537926,25.95,32.371,0.147370101955382,3.62664918442702,1,0,0,0
5009,60.1070093400051,39.11,33.584,0.0958576188633712,3.32564818943146,0,1,0,0
5010,68.0602746258291,11.14,17.957,0.0966151304848582,3.79605847429944,0,1,0,0
5011,58.8877767898645,23.16,5.095,0.107220768174086,2.94799761798695,0,1,0,0
5012,61.6617295993167,27.54,38.916,0.121757972882725,3.75976781308458,0,1,0,0
5013,49.0438728678416,11.33,2.616,0.272965995974815,2.75779514680206,0,0,0,1
5014,64.8332227340676,32.63,35.353,0.211774140827975,3.42655034929021,0,0,1,0
5015,62.6618462377619,13.85,12.182,0.164820455804898,3.88861310645927,0,0,1,0
5016,72.8878224594777,32.75,33.672,0.175761716763485,3.85775914881086,0,0,1,0
5017,76.0659507567315,17.49,0.559,0.201522474152757,3.46942825962763,0,0,1,0
5018,68.0217344178152,6.11,27.554,0.133558395449061,3.94430875460946,0,1,0,0
5019,63.4160749671285,29.97,33.39,0.140382485201554,3.06624214577673,1,0,0,0
5020,61.1980088044004,20.24,28.445,0.0919925162892912,3.57830413994327,0,1,0,0
5021,53.7727808296325,5.65,2.296,0.401687153563768,2.91013666583572,0,0,0,1
5022,72.1253765101892,8.17,13.596,0.350586445118018,4.95359420551341,0,0,0,1
5023,65.4458563323129,32.06,25.509,0.244903545609497,2.96799970253901,1,0,0,0
5024,60.8112210133375,17.08,1.575,0.175661561437891,3.6914269103874,0,0,1,0
5025,65.1571437034389,32.83,25.456,0.242651575394684,3.33405939583832,1,0,0,0
5026,65.8164512491031,10.58,32.17,0.0813378785903268,4.2819592009356,0,1,0,0
5027,54.0451530382441,27.48,18.499,0.0919776898305835,2.72120396516316,0,1,0,0
5028,58.7946091434959,33.24,32.14,0.193838483643084,3.93498684752564,0,0,0,1
5029,66.7808545609369,8.82,23.947,0.329244673157138,3.9910951406154,0,0,0,1
5030,70.3718520669711,17.52,12.998,0.29705930227714,4.1251518683043,0,0,1,0
5031,66.7655239761771,12.89,30.082,0.0985063720394707,3.27562698374561,0,1,0,0
5032,57.0808214737463,19.07,18.757,0.246716732567339,3.34797287472211,1,0,0,0
5033,43.9099823272321,23.33,22.173,0.0675487856566018,2.62942370315082,0,1,0,0
5034,65.8333486874561,20.25,8.471,0.294549527904912,3.47831833911394,0,0,0,1
5035,66.4823320982733,26.73,8.483,0.280847320039621,3.82740281931955,0,0,0,1
5036,58.7259345710521,8.53,14.336,0.133737440250299,3.85729776007144,0,1,0,0
5037,70.9269207167335,13.1,13.805,0.12110143860499,4.03224751199781,0,1,0,0
5038,59.8418586857111,12.28,7.968,0.206237951731165,3.46866653966951,0,0,1,0
5039,40.9564590040788,29.81,26.325,0.176361832679425,2.79700906459694,0,0,1,0
5040,50.3917437394913,36.75,20.898,0.295489230451322,3.90798082673038,0,0,1,0
5041,59.6529719198986,13.06,9.249,0.124008168787421,3.50422431645658,1,0,0,0
5042,57.0376936178398,5.39,6.912,0.366979401088264,3.16265136794404,0,0,0,1
5043,52.9732747153431,29.11,32.686,0.204095279588604,2.73881542656589,1,0,0,0
5044,67.7563241543632,13.76,26.166,0.0901047246950113,3.51650977289308,0,1,0,0
5045,70.781983787307,3.7,5.47,0.306659289635006,3.09529418760311,0,0,0,1
5046,47.087064331046,31.26,30.876,0.268350197079894,3.11314278318647,0,0,1,0
5047,69.8252795914114,10.2,15.85,0.10158811816189,3.4777690920466,0,1,0,0
5048,71.9748122554309,14.28,21.748,0.27138370648425,4.20475401349421,0,0,0,1
5049,59.4079825767309,37.97,20.247,0.186074769762852,3.40857758134102,1,0,0,0
5050,61.8317721638162,11.11,8.093,0.110532909550183,3.20338844446879,0,1,0,0
5051,36.4910561195291,5.36,8.365,0.183803263637442,2.50197338020866,0,0,0,1
5052,72.7471276982968,8.42,14.094,0.113383716832302,3.83543673722266,0,1,0,0
5053,40.7650393614064,17.41,45.16,0.210375748336615,3.04724237089148,1,0,0,0
5054,63.27503706375,28.37,12.994,0.251416429275468,3.45635525223736,1,0,0,0
5055,55.2811357783604,30.04,4.929,0.147560098987289,3.6611947550759,0,1,0,0
5056,51.4893563715701,25.26,31.275,0.199522635698762,3.3102021740377,0,0,1,0
5057,49.4378725741197,34.87,25.062,0.204802066600565,3.27742091288952,1,0,0,0
5058,65.2818637758664,36.77,18.252,0.185696466706164,4.12798021932137,0,0,1,0
5059,53.3675925237521,22.1,18.264,0.2187085344423,3.41881128054512,0,0,1,0
5060,68.4873031289979,20.61,33.059,0.099350701551628,3.7712654918311,0,1,0,0
5061,63.426423759323,13.98,0.655,0.234948529568781,3.3106102621844,1,0,0,0
5062,61.2575947521848,20.94,7.891,0.162031544645128,3.40934037440526,1,0,0,0
5063,65.5830091138704,24.53,15.105,0.0836805291271826,3.31678885563038,0,1,0,0
5064,49.7767602647845,28.32,36.931,0.253173655615,2.98555297114182,1,0,0,0
5065,58.7918272285067,14.8,7.604,0.267875899581518,3.66524138687979,0,0,0,1
5066,66.7228359539805,10.27,31.613,0.319227664030729,3.50728350964046,0,0,0,1
5067,51.6156359673981,28.96,25.58,0.377586238561975,2.44812317676656,0,0,0,1
5068,58.5253839794924,40.09,11.624,0.183290406941515,2.83316031661312,1,0,0,0
5069,60.7724403976523,33.79,24.779,0.193869058463407,3.07445627004552,1,0,0,0
5070,63.2151263001422,15.89,4.99,0.337254061444062,3.58073517905291,0,0,0,1
5071,47.6709385273604,12.18,4.033,0.346797856778035,2.83854826009566,0,0,0,1
5072,69.0537897135444,32.53,30.15,0.11522341463054,3.97106084080214,0,1,0,0
5073,55.9473406694271,38.38,23.573,0.0665283014368608,2.89521757143103,0,1,0,0
5074,64.4087670662239,8.34,7.438,0.180513948623026,3.95936053153566,1,0,0,0
5075,73.7730323183503,10.74,16.605,0.109114540482714,4.3784103586406,0,1,0,0
5076,61.8282651767981,11.71,1.309,0.274269647545892,3.63989027300935,0,0,0,1
5077,56.206835053087,6.11,7.34,0.317788131053795,3.44735809215107,0,0,0,1
5078,52.8282419137202,8.94,1.985,0.309658836571511,3.39936712588409,0,0,0,1
5079,67.5516098666859,28.11,33.483,0.187187668352341,3.90062408854611,1,0,0,0
5080,65.9312343702363,19.6,2.605,0.129402350411175,3.6349073609314,1,0,0,0
5081,54.4863848321842,4.26,8.077,0.291186083199014,3.42645517272075,0,0,0,1
5082,47.8188693202069,30.07,28.175,0.249412834836953,3.12074914957092,1,0,0,0
5083,60.7969735656461,24.12,12.03,0.109229680662693,3.87017733847904,0,1,0,0
5084,53.0967619794029,32.69,26.313,0.131085220826117,3.35046948117544,1,0,0,0
5085,68.0720631774765,9.42,13.34,0.276508186130433,3.15851223406679,0,0,0,1
5086,67.3743586371584,6.57,2.802,0.277018841642212,3.90194264447929,0,0,0,1
5087,65.2721776239943,33.86,23.728,0.112385196543203,4.15040368350126,0,1,0,0
5088,67.423096066527,10.94,22.264,0.25179229507649,3.31775579004276,0,0,0,1
5089,60.7552766963721,27.95,27.583,0.218895876464981,4.1222186012607,1,0,0,0
5090,57.1153789098383,33.81,33.388,0.172961119550337,3.58490109232166,0,0,1,0
5091,63.4371069908447,11.41,24.622,0.0648381166184558,3.43578069623708,0,1,0,0
5092,67.6604303501888,14.56,16.16,0.155614878723937,3.29614585626552,0,0,1,0
5093,69.9374081535474,10.59,2.079,0.214629705242155,3.17196577511439,1,0,0,0
5094,64.9971387821326,11.11,10.687,0.171611886652705,2.9743830907616,1,0,0,0
5095,61.6447986819084,13.17,19.94,0.293460334444684,3.21416567017902,0,0,0,1
5096,63.0362997570228,7.99,8.868,0.288659006449392,3.40073993301247,0,0,0,1
5097,55.7749591248292,10.57,8.195,0.231725719273167,3.04720422273137,0,0,0,1
5098,64.5531121098513,29.69,40.36,0.133380021256348,3.31226350627744,1,0,0,0
5099,60.2187589509741,20.84,6.122,0.383565962236898,3.37085231558754,0,0,0,1
5100,66.7354118909673,8.45,32.711,0.0799004584707976,3.64485322568324,0,1,0,0
5101,69.209756409906,11.13,23.741,0.302890861296832,3.76216654263528,0,0,0,1
5102,59.416221670107,35.1,22.221,0.186940144631624,2.64146905886533,0,0,1,0
5103,62.8114293243739,33.13,18.214,0.206340128854814,3.34904337925535,0,0,1,0
5104,69.4768145968882,5.06,12.844,0.14148128780845,3.95884049102472,0,1,0,0
5105,47.5155767648375,32.64,26.32,0.255305477609303,2.29306163742352,1,0,0,0
5106,62.5164604347434,31.52,31.525,0.126090978652293,3.69144938755556,0,1,0,0
5107,69.5415464741624,35.75,23.864,0.193185802515057,4.15526521205802,0,0,1,0
5108,62.5353359230885,26.87,11.545,0.159183221115349,3.04476090272422,1,0,0,0
5109,69.0084063384048,5.86,28.269,0.23471801302152,4.03088092308315,0,0,0,1
5110,70.3904664011074,32.53,38.178,0.255289159266078,3.93669188542208,1,0,0,0
5111,46.5727749948378,35.57,17.831,0.221646097584652,2.57098552805562,0,0,0,1
5112,54.5589197267664,18.22,8.109,0.109651039494934,3.77950253245302,0,1,0,0
5113,63.9468640807936,25.07,41.791,0.343071521791209,3.13937789308995,0,0,0,1
5114,55.4603059631321,16.93,2.202,0.303778378496875,3.56423443297638,0,0,0,1
5115,60.5042036931932,14.11,7.809,0.205114583395585,3.53350010074331,1,0,0,0
5116,64.2843120589248,23.38,12.267,0.0794016400791734,3.57206895214569,0,1,0,0
5117,71.0799396738229,12.75,16.137,0.368715344718407,3.85352434641759,0,0,0,1
5118,58.6819348157212,24.23,29.061,0.0995057532596531,3.38946773636434,0,1,0,0
5119,62.15718984724,24.43,2.677,0.226048524273312,3.62298395035573,1,0,0,0
5120,56.9175593633381,10.65,3.828,0.179694905483904,3.02743642094326,1,0,0,0
5121,55.5279039311439,19.84,11.028,0.242140091755134,3.93070731252269,1,0,0,0
5122,63.5392707923779,34.12,23.343,0.119827237947095,4.2836767882454,1,0,0,0
5123,66.3850677030307,22.65,11.156,0.0847322973446256,4.41518913075329,0,1,0,0
5124,60.4793180876099,26.4,11.827,0.23503401854446,3.31494856066206,1,0,0,0
5125,65.665573769797,7.09,33.125,0.112254319218932,4.09552456513173,0,1,0,0
5126,67.4902382434094,39.39,24.842,0.388936751795919,3.12788125245793,0,0,0,1
5127,68.1377547892815,26.03,29.335,0.0542079495183884,3.63883246524549,0,1,0,0
5128,64.6718686494829,20.54,16.76,0.19528773280401,4.03452833579025,1,0,0,0
5129,51.8844486993029,28.24,29.4,0.0640356421185354,3.59724951994196,0,1,0,0
5130,64.2919706220868,12.02,13.891,0.0692019434656244,4.23019358805815,0,1,0,0
5131,52.8623576553524,3.51,5.012,0.157159176945631,3.3297805047676,0,0,1,0
5132,48.895509585171,9.18,9.176,0.315609369923624,2.76809018312372,0,0,0,1
5133,57.1030888833716,17.15,5.809,0.11402442672439,2.59155208896233,0,1,0,0
5134,66.7899399461221,35.26,2.133,0.130871718154838,3.7612569055311,0,1,0,0
5135,73.0828081868026,13.39,27.173,0.0920585768198978,3.53157210607429,0,1,0,0
5136,63.2504264571112,33.15,39.745,0.105086353241561,3.40613183089611,0,1,0,0
5137,65.228054679173,38.26,9.549,0.071886924292613,3.81547992271904,0,1,0,0
5138,50.0493091140309,36.44,27.105,0.0829686505020092,3.36218590943831,0,1,0,0
5139,54.6324489640126,4.7,7.755,0.235184334896378,3.29960716566603,0,0,0,1
5140,60.1651297285076,3.89,9.951,0.243441312375914,3.57866285224835,0,0,0,1
5141,53.5222075558014,3.63,7.501,0.28616438450312,3.358041094893,0,0,0,1
5142,71.2383986518454,12.43,17.59,0.318195630124369,4.24319326658108,0,0,0,1
5143,59.480417852046,26.75,24.796,0.198822744184277,3.55048981540378,1,0,0,0
5144,59.6639415267797,27.13,12.419,0.100810517127267,4.17129314453706,0,1,0,0
5145,70.8484883779884,26.15,15.733,0.107020934695324,3.57782894235301,0,1,0,0
5146,62.1646343011031,15.94,10.547,0.231862621847903,3.3364801441693,1,0,0,0
5147,60.0678522357473,25.55,42.995,0.290319670976758,3.80232342966699,1,0,0,0
5148,58.4610614178348,26.35,12.958,0.271140170761088,3.15348780347751,0,0,1,0
5149,71.8454481918148,7.37,32.933,0.295375689898,3.4813221724942,0,0,0,1
5150,48.9420342984953,38.83,32.393,0.347396481658411,3.06598057958703,0,0,0,1
5151,65.902975961128,10.07,34.356,0.119039294021242,3.55041538525278,0,1,0,0
5152,70.5574867447572,10.24,10.502,0.111849721788136,3.76113085042294,0,1,0,0
5153,63.794207192767,38.88,29.581,0.14624524014402,4.02380441523555,0,0,1,0
5154,63.6825271079007,14.29,13.934,0.194380125070239,3.80632358986686,1,0,0,0
5155,70.1178768624402,18.4,16.921,0.131013656447736,3.13448148588885,0,1,0,0
5156,57.1152055585612,21.47,4.963,0.257099479909876,3.58058526171944,1,0,0,0
5157,60.3950781218394,29.43,23.892,0.136070247163779,3.73614503525654,1,0,0,0
5158,67.3898369505446,12.18,16.4,0.170176834154502,3.78727345385838,0,0,1,0
5159,59.8587889027567,27.49,31.23,0.289773057135588,3.42547448268134,0,0,0,1
5160,55.5517831938823,10.89,24.419,0.219832728252897,4.05646917203973,1,0,0,0
5161,47.2925970919863,16.86,0.548,0.40742079659164,2.79924629342862,0,0,0,1
5162,47.4077671210529,21.13,29.772,0.240633352732827,2.96894029165213,1,0,0,0
5163,63.4782069006718,25.95,21.124,0.210249401827376,3.78400954762779,1,0,0,0
5164,41.5976740171827,34.66,29.112,0.120367915948241,3.1215649790337,0,1,0,0
5165,67.1744511595708,36.88,37.842,0.190625812322959,2.97404865277537,1,0,0,0
5166,57.1863849046796,22.82,16.647,0.245502116993801,3.74406059259947,1,0,0,0
5167,63.7046933537079,35.65,29.407,0.0977403379053237,3.15574663390515,0,1,0,0
5168,61.303862743119,15.9,4.936,0.267213707853269,3.40786851866882,0,0,0,1
5169,65.0311310011971,12.96,15.401,0.214885666642381,3.10405018498631,1,0,0,0
5170,50.5219713299591,23.32,26.241,0.128708500563878,3.39133910708285,0,1,0,0
5171,64.0406033897942,15.38,7.651,0.177166718388357,3.84040423507091,0,0,1,0
5172,62.3401751776145,31.7,28.52,0.184496439149258,3.30291244041853,1,0,0,0
5173,62.201393413438,12.68,3.547,0.20031413590232,3.38487107493156,0,0,1,0
5174,76.003176939391,36.33,13.06,0.311479188815154,3.77578875787471,0,0,0,1
5175,69.8322551273739,33.1,24.342,0.205346234565191,3.65690180642282,1,0,0,0
5176,64.1637969814874,30.21,8.971,0.149573557999574,3.75651809016885,0,0,1,0
5177,64.9834156601895,16.97,18.555,0.18626050477681,4.18664975484089,1,0,0,0
5178,72.0370593213774,20.5,5.18,0.0803166681450762,4.22302948022796,0,1,0,0
5179,62.8691776866101,18.34,31.44,0.084985995428454,3.94115597482466,0,1,0,0
5180,48.8205899789502,11.82,5.638,0.334509888602385,3.08194993866985,0,0,0,1
5181,69.9733952318687,33.55,31.23,0.161699184942225,3.04077331586859,1,0,0,0
5182,61.4337739822186,26.92,1.954,0.214372703921323,3.30138423180141,0,0,1,0
5183,53.9259132366815,16.64,14.161,0.117378764084211,3.26447488036604,0,1,0,0
5184,65.0076552692158,9.77,15.267,0.258146430874934,4.04380080368286,0,0,0,1
5185,48.2833749558436,38.43,25.496,0.207527752312476,2.46366136088179,1,0,0,0
5186,61.6912277373621,26.04,7.321,0.263401889759244,3.38019141182379,1,0,0,0
5187,62.8794800386764,39.33,36.152,0.189452048681146,3.61094779631897,1,0,0,0
5188,64.0627555110848,6.74,16.16,0.281248704334224,3.52406535083701,0,0,0,1
5189,64.5290364868491,19.58,18.338,0.179374181127968,3.33557311005337,0,0,1,0
5190,56.8071377394161,8.79,23.07,0.0944365489505838,3.00318177073582,0,1,0,0
5191,64.9084172753243,28.35,8.914,0.133610525898709,3.45956325535313,0,1,0,0
5192,69.2671876213407,12.47,15.059,0.0946316845968506,3.78553929249598,0,1,0,0
5193,66.5695596822625,20.9,3.117,0.220962533288747,3.39035181751389,1,0,0,0
5194,42.0347632135955,31.44,18.928,0.182964791538494,3.16165651668709,1,0,0,0
5195,64.8033815309219,28.31,27.013,0.0901208161884005,3.99665585337637,0,1,0,0
5196,45.2238686374306,33.6,33.426,0.128045537114131,3.12790771385877,0,1,0,0
5197,71.0303194528507,12.82,11.286,0.198143147597365,3.41371998414359,0,0,1,0
5198,73.7536293128762,10.88,22.213,0.172276925930345,4.42233446177954,0,0,1,0
5199,63.6232531790057,37.86,23.063,0.209256673985768,3.43063943239769,1,0,0,0
5200,69.7209772228199,26.42,1.341,0.220968241705356,4.13511264499052,1,0,0,0
5201,67.5506686600505,9.46,18.07,0.222428584974076,3.08382003444183,0,0,1,0
5202,58.0040187927921,21.4,12.309,0.0916289151414761,2.77251204221915,0,1,0,0
5203,69.9344387676002,15.36,20.234,0.227282941274072,3.31745181626029,0,0,0,1
5204,62.5148178261861,33.49,24.309,0.212911965190084,3.53394774066775,1,0,0,0
5205,66.4841890007892,6.82,9.086,0.39570296458222,3.64409399469893,0,0,0,1
5206,56.4705307072524,13.36,11.877,0.156469085792954,3.5878281777853,1,0,0,0
5207,43.8944846360285,4.15,0.737,0.223247004270442,2.42278451472672,0,0,1,0
5208,56.4803150607296,39.19,12.905,0.292959197970526,2.93286358417986,0,0,0,1
5209,62.1894916844468,20.01,19.459,0.239478155757478,3.66085290892259,1,0,0,0
5210,58.0627968855534,21.59,0.702,0.181711331160366,2.76527215889309,0,0,1,0
5211,49.9207078957479,31.85,24.884,0.198896403041882,3.20844956261036,1,0,0,0
5212,59.7490472825732,27.5,2.118,0.23704137039405,3.15664421985305,0,0,1,0
5213,66.1949751652862,6.29,1.5,0.104208425172279,3.72430629189243,0,1,0,0
5214,67.6536431871081,24.01,22.507,0.194605103416292,3.76027902745531,1,0,0,0
5215,61.2471708462601,10.23,19.361,0.0959586312947994,3.24196850537637,0,1,0,0
5216,44.1769647540598,18.59,27.922,0.257992940137392,2.67970866546038,0,0,0,1
5217,62.8197842050333,22.11,5.314,0.200487365096364,3.95358354960054,0,0,1,0
5218,66.3959858485941,30.68,40.428,0.15635247972701,3.40712940204823,0,0,1,0
5219,65.7115143391796,28.3,20.119,0.226435739439061,3.79853015631068,1,0,0,0
5220,63.2906256698747,27.35,37.137,0.245935336738895,3.70273545597574,0,0,0,1
5221,57.944391053635,25.37,15.08,0.218878451943457,3.58731091063368,1,0,0,0
5222,71.0374408268773,18.31,13.599,0.238334548702261,4.29979810694152,0,0,0,1
5223,54.2345503549513,4.87,2.381,0.270654642758961,2.92038853027588,0,0,0,1
5224,60.4537461707657,31.68,26.414,0.108257179605131,3.03954476259518,0,1,0,0
5225,63.3366175815737,19.94,3.121,0.206125165222926,3.97959758240825,0,0,1,0
5226,54.5511241911328,19.08,12.827,0.151226111406498,3.03491008089157,1,0,0,0
5227,63.2449514409554,21.41,16.964,0.213483745688905,2.72352034593326,1,0,0,0
5228,60.6651753782943,27.03,19.669,0.174193143100598,3.82285030419771,0,0,1,0
5229,58.2055025157362,10.1,6.113,0.0894355545399283,3.17524590160393,0,1,0,0
5230,62.3973964408374,37.04,21.657,0.0886484269801314,3.56464016073193,0,1,0,0
5231,68.1152150273779,12.67,27.913,0.269954041262942,3.70758993515996,0,0,0,1
5232,63.9220394796557,14.23,18.352,0.117393214483044,3.46650104065301,0,1,0,0
5233,55.853676761167,22.3,30.896,0.305328353012935,3.33426561282852,1,0,0,0
5234,62.6507254283175,11.51,3.569,0.0888191308116759,3.87925098690228,0,1,0,0
5235,45.5199642817445,36.16,31.885,0.213793427674764,3.51288426677933,1,0,0,0
5236,69.5445052397467,8.4,33.724,0.0785590345538704,3.47571026865258,0,1,0,0
5237,42.1932594976335,40.98,35.454,0.215792004947908,2.59751561656192,1,0,0,0
5238,62.8309241403963,15.2,16.533,0.212271412399723,3.3821327790221,0,0,1,0
5239,62.5946630754253,26.01,21.735,0.167430968319343,3.17856936721389,1,0,0,0
5240,60.0928292209939,20.43,36.834,0.116341525916938,3.55676833273066,0,1,0,0
5241,50.6336816389756,30.74,31.896,0.259059413089565,3.53195872374722,0,0,0,1
5242,61.280875121101,20.57,9.433,0.142863467568109,3.16512876898358,0,0,1,0
5243,66.7360535386286,25.47,30.606,0.159122266473045,4.16454338511219,1,0,0,0
5244,49.0637126200684,30.55,21.576,0.078685424508268,2.97011519164471,0,1,0,0
5245,49.4468661344846,36.43,32.299,0.116800183631871,3.70268589312898,0,1,0,0
5246,48.2166072338945,7.9,4.163,0.270045701481277,3.34584586726449,0,0,0,1
5247,70.4986750723313,30.94,8.834,0.140121601693963,4.00535963105061,0,0,1,0
5248,64.7903140142949,17.75,9.687,0.195238619586435,3.9410723298925,0,0,1,0
5249,61.1714420721564,15.87,16.627,0.283352550076864,3.3247668609924,0,0,1,0
5250,64.6243343829272,30.24,22.229,0.314713352897213,3.51602488494997,0,0,0,1
5251,65.1319838806931,7.83,24.172,0.105414047718259,3.2967808717385,0,1,0,0
5252,59.8203285028487,36.53,21.392,0.215942078307342,3.24099360740548,1,0,0,0
5253,49.1257528210526,26.1,34.577,0.0931314838273904,3.46993683313138,0,1,0,0
5254,47.8480803738829,36.69,21.714,0.214039809564398,3.37440329033492,1,0,0,0
5255,62.9882630637316,32.43,39.359,0.238599137075618,4.44680124820474,1,0,0,0
5256,64.1995593730413,29.82,21.329,0.102446436961311,4.40206789987325,0,1,0,0
5257,58.9623459573026,28.12,19.621,0.117724390846028,3.76229737401943,0,1,0,0
5258,71.4514365927995,11.29,31.434,0.291959086751798,3.73354099469288,0,0,0,1
5259,60.0774129286658,28.04,34.209,0.176636980487933,3.28047714720475,1,0,0,0
5260,65.5846764002949,19.13,0.842,0.206665640090475,4.05835317321059,0,0,1,0
5261,55.2831413854287,7.13,8.96,0.262582028971364,3.65027764522887,0,0,0,1
5262,36.7965924726242,6.48,6.947,0.189803092814385,2.69354894910133,0,0,1,0
5263,57.3347921861259,14.78,4.752,0.254221834483513,3.78574239918604,0,0,1,0
5264,60.4578495889824,16.02,16.473,0.102888536662602,3.10723105607189,0,1,0,0
5265,51.2179211455214,25.71,27.475,0.193463313225131,3.31895874846747,1,0,0,0
5266,73.9904569287665,5.83,14.637,0.156337251143849,4.04513867818144,0,0,1,0
5267,62.6209690023356,12.61,12.703,0.111110409097224,3.6104216031124,0,1,0,0
5268,66.1113803496493,14.96,9.485,0.178042554666451,3.40499983038786,0,0,1,0
5269,59.2988473635529,11.0,14.772,0.354485851488281,2.86541710403966,0,0,0,1
5270,60.3274329537801,32.28,38.562,0.201363084601764,3.44485642985908,1,0,0,0
5271,67.3608950194991,33.75,25.093,0.114765089005561,3.8366449895493,0,1,0,0
5272,60.7639272322341,33.74,20.126,0.229968296614972,3.78394386220642,1,0,0,0
5273,71.0609915578818,10.92,17.03,0.2064308469936,3.49077441151122,0,0,1,0
5274,60.8039778289769,28.28,22.125,0.0975950314101435,3.88077139389097,0,1,0,0
5275,70.2879030413649,11.38,9.02,0.24755445117854,3.21779191504241,0,0,1,0
5276,55.5704128552816,35.27,2.918,0.0975142629505973,3.66816897409682,0,1,0,0
5277,65.7722144698971,14.02,8.818,0.195083233953485,3.05414125048373,0,0,1,0
5278,51.9194300147997,14.77,5.711,0.26347745204522,3.12324372579808,0,0,1,0
5279,48.0021975809587,29.12,29.881,0.232465694319572,3.33872612502789,1,0,0,0
5280,59.610512156789,10.18,3.403,0.1735638704317,3.21879696405968,0,0,0,1
5281,49.7233603255966,26.19,38.286,0.353862122990883,3.1794545348193,0,0,0,1
5282,70.1945100922548,12.75,12.457,0.235351640111766,3.68665570561972,0,0,1,0
5283,70.4651515814646,9.85,23.387,0.161839780492574,4.06595514781743,1,0,0,0
5284,47.573825829849,36.14,28.805,0.19348011345359,2.68312739120099,1,0,0,0
5285,50.0415488560946,24.56,39.642,0.0982720048168795,3.22533174831193,0,1,0,0
5286,63.1754779370222,23.46,4.076,0.145775186192891,3.36713558269593,0,0,1,0
5287,58.0134298508684,3.34,9.966,0.306029554436113,3.07509453990028,0,0,0,1
5288,81.3223241392881,10.73,6.264,0.115630479404736,3.4778705250797,0,1,0,0
5289,60.478387609348,12.93,17.348,0.105584456768954,3.44361659290301,0,1,0,0
5290,61.5163563035306,25.94,41.852,0.09210909793821,3.64899266942793,0,1,0,0
5291,66.1811855882686,13.47,3.751,0.236704594708875,3.41796120468088,0,0,0,1
5292,53.905132469429,22.46,15.475,0.13335181218382,3.55541644603008,0,0,1,0
5293,60.9607704788538,17.64,14.186,0.239906679264393,3.86878451698834,0,0,1,0
5294,47.5293449695606,27.19,36.888,0.197671930739344,3.38727869753011,1,0,0,0
5295,68.0857484176271,20.46,5.336,0.246914284267545,3.85617761162824,1,0,0,0
5296,57.9555809503044,27.34,21.213,0.230852699976094,3.55110332977233,1,0,0,0
5297,59.260595841916,24.57,30.837,0.0879340081748988,4.24353708674518,0,1,0,0
5298,66.8055090552068,15.12,18.631,0.0934256175307545,3.96610774868645,0,1,0,0
5299,61.1056112232887,22.08,13.336,0.14510268729629,3.4363610378323,1,0,0,0
5300,66.2145365585804,17.8,7.836,0.111528570931446,4.11815294191139,0,1,0,0
5301,52.6944458459221,26.71,33.273,0.19920813535884,3.48463589982799,1,0,0,0
5302,71.9437136566286,10.28,9.667,0.305984930566764,4.37686182564198,0,0,0,1
5303,64.4998144514189,8.45,23.876,0.122300721860818,3.87036693120353,0,1,0,0
5304,53.5674664841955,3.6,9.607,0.268593677728171,2.53303047737725,0,0,0,1
5305,67.0744496989045,19.48,19.281,0.079519332602231,4.13701275801058,0,1,0,0
5306,47.0265313792821,27.54,35.467,0.165346272881074,2.79580010927938,1,0,0,0
5307,62.2524639467585,26.47,11.94,0.0495693122185434,3.62290774299897,0,1,0,0
5308,59.4762771906368,37.49,8.518,0.18528560792156,3.2161986710446,0,0,0,1
5309,57.9233061788051,39.85,36.929,0.123700555078822,3.07873445635946,1,0,0,0
5310,68.0560556599882,38.39,31.92,0.203935913327583,3.07365045340276,1,0,0,0
5311,53.3781809220787,6.24,8.101,0.21520427938847,3.07366530414376,1,0,0,0
5312,68.3834954302551,18.01,19.444,0.237655998097982,3.6030737835729,1,0,0,0
5313,50.3280432375032,30.3,28.659,0.155830847179934,3.2569584032349,0,0,0,1
5314,64.4031113695484,10.24,26.004,0.116019958479742,4.29916990901182,0,1,0,0
5315,65.4952799258339,20.99,32.743,0.130775796728407,3.5502264145463,1,0,0,0
5316,47.1894783779012,30.1,33.193,0.105346681967766,3.21504572043138,0,1,0,0
5317,68.175566778048,8.94,9.007,0.0941159867223698,3.97150619857631,0,1,0,0
5318,61.321291244579,25.79,33.303,0.204584042615276,3.95247073072147,1,0,0,0
5319,60.2033302713532,23.84,8.821,0.170200049596743,3.122144038482,0,0,1,0
5320,64.127788231895,25.13,19.958,0.0629849252395501,3.00858780941661,0,1,0,0
5321,62.019249392146,26.07,40.648,0.197243981973639,3.62918727965994,1,0,0,0
5322,55.7765107135583,5.17,7.425,0.204995821023609,2.98073678013629,0,0,0,1
5323,57.546965989041,37.91,24.276,0.0645705779323245,3.39943965130137,0,1,0,0
5324,40.4257208620375,27.89,34.011,0.23192068750652,2.67411990503153,1,0,0,0
5325,44.780669527642,37.42,26.564,0.0751323951770866,3.39502009519257,0,1,0,0
5326,71.5585545861669,8.08,15.283,0.112943664668973,3.65263368137118,0,1,0,0
5327,73.1784697010005,7.21,19.517,0.35128968557073,3.70021680267733,0,0,0,1
5328,64.2566874538884,18.28,10.571,0.252278229164657,3.63046618364942,0,0,1,0
5329,44.7208319702364,5.56,6.973,0.320363531195177,2.78382080310993,0,0,0,1
5330,63.1559935512535,31.45,12.529,0.201083710939269,3.31351069255602,0,0,1,0
5331,67.3458964536168,35.34,16.784,0.0987709312986859,3.38467386113089,0,1,0,0
5332,40.601120179278,5.04,7.63,0.439192160850731,2.45105499463906,0,0,0,1
5333,49.9925196463188,26.71,19.398,0.307652084923118,3.33257376448313,0,0,0,1
5334,69.1194206412622,19.98,14.16,0.0871446100608996,4.24010606185048,0,1,0,0
5335,46.6641435303628,32.69,33.411,0.19597598684048,2.86149851572349,1,0,0,0
5336,58.0128788334563,39.7,10.669,0.107165384662207,3.50078655833082,0,1,0,0
5337,64.3057480694093,24.77,24.607,0.246696445892085,3.68259380291331,1,0,0,0
5338,48.9721003007519,31.6,23.604,0.106479941898319,3.12648133419904,0,1,0,0
5339,63.6206982216829,13.47,27.429,0.324379912277897,2.73937941695262,0,0,0,1
5340,48.2799395090163,24.4,22.254,0.101832044358203,3.20126767939939,0,1,0,0
5341,59.8979185958272,26.7,32.665,0.106325053544456,3.37563682068691,0,1,0,0
5342,62.3874422583598,28.25,30.567,0.196034633787212,3.09188764691383,1,0,0,0
5343,66.9292168579871,32.06,17.904,0.102522341555916,3.0334400169779,0,1,0,0
5344,62.6411364620197,34.03,45.649,0.206658418345743,3.92707304908454,0,0,1,0
5345,52.0158526081564,6.16,6.869,0.0863746443782469,3.11629492921853,0,1,0,0
5346,68.4788724676168,10.3,30.891,0.103224364355367,3.70061952997648,0,1,0,0
5347,63.2815675278507,36.44,40.224,0.0755317499096593,3.47465457132698,0,1,0,0
5348,55.1075925102223,3.22,2.547,0.364926732926623,3.69748836841342,0,0,0,1
5349,59.8949331462043,34.48,18.601,0.171475946764992,3.8264102103694,1,0,0,0
5350,58.2755655807102,10.83,19.952,0.0765046377608127,3.82973476003747,0,1,0,0
5351,63.9654165246214,14.31,18.577,0.149713552114577,3.29382400787224,1,0,0,0
5352,62.4166295066982,25.34,38.182,0.208143574651986,4.11965813740174,1,0,0,0
5353,49.7246242446641,9.56,1.153,0.380342283347742,2.82724372724188,0,0,0,1
5354,63.11435462337,25.24,13.279,0.205080636307672,3.27117894137925,1,0,0,0
5355,69.1546427434666,9.12,23.926,0.441207083518971,3.45306239267044,0,0,0,1
5356,63.1281975285865,27.98,45.235,0.176130833444455,3.91124002667693,1,0,0,0
5357,67.8032018580823,23.46,32.482,0.100016487102821,3.12872839358087,0,1,0,0
5358,56.4202240007435,4.11,7.413,0.362307501066375,3.32445847658781,0,0,0,1
5359,74.7347072101839,9.1,23.594,0.133293370348537,3.89361774317735,0,1,0,0
5360,48.2927748445559,27.7,25.559,0.208090507573963,3.21244059725751,1,0,0,0
5361,46.1390447142807,26.03,32.796,0.200333159356668,3.2983854231868,1,0,0,0
5362,63.4484896120273,15.83,12.595,0.188470298859881,3.57909284905593,0,0,1,0
5363,64.6655688849812,30.41,35.193,0.260980128034691,3.7079710523443,0,0,1,0
5364,57.7272245667643,27.35,15.992,0.277261066341482,3.47901855830131,0,0,0,1
5365,67.8388126129668,28.79,43.799,0.226208666475459,3.49794724007977,0,0,1,0
5366,63.7082501858469,32.81,32.956,0.0711274704201433,3.41481518835603,0,1,0,0
5367,50.031922993439,31.33,40.754,0.091391252295881,3.0192508361759,0,1,0,0
5368,65.6512469109492,36.96,31.068,0.23641830139982,3.79446602887327,1,0,0,0
5369,57.6601121663265,38.79,20.062,0.285751685823297,3.32938757930254,0,0,0,1
5370,64.2120828313569,16.56,0.254,0.127802884675032,3.27104209184772,0,1,0,0
5371,61.9248402871513,25.2,14.596,0.164465862835822,3.36162924716268,0,0,0,1
5372,69.0723644240373,16.56,14.586,0.263989465027548,3.25816925018976,1,0,0,0
5373,66.9943696726615,27.43,29.653,0.234745483639159,4.03514102844333,1,0,0,0
5374,47.0324483841672,29.83,23.904,0.0964308273562489,2.99341518130925,0,1,0,0
5375,67.845781697933,27.57,32.117,0.255696390790811,3.6449529029354,0,0,0,1
5376,62.2655576913785,31.64,25.264,0.204077359666676,3.45348959724304,1,0,0,0
5377,61.2057010435828,29.76,17.985,0.194501560329049,3.10027939732295,0,0,1,0
5378,54.1098479905375,18.84,0.975,0.400532398965421,3.28645064031192,0,0,0,1
5379,68.1510287191814,23.24,14.911,0.108805276530076,3.41783161927633,0,1,0,0
5380,62.4478598619534,22.96,18.446,0.157270368520653,3.84968481590707,0,0,1,0
5381,42.4386575161068,28.14,37.373,0.111542652936648,2.88186626252835,0,1,0,0
5382,64.1340324136267,28.08,18.505,0.142089918441559,3.58912550867752,1,0,0,0
5383,68.823413610057,23.65,12.31,0.199719594106694,3.44817811220357,1,0,0,0
5384,61.9675232787424,28.4,27.925,0.35821775699125,3.18156026915627,0,0,0,1
5385,44.7734310993453,24.74,26.681,0.307436492809888,3.35799706607142,0,0,0,1
5386,62.8180694465339,8.49,32.126,0.107245913538001,3.28679706994856,0,1,0,0
5387,68.8594109586103,7.22,9.722,0.161155216830044,3.43137056993864,0,0,1,0
5388,45.0188298737038,31.51,25.283,0.137911098937287,3.242939315503,0,1,0,0
5389,38.0184665486407,37.34,40.832,0.0850816712207256,2.92002034496478,0,1,0,0
5390,66.8849270761627,16.82,1.213,0.229115648993481,3.66389908634874,0,0,1,0
5391,72.5878991711053,12.39,14.509,0.158450926005273,3.63067460782202,0,1,0,0
5392,70.2332630708151,9.76,13.003,0.185042920628921,4.03810426594915,0,0,1,0
5393,31.9833169040842,6.38,7.06,0.150944582079359,2.50061569391519,1,0,0,0
5394,62.5785001975715,14.17,14.073,0.0954445832319825,4.35935492183818,0,1,0,0
5395,41.4380100984136,7.85,1.334,0.311885383785498,2.47901442672939,0,0,0,1
5396,68.3452238251405,5.41,32.337,0.420184465841089,3.50987338125757,0,0,0,1
5397,64.297063388848,18.85,21.916,0.171705817919407,3.72338570641849,1,0,0,0
5398,65.1431566508177,12.58,7.74,0.386464451519696,2.46942100103967,0,0,0,1
5399,44.1211494612263,11.54,5.137,0.339916446188391,2.7582093218933,0,0,0,1
5400,73.4289256210117,41.76,27.137,0.109287069231569,3.52810408359045,0,1,0,0
5401,60.5744177066663,7.58,6.39,0.321502171434693,3.08119697938142,0,0,0,1
5402,54.0516973560695,3.7,0.848,0.252113207582735,3.29278838131703,0,0,0,1
5403,49.8385679023274,26.43,37.742,0.120691706758675,2.83214540186268,0,1,0,0
5404,58.3358631410354,24.75,46.84,0.239323807146669,3.51448630943317,0,0,0,1
5405,56.890112834603,14.2,6.716,0.0873337022868734,3.49009752529802,0,1,0,0
5406,57.4617918543006,32.91,35.816,0.169662747474058,3.01831750389845,0,0,1,0
5407,64.6526674042084,12.42,3.873,0.220138687532461,3.25037586132086,1,0,0,0
5408,56.3027170871477,15.37,10.834,0.192364287827432,3.30248931394055,1,0,0,0
5409,57.3424783889453,24.94,22.134,0.244717819094348,3.59689377498085,1,0,0,0
5410,52.9391851577294,28.12,39.297,0.0838417785343148,3.14775646831344,0,1,0,0
5411,67.6989403727889,33.84,19.937,0.0839081365388798,3.34658955079677,0,1,0,0
5412,66.9421007459445,30.77,37.819,0.219205126686839,3.67293525896881,1,0,0,0
5413,65.1998426659084,32.8,30.398,0.198597627026414,3.4469349291533,0,0,1,0
5414,62.2139710141867,29.48,36.849,0.227730806550212,3.43723433689932,0,0,0,1
5415,63.9593406757633,10.15,18.074,0.325047457657581,3.54177469508369,0,0,0,1
5416,45.529612663658,31.22,35.491,0.343498421189823,2.53652935011198,0,0,0,1
5417,61.032427235798,38.41,27.394,0.109718966646158,3.59486616354869,0,1,0,0
5418,47.0486398263477,32.75,46.657,0.09483162210633,3.28897328393536,0,1,0,0
5419,68.216973298436,18.29,5.329,0.204237956430475,3.68058694426457,0,0,1,0
5420,64.1695247885481,21.27,7.363,0.186231364516504,3.97441372412534,0,0,1,0
5421,68.7407356557046,6.69,8.08,0.0919571045752512,3.9621016616557,0,1,0,0
5422,65.527255975185,12.4,14.917,0.080495613442689,3.96799585109451,0,1,0,0
5423,71.5437798665174,38.63,11.318,0.0637657552216521,3.6346597134615,0,1,0,0
5424,64.8811949604937,15.31,12.065,0.103230831748563,3.72466453455934,0,1,0,0
5425,57.8985577325894,29.64,34.811,0.0991464291242275,3.48641692157329,0,1,0,0
5426,44.775019409652,35.2,23.265,0.305995422284434,2.61670308638369,0,0,0,1
5427,63.9722731285203,34.3,20.673,0.0832755594085413,3.62967563607227,0,1,0,0
5428,58.7010436108667,27.8,14.207,0.112328758998611,3.73879621549567,0,1,0,0
5429,59.2329656041774,24.12,38.66,0.355656810434419,3.67236263877042,0,0,0,1
5430,42.6050544941057,27.61,32.973,0.234398143601882,3.00501704029936,1,0,0,0
5431,60.8568580603275,25.79,37.199,0.22313849749537,3.58959717530856,1,0,0,0
5432,67.8863789027963,28.32,17.475,0.216142714611917,3.08172063404133,1,0,0,0
5433,69.0758272122818,32.74,20.923,0.214269306917197,3.94748164797984,1,0,0,0
5434,67.0376821075771,32.14,7.034,0.40966502140103,3.80841815487858,0,0,0,1
5435,60.664564445507,11.05,11.756,0.223293955944325,3.30140323327172,0,0,1,0
5436,43.6523897155014,34.01,30.229,0.116642326621968,2.59416285426155,0,1,0,0
5437,59.1818582775716,9.52,6.243,0.315019935979017,4.21132419417213,0,0,0,1
5438,62.5565796701068,31.43,31.649,0.266711355362121,3.08365397370273,0,0,0,1
5439,67.436332145444,36.6,37.58,0.114378442001321,3.33688173221828,0,1,0,0
5440,67.2370294164857,25.31,39.727,0.0906151269494762,3.7443955513846,0,1,0,0
5441,57.0718463894779,21.88,19.325,0.196235789359252,2.96005277322983,0,0,1,0
5442,51.7461924123712,5.68,1.356,0.316424814199199,2.93566746421623,0,0,0,1
5443,69.0946797797886,36.27,36.988,0.208429973747703,3.58630620626968,1,0,0,0
5444,60.2702741035593,33.11,33.745,0.096956787745301,4.36683383233833,0,1,0,0
5445,66.7056148222484,36.5,7.524,0.332257631325159,2.9423271743723,0,0,0,1
5446,53.1118794858961,3.25,3.113,0.317353743806173,3.0587228540905,0,0,0,1
5447,61.2840305853637,8.04,2.871,0.231553025046788,3.85285234865224,0,0,0,1
5448,55.3462406723975,4.02,6.1,0.284986176632823,3.06306856879902,0,0,0,1
5449,69.1739940287837,6.43,33.468,0.133196543460056,3.16039221009586,0,0,1,0
5450,63.3943394838689,31.14,14.889,0.231587907787544,3.52897539322559,1,0,0,0
5451,74.3352713877961,23.87,14.756,0.109445478609533,3.853408942853,0,1,0,0
5452,49.293291165005,28.72,24.143,0.112753212659306,2.87402038729207,1,0,0,0
5453,63.0569713628605,17.86,19.429,0.19725081003894,3.36549216774486,1,0,0,0
5454,65.2148543921199,29.2,37.143,0.0886846438600637,3.69716204021441,0,1,0,0
5455,65.4083711579257,9.36,3.009,0.310189462303688,3.57572092020957,0,0,0,1
5456,64.7181214437499,19.49,8.572,0.177892254894919,3.39875382308558,0,0,1,0
5457,61.5659284298122,37.83,24.438,0.125781335176534,3.43930564547098,1,0,0,0
5458,51.2114402922792,6.82,9.49,0.218634593790651,2.6084142100842,0,0,0,1
5459,70.2378349673318,8.16,8.18,0.115068628303503,2.72586366609291,0,0,1,0
5460,63.0432402414803,18.69,15.658,0.364798351640458,4.20838200244875,0,0,0,1
5461,59.4397046812498,15.49,2.443,0.188780861402689,3.76237662983477,1,0,0,0
5462,46.9965442304218,3.42,3.943,0.0973576351406172,3.34565920209201,0,1,0,0
5463,64.0520731217528,20.32,5.524,0.103115410017618,3.90625721356365,0,1,0,0
5464,63.0028847314419,20.68,2.672,0.130194219633694,2.58353304882346,0,1,0,0
5465,51.3670951309059,7.22,9.764,0.261582150586961,2.91348372447209,0,0,0,1
5466,47.1765008443027,35.04,38.342,0.183085358792977,2.17830105789993,1,0,0,0
5467,58.8227439079295,29.05,25.635,0.247145201329,3.56605042514624,1,0,0,0
5468,59.3543968578557,23.57,34.396,0.167677889439841,3.68705117063636,1,0,0,0
5469,45.445507269254,3.43,4.265,0.376106472446549,2.89377018462244,0,0,0,1
5470,46.3767861071008,35.11,33.386,0.165937854429144,3.51018692507836,1,0,0,0
5471,58.8635407875237,9.47,5.062,0.224015312169825,3.55986864379769,0,0,0,1
5472,55.1470063656924,13.79,6.424,0.218431271971695,3.09093730240297,0,0,0,1
5473,71.0087809796832,21.32,18.85,0.222983447107129,3.47660793420045,0,0,1,0
5474,68.8690156072511,14.78,34.182,0.156764884169317,3.60023574736565,0,0,1,0
5475,57.2608940373191,15.26,10.336,0.104813762633624,3.62128347338112,0,1,0,0
5476,48.0091778331988,29.4,38.571,0.161071073523078,3.98411122520202,1,0,0,0
5477,46.3336486462124,21.11,7.322,0.214123763229044,2.90257603794031,0,0,0,1
5478,59.9984095690228,28.85,30.011,0.173734689287893,3.75108653787511,1,0,0,0
5479,51.1879415457305,23.3,29.924,0.180494554648459,3.48405469942652,1,0,0,0
5480,55.2290046728994,24.09,28.58,0.182613672645731,3.37837314838833,0,0,1,0
5481,67.1652431501899,7.49,20.125,0.230294064990447,2.63470230758961,0,0,0,1
5482,58.0170071875581,33.49,39.96,0.226700747885587,3.46881520151686,1,0,0,0
5483,63.5739294243358,24.28,32.018,0.0856846852027226,3.34277845074513,0,1,0,0
5484,54.9582312785071,9.69,3.939,0.317484972075876,3.28940288636544,0,0,0,1
5485,55.926796997156,8.5,4.623,0.0832332792294429,4.15779479572036,0,1,0,0
5486,71.8424562008294,17.83,2.895,0.123788850677102,3.89012133220554,0,1,0,0
5487,58.7206098490187,23.54,15.455,0.18229374815352,3.71974104555416,1,0,0,0
5488,56.7724752650824,23.17,3.25,0.242438837074271,3.37579637800782,0,0,1,0
5489,60.5992900917085,26.81,15.934,0.104575119853466,3.53472353762335,0,1,0,0
5490,68.2645639911794,7.7,20.119,0.37117991631723,3.15717320261389,0,0,0,1
5491,56.9121790924742,8.33,9.273,0.313005201846861,3.59004080713668,0,0,0,1
5492,68.5600528426552,29.11,31.162,0.108705977669064,4.13803916612014,0,1,0,0
5493,48.2429577280081,23.45,32.52,0.149547595943147,2.781980336493,1,0,0,0
5494,62.4563537066202,7.43,23.458,0.261448347512985,3.12862116449928,0,0,1,0
5495,58.3918420990726,16.12,9.048,0.0986518833326499,3.48668892062213,0,1,0,0
5496,61.4348877529582,31.03,27.207,0.303316110960642,2.50457052056139,0,0,0,1
5497,67.9154914471021,20.84,12.117,0.122841915227267,3.72696961535868,0,1,0,0
5498,70.6643429606912,30.01,16.178,0.144591156813625,3.76497929713297,1,0,0,0
5499,62.6212315632993,37.55,31.058,0.179334653090063,3.75456744400008,1,0,0,0
5500,59.2291590840189,36.15,24.603,0.206475498852245,3.40981310751402,1,0,0,0
5501,68.5954732135068,19.41,16.685,0.32153173158552,3.78977285649091,0,0,0,1
5502,56.5784654903021,8.91,0.614,0.286259620682419,4.1047968485871,0,0,0,1
5503,62.9852370606825,24.7,3.44,0.201292427492007,3.73745734465853,1,0,0,0
5504,45.0302041770717,13.3,2.065,0.283724183028763,2.3940897184632,0,0,0,1
5505,66.1181794876854,10.8,14.861,0.0971381139341151,3.15709241759184,0,1,0,0
5506,62.6879416246082,34.27,23.254,0.155134496073255,3.10606645294053,1,0,0,0
5507,61.0750746425404,28.02,11.999,0.130049739908295,3.42071522235277,0,1,0,0
5508,52.9286426791363,27.34,30.049,0.183388149125917,3.41342541970833,1,0,0,0
5509,55.1440514683049,25.69,4.333,0.142621470719314,2.76311247243463,1,0,0,0
5510,58.0396174808418,27.72,7.097,0.180915650211489,3.87691507554818,1,0,0,0
5511,58.7466667282772,29.87,26.458,0.104639808817512,4.2827332817416,0,1,0,0
5512,69.1918638600925,11.5,26.33,0.100271787150501,3.8549836196249,0,1,0,0
5513,64.1009316796308,5.23,25.938,0.202875578045811,3.31120746069325,0,0,1,0
5514,65.3799476960361,28.81,20.404,0.258180953304235,3.94254543257451,0,0,1,0
5515,58.7773076863708,27.46,6.945,0.257356711062655,3.47696089106742,0,0,1,0
5516,61.4548064529781,17.27,19.936,0.180922753255256,3.77850136649728,0,0,1,0
5517,61.3365184666313,20.73,0.66,0.330871912774365,3.22962252701673,0,0,0,1
5518,67.5082535784685,12.85,17.151,0.258443287952711,2.79206255099846,1,0,0,0
5519,59.0251219224029,23.49,6.976,0.165427146226198,3.08507352560711,1,0,0,0
5520,58.8636503915814,31.59,34.378,0.167889710741671,3.29346953927239,1,0,0,0
5521,62.6772501447359,19.05,9.001,0.212056184593414,4.14574691562824,1,0,0,0
5522,47.6822386046857,31.57,52.559,0.200130100414232,3.27428799003866,1,0,0,0
5523,65.8302915251021,25.4,47.256,0.220031515182874,3.89766205474103,1,0,0,0
5524,71.0997994188738,5.97,19.055,0.234986316984153,3.74058208424061,0,0,1,0
5525,66.4841081282874,6.87,12.892,0.318885863891957,3.32148093668579,0,0,0,1
5526,62.268626876029,25.41,11.357,0.343777974922075,3.34560985106897,0,0,0,1
5527,65.1761091150218,13.58,2.111,0.203344446601551,3.34761348993447,0,0,1,0
5528,60.8863548549519,31.75,33.292,0.226111473537896,3.36001742162173,1,0,0,0
5529,59.9835133749871,14.99,8.127,0.221141771146,2.9856056702516,1,0,0,0
5530,65.365317846295,11.44,30.445,0.0706566198251107,3.37335486068649,0,1,0,0
5531,61.6703162835867,22.61,36.17,0.277588989494839,3.18930561546639,0,0,0,1
5532,66.2194752274778,23.02,8.82,0.198801234745269,3.63278234888923,0,0,0,1
5533,63.330889780016,13.79,8.602,0.184332040908525,3.87071317668006,0,0,1,0
5534,61.1164391864568,21.35,7.512,0.295619495382734,3.23157934364046,0,0,0,1
5535,58.7460779078179,19.2,4.75,0.286308781166252,3.19304660247481,0,0,0,1
5536,63.1879517095182,30.33,24.478,0.103230505268158,3.50766830892652,0,1,0,0
5537,49.843670680385,26.34,18.533,0.206886477333244,3.69417656895238,1,0,0,0
5538,58.3350259601752,20.19,13.34,0.101213586783016,3.59248510047133,0,0,1,0
5539,68.2669458553242,12.7,21.34,0.238330786785265,3.77977449337389,0,0,0,1
5540,55.3391606426217,4.44,4.888,0.302334771016915,3.36764669502871,0,0,0,1
5541,56.9793167598903,5.37,4.561,0.319540486267858,3.64817246756547,0,0,0,1
5542,63.8648139028456,6.37,22.7,0.136972191706247,3.62569300701579,0,0,1,0
5543,59.8232313805132,33.39,16.018,0.408375864001007,3.75488599375804,0,0,0,1
5544,58.7764604174078,32.11,25.936,0.0933895487703952,3.42028494694485,0,1,0,0
5545,59.2493631494664,14.47,10.878,0.204893537285905,3.55130932096595,1,0,0,0
5546,62.7893541203537,19.53,2.807,0.219106639281414,3.41324999140426,1,0,0,0
5547,65.4110746179626,10.81,13.357,0.24808400095639,3.99329390994369,0,0,0,1
5548,63.7754318365178,35.94,28.383,0.238087349347669,4.18215711014598,1,0,0,0
5549,48.1016283183784,12.07,8.92,0.331198760611064,3.4256367012647,0,0,0,1
5550,62.7972978363722,39.29,30.892,0.188387159853222,3.64907053736865,1,0,0,0
5551,65.0209230751092,25.78,34.145,0.200409964485547,3.38863449397523,1,0,0,0
5552,58.6463742767894,3.67,0.276,0.178510069317011,3.60890207126827,1,0,0,0
5553,56.7811828185316,22.54,10.682,0.211910835153436,2.75436854531319,1,0,0,0
5554,59.4272393737813,25.81,42.272,0.164799097265474,3.36472641650278,1,0,0,0
5555,61.857488020891,27.47,31.468,0.110046889241299,2.61564614236974,0,1,0,0
5556,65.78169898766,15.35,16.726,0.0820843316775917,3.38742328052044,0,1,0,0
5557,49.3665090503415,5.49,0.774,0.155497748832323,3.04773676736749,1,0,0,0
5558,61.3523722929242,13.33,24.894,0.219010515147698,3.65927157274343,0,0,1,0
5559,68.7257621665074,34.78,36.538,0.185430648377738,3.46805561490543,0,0,1,0
5560,57.9518584216325,32.12,19.632,0.159402003441587,3.00297507713767,1,0,0,0
5561,51.6222989202296,28.29,35.719,0.0825695919271135,2.5317433128206,0,1,0,0
5562,43.80087359031,29.1,29.36,0.260073039208379,2.94001710991064,0,0,0,1
5563,66.5733370859557,8.11,28.335,0.096402945850358,3.78994548086966,0,1,0,0
5564,66.5731758047263,7.28,25.127,0.0795417353219631,3.05164202280405,0,1,0,0
5565,56.2647454109686,22.4,41.115,0.175279944866093,3.47729830990732,1,0,0,0
5566,67.9666532362237,13.01,16.712,0.32242377619234,3.74717814188209,0,0,0,1
5567,52.140360840725,28.98,19.033,0.20804769896914,2.62201899976979,1,0,0,0
5568,51.3970669621373,26.22,20.19,0.0871119312281791,2.92869718887866,0,1,0,0
5569,70.954056122903,6.22,22.994,0.239019085592179,3.69002428823753,1,0,0,0
5570,63.4769166008963,34.8,23.259,0.218640177226585,3.30414579444018,0,0,0,1
5571,61.6048859514874,19.86,0.746,0.227377852606949,3.89566591236139,0,0,0,1
5572,66.413611356835,6.24,3.802,0.257897805507675,3.88344661140757,0,0,0,1
5573,66.3192333027925,14.95,1.357,0.225562262120798,4.50635805606548,1,0,0,0
5574,64.0225607342825,8.97,18.042,0.0874796841034419,3.46843471079487,0,1,0,0
5575,70.4877436499965,28.35,35.872,0.186952005743565,3.56376420921216,1,0,0,0
5576,65.8157656338225,30.93,23.991,0.254804483714097,3.57925460524397,1,0,0,0
5577,46.29340885445,31.86,23.316,0.283161723461505,3.17147411142372,0,0,1,0
5578,49.7534885867623,33.35,34.601,0.0872319753471777,3.2593826433167,0,1,0,0
5579,63.702502738014,29.21,19.876,0.169725041506651,3.76272037342436,1,0,0,0
5580,66.8127442036297,6.48,22.294,0.27669437600487,4.50093088644484,0,0,0,1
5581,61.0874234250759,23.43,12.668,0.273398401989812,3.09555729916887,0,0,1,0
5582,64.493784296195,27.14,32.788,0.214868373497688,3.84861910550846,1,0,0,0
5583,54.7284486229405,5.03,6.914,0.0980664036489565,2.95842030091097,0,1,0,0
5584,61.4599401801517,6.24,15.743,0.0787298101572382,3.37492438400059,0,1,0,0
5585,45.9700328856046,20.03,5.66,0.258890347142495,3.11923002164321,0,0,0,1
5586,60.3688801350608,9.41,5.301,0.0709576148804442,2.97934511831032,1,0,0,0
5587,54.9530218872519,30.52,31.56,0.295385959009417,2.91884124984714,0,0,1,0
5588,54.3051374687664,5.11,1.54,0.321989230934819,3.60553806415963,0,0,0,1
5589,57.9496050134525,18.18,1.171,0.171691051985847,3.48952956727325,0,0,1,0
5590,59.8422879050591,20.34,16.545,0.24377509179729,3.80381619455349,1,0,0,0
5591,69.7365831311603,16.6,18.262,0.258900645604309,3.88905758313614,1,0,0,0
5592,58.9791189154888,39.24,19.72,0.200182093342517,3.70657017345063,1,0,0,0
5593,53.6960012002523,31.62,47.567,0.195509732039384,3.86289931018001,1,0,0,0
5594,52.1367498987361,5.84,4.429,0.333065996102464,3.29915598215967,0,0,0,1
5595,62.7708302305883,14.07,23.432,0.250012713731014,3.34495504740526,0,0,1,0
5596,65.1778406396308,38.44,22.866,0.187241457999247,3.72578456789324,0,0,1,0
5597,70.7739231577259,13.65,11.681,0.179017459856334,3.58544866926809,1,0,0,0
5598,42.7178832066462,3.6,7.83,0.144102009833426,3.2307681233075,0,1,0,0
5599,63.1154068420975,30.09,36.865,0.116831728231777,3.63449230794586,0,1,0,0
5600,47.2869604933048,26.21,22.106,0.258832245824099,3.15003948981882,1,0,0,0
5601,66.2069736703907,6.0,4.693,0.331310673037183,3.94933818451478,0,0,0,1
5602,61.2616117856878,23.84,1.311,0.215170954001888,3.09535324402207,0,0,1,0
5603,66.5427872305612,25.53,0.82,0.334022206826223,4.06742764413243,0,0,0,1
5604,64.9259616938168,40.57,29.847,0.217029678956179,3.55544441904591,1,0,0,0
5605,63.7940062819307,11.63,30.176,0.11189640971075,3.410557761167,0,1,0,0
5606,67.6731923994289,10.82,16.101,0.12292597355429,3.53123447913196,0,1,0,0
5607,71.0700461242463,6.39,23.636,0.0663424982698324,4.15405550125761,0,1,0,0
5608,66.5637848168542,28.4,30.078,0.277853232928502,4.23327313619166,0,0,0,1
5609,62.4284763325017,20.62,8.778,0.217695338818102,3.39908694471208,1,0,0,0
5610,64.8585717622071,9.6,7.605,0.293134137151908,3.40727753391361,0,0,0,1
5611,61.0552501957876,12.87,8.144,0.198079607710761,2.81091593654773,0,0,1,0
5612,56.3513789270125,30.11,22.701,0.0830873867210331,2.87378204479892,0,1,0,0
5613,67.7694370842065,8.88,9.371,0.26508318118699,3.79597905207174,0,0,1,0
5614,61.3760515216075,35.94,47.84,0.263164693242504,3.72867234516861,1,0,0,0
5615,56.1105666582811,3.3,0.981,0.101944130728351,3.63079823572836,0,1,0,0
5616,67.2030478853008,9.43,31.338,0.120390336058724,3.40557180412272,0,1,0,0
5617,49.754976742343,37.6,25.567,0.0927426001132669,2.96015545211633,0,1,0,0
5618,50.1968883013374,34.24,27.306,0.0920082701581961,3.3621621671089,0,1,0,0
5619,70.286697882955,6.64,14.078,0.213368480261657,3.82250879026865,0,0,0,1
5620,64.1703291024734,25.16,6.262,0.133861469715881,3.32316011824325,1,0,0,0
5621,65.3631400552734,16.82,1.256,0.198191784605859,3.78450233425102,0,0,1,0
5622,59.8140332707837,26.71,41.02,0.200206441149649,3.13772085707309,1,0,0,0
5623,62.5891929772975,36.16,3.165,0.115919624834805,4.06292961551019,0,1,0,0
5624,61.7995175993948,8.79,3.888,0.323173435132101,3.57889781768866,0,0,0,1
5625,60.7567320091291,19.92,9.064,0.100904044587793,3.8007557505946,0,1,0,0
5626,42.3078100681473,27.84,37.437,0.231836335459092,3.2749445812046,1,0,0,0
5627,63.4936695920246,28.62,47.662,0.185597995579246,3.219398072738,1,0,0,0
5628,67.0038290260056,26.03,12.388,0.357950891164436,3.56123608851994,0,0,0,1
5629,39.5908511294214,6.05,8.87,0.330279678856781,2.56562070353838,0,0,0,1
5630,65.8520299097168,21.66,8.487,0.125353505058289,3.4639600291764,0,0,1,0
5631,70.8854680304123,7.16,0.429,0.263001876199561,4.1524043753126,0,0,0,1
5632,62.298587375046,32.83,45.94,0.248759391963036,3.85728779023841,0,0,1,0
5633,63.1357153191311,31.11,36.419,0.104028564234929,3.48990702819006,0,1,0,0
5634,68.878165458057,14.83,31.139,0.112368281325327,3.74231338140246,0,1,0,0
5635,68.2580592600971,10.4,15.165,0.255989477774312,3.75111339301801,0,0,0,1
5636,67.2797292129419,25.71,40.303,0.0909010946719478,3.55305917400802,0,1,0,0
5637,63.2665087750646,22.16,0.592,0.143639648915891,3.53342228208006,1,0,0,0
5638,71.2722888917148,30.88,12.335,0.083572077414323,3.51237668943617,0,1,0,0
5639,67.6701058332732,5.47,9.863,0.21323176118688,3.62012553339047,0,0,1,0
5640,60.119236085001,33.38,20.998,0.154070067553439,3.95727371264951,1,0,0,0
5641,49.0511545941449,25.61,31.631,0.103977289017678,3.71934203567362,0,1,0,0
5642,48.1477362475496,22.58,40.281,0.137084874510072,2.95898000253999,0,1,0,0
5643,60.1556634374825,17.51,18.889,0.145664419485471,3.24910369822112,1,0,0,0
5644,64.9712746196585,30.52,41.151,0.18086920137786,3.93838833065129,1,0,0,0
5645,72.2041913497461,11.16,8.456,0.138245995217926,3.76716135341459,0,1,0,0
5646,45.3228731932084,37.69,23.893,0.166321015567778,2.96127672375708,1,0,0,0
5647,66.7767018803718,27.48,29.526,0.0999919561285486,3.0274355018253,1,0,0,0
5648,64.2628971085077,25.45,7.038,0.16247495704818,3.59167617961015,1,0,0,0
5649,69.8707912526476,10.46,2.12,0.297047618685289,4.0036167456418,0,0,0,1
5650,47.3580556028194,29.42,33.091,0.159174942767273,2.86097393451256,1,0,0,0
5651,49.358311936954,22.54,16.315,0.201853657150475,3.17445550585951,1,0,0,0
5652,64.5409092556932,29.22,25.019,0.21040466738554,3.95551154004038,0,0,1,0
5653,60.7398913451988,13.59,1.324,0.263038135626849,3.52027149610145,0,0,1,0
5654,66.1487389073418,9.46,29.118,0.0894596472391873,3.29406104643312,0,1,0,0
5655,61.06900635341,21.19,22.163,0.362403598095958,4.08619181709318,0,0,0,1
5656,69.1232353713916,14.17,31.479,0.286968455767052,3.85191904657052,0,0,0,1
5657,64.068454157825,10.71,9.02,0.115630103054781,3.57254615100386,0,1,0,0
5658,63.2192232781769,31.71,20.679,0.254614126494866,3.55905912404613,0,0,1,0
5659,37.9131069525539,28.87,30.28,0.227005917149427,2.6970846230011,1,0,0,0
5660,56.7303973821441,5.03,2.497,0.305864787795616,3.0240085688945,0,0,0,1
5661,63.4951411924094,20.7,19.605,0.361406116836922,3.6194944743006,0,0,0,1
5662,57.3072691336237,24.71,8.304,0.180022201300159,3.56664466279736,0,0,1,0
5663,67.1060114567322,25.72,16.154,0.391896975053689,4.48037694855044,0,0,0,1
5664,61.7331268824364,27.64,19.61,0.179682125608219,3.27771214188177,0,0,1,0
5665,62.1840951031077,15.98,10.115,0.386478053589929,3.76070466812929,0,0,0,1
5666,64.897360112871,27.97,36.018,0.224817268103991,3.71607644615461,1,0,0,0
5667,62.5455690601917,32.92,23.75,0.231858447552214,3.65668791954795,1,0,0,0
5668,63.606327085088,25.41,10.149,0.190241147101547,3.09250664872459,1,0,0,0
5669,60.9181844083414,27.81,26.719,0.202835099570455,3.16177673551386,1,0,0,0
5670,61.3528766689928,21.48,0.252,0.139355680837898,3.27746698563042,0,0,1,0
5671,61.0561117061126,6.4,8.618,0.081805778177952,2.40246738296904,0,1,0,0
5672,47.3015844396609,24.25,18.306,0.245652035601232,3.28880997781925,1,0,0,0
5673,63.0926998765696,34.28,24.825,0.12001528143644,3.58578109494702,0,1,0,0
5674,58.5113794474597,23.68,18.49,0.110917743992038,3.07015529262632,0,1,0,0
5675,59.3989536824764,32.52,31.443,0.111987839951263,3.46914435262392,0,1,0,0
5676,62.0170865833643,24.71,30.072,0.0541707211989692,3.66961966856166,0,1,0,0
5677,74.0320285716774,26.87,27.366,0.0797740432337028,3.0538647282313,0,1,0,0
5678,66.1725766016728,17.86,8.097,0.216942696599835,3.45927831779553,1,0,0,0
5679,64.933846874,38.45,32.091,0.0868127926369269,4.17392827429523,0,1,0,0
5680,64.2779954787474,23.8,3.769,0.120588223573679,3.1283513483525,0,0,1,0
5681,69.9425306376568,12.77,27.673,0.101963735272325,3.38583810971592,0,1,0,0
5682,46.7797676457215,35.07,43.149,0.292140151904921,3.33030452675487,1,0,0,0
5683,63.9655027371395,32.02,11.028,0.310746022086058,3.31851140246596,0,0,0,1
5684,42.7919181121629,4.94,0.027,0.266422621106392,2.51403421036708,1,0,0,0
5685,40.2512111784658,27.74,16.475,0.249461798463221,2.90399964960508,0,0,1,0
5686,60.1457988260358,20.95,5.337,0.187228048314241,3.14366969780367,0,0,1,0
5687,45.5075366487121,6.2,9.229,0.363948199380684,2.74545255320193,0,0,0,1
5688,63.3602583838285,26.15,1.801,0.153059751155843,3.25680909367073,1,0,0,0
5689,46.6991542743976,34.95,20.435,0.0922767212303417,2.80936297721379,0,1,0,0
5690,62.5963299981895,33.3,35.466,0.142423831261056,3.30613092354928,1,0,0,0
5691,58.6072043548194,8.14,8.166,0.360399409318129,3.44419633979891,0,0,0,1
5692,43.7672065874942,31.25,44.612,0.206622901434538,2.86945722653198,1,0,0,0
5693,57.8142579676296,23.67,46.658,0.232256083791561,3.57587441116728,1,0,0,0
5694,63.0254766474846,38.29,41.906,0.13868534017908,3.68214386185983,0,1,0,0
5695,50.6422773812659,34.83,40.487,0.211851906133365,3.22961370136131,1,0,0,0
5696,65.0629662706437,18.51,18.884,0.195292056335469,4.19135876830394,0,0,1,0
5697,53.3057416486956,42.94,25.372,0.216690159735028,2.97074944454568,0,0,1,0
5698,65.5486449596993,36.07,37.205,0.0996379327860518,4.17909307577896,0,1,0,0
5699,52.1215883194663,28.99,36.469,0.217241950300196,3.14620821523752,1,0,0,0
5700,62.723482645193,21.33,19.773,0.313291267418005,3.05568368776435,1,0,0,0
5701,72.3127565473642,27.43,7.549,0.290887716153052,3.64143771271906,0,0,0,1
5702,63.712182612808,19.05,11.308,0.261661180549525,3.69958754396835,0,0,0,1
5703,53.1232764001327,4.24,3.132,0.388234709145861,3.02867151759427,0,0,0,1
5704,61.3840113963235,14.63,9.537,0.177470143178408,3.84898266724918,1,0,0,0
5705,47.4895162035291,30.86,22.964,0.187370102041075,3.45812308212004,1,0,0,0
5706,62.6856233080074,10.09,6.449,0.216523006624691,3.36551682875221,1,0,0,0
5707,65.7621985687643,7.23,13.928,0.39219598592738,2.89024107797269,0,0,0,1
5708,68.4205159536296,33.51,21.135,0.187369419761472,3.58665931317979,1,0,0,0
5709,65.6224750575687,31.85,43.013,0.257388372610904,3.74933682489203,1,0,0,0
5710,66.3582752225798,24.11,40.226,0.120357420794537,3.71329483953,0,1,0,0
5711,75.1549165769944,17.94,17.81,0.204030874328943,4.25870308375966,1,0,0,0
5712,58.355908898202,8.47,9.27,0.305594009946421,3.86978089610103,0,0,0,1
5713,57.2343452183743,36.78,34.865,0.136999962920363,2.87393719936213,0,0,1,0
5714,60.6547854744353,6.15,5.41,0.306887398874361,3.47824763507829,0,0,0,1
5715,66.1384252021343,24.81,14.65,0.20395974958788,4.11824504624102,1,0,0,0
5716,65.3782099625292,28.18,43.645,0.0928415414791987,2.76341840592393,0,1,0,0
5717,64.2920602443393,15.77,0.775,0.339066388426411,3.63619469978399,0,0,0,1
5718,63.2836405077388,5.36,16.319,0.123252753068486,3.95729284430095,0,1,0,0
5719,61.4374678163553,5.38,6.282,0.365073398890008,2.98823186851571,0,0,0,1
5720,66.7735899449621,9.06,12.305,0.387284723978124,3.27703094632981,0,0,0,1
5721,61.886374457865,24.89,43.34,0.100503881550733,3.66363508125424,0,1,0,0
5722,63.5596105436766,9.47,20.846,0.131957924942338,4.0787731297336,0,1,0,0
5723,64.3845057833949,31.05,39.09,0.178312746699313,3.25283845230348,1,0,0,0
5724,73.8172268015255,30.46,32.102,0.175001711469469,4.00892588918617,1,0,0,0
5725,73.2773638501229,10.85,11.677,0.356247026167824,3.32498776059214,0,0,0,1
5726,48.6768535197437,34.08,28.597,0.133441660746798,2.80886631779485,1,0,0,0
5727,55.3879861152712,32.34,31.951,0.180701212401405,3.38560323519644,1,0,0,0
5728,58.8959494968603,17.74,15.264,0.413056243815654,3.78803266526685,0,0,0,1
5729,62.3231328983146,31.67,32.524,0.206478660061422,3.73955617117911,1,0,0,0
5730,44.0239712396637,3.56,4.842,0.268277850360155,2.74066781088271,0,0,0,1
5731,64.355261059853,20.49,9.874,0.111937208235271,3.19239485882939,0,1,0,0
5732,60.4707525084187,31.54,28.848,0.188879205694093,3.96942021696979,1,0,0,0
5733,49.4117613684007,22.63,13.176,0.0935483937167517,2.86741526982516,0,1,0,0
5734,60.1912740279287,18.74,6.01,0.0742525589128707,3.84345637859763,0,1,0,0
5735,62.8828175450102,9.5,14.621,0.117664553772728,3.74273960799949,0,1,0,0
5736,64.6742594932601,10.35,25.907,0.281358276883462,3.70255174923143,0,0,0,1
5737,68.7641416280738,36.56,41.522,0.180064582192726,4.09573377049977,1,0,0,0
5738,69.7627820575893,35.07,23.131,0.177308382887351,3.77961751932989,1,0,0,0
5739,63.9714440578853,32.06,40.338,0.0892283415485838,3.41904527381045,0,1,0,0
5740,61.7075773085698,15.54,19.897,0.355600478506137,3.15872840902209,0,0,0,1
5741,44.850360146972,29.66,27.748,0.0743855501252322,2.78294474074455,0,1,0,0
5742,61.4820992556625,22.95,8.531,0.222434812831942,3.30580468303787,0,0,1,0
5743,62.7542570301823,36.65,9.651,0.0889051807942691,3.18934859871341,0,1,0,0
5744,40.9802774483802,8.67,8.43,0.266023991196435,2.8893260115091,0,0,0,1
5745,65.5708130943171,28.81,14.193,0.082370891050803,3.67388402963609,0,1,0,0
5746,58.3260969970481,16.99,4.286,0.097361431917446,3.41815830405398,0,1,0,0
5747,48.464956508326,27.87,9.224,0.361734173228743,3.66803055895981,0,0,0,1
5748,60.8021244903034,24.99,15.655,0.105977685597734,3.74296277197643,0,1,0,0
5749,64.4529106949049,14.68,19.059,0.251207511756715,3.9083925261917,0,0,1,0
5750,59.1091550471497,8.14,9.439,0.214918785034501,3.47148957507368,0,0,0,1
5751,59.0049958414736,34.49,32.78,0.147432781046839,3.91113310450798,0,1,0,0
5752,63.7502809429516,18.16,5.477,0.299401944164971,4.21671600235735,0,0,0,1
5753,63.0678668233815,27.98,1.93,0.243638030588489,2.96035359985956,1,0,0,0
5754,47.3779013868102,35.04,41.385,0.18798477414757,3.41784309932839,0,0,1,0
5755,60.3422786556609,14.33,1.738,0.302305221134098,4.33230581392972,0,0,0,1
5756,61.3322706993563,32.36,25.884,0.280137842864451,3.39724449475776,0,0,1,0
5757,68.6284768544295,24.92,30.698,0.0971375987370301,3.99093245573504,0,1,0,0
5758,72.287644097791,9.17,29.127,0.371197589583861,3.88454845056915,0,0,0,1
5759,45.4593924623898,33.47,23.54,0.183450501642358,2.99189674344823,1,0,0,0
5760,61.197339888415,30.25,37.331,0.180631175515455,3.32151632953894,1,0,0,0
5761,44.0903978373798,8.69,5.535,0.137560594391469,2.76277504723928,0,0,0,1
5762,62.1909119273865,28.31,16.739,0.093161941596366,4.17014635632304,0,1,0,0
5763,52.9938474259759,18.78,1.107,0.218304560545617,3.349810444677,0,0,1,0
5764,67.5785536685306,14.07,22.781,0.216106932834739,3.48637570381679,1,0,0,0
5765,55.2679274989655,28.23,44.147,0.151295254730605,3.20038974324242,0,1,0,0
5766,57.0055883973007,27.99,28.883,0.223304630920958,3.40441437763021,0,0,0,1
5767,51.8131416901239,14.2,9.128,0.406288048309173,3.6053094977076,0,0,0,1
5768,69.4673211518007,14.34,26.012,0.083545428908351,3.54325417709366,0,1,0,0
5769,69.780392763083,14.65,26.408,0.0918465398703588,4.36072317150802,0,1,0,0
5770,70.3342517825183,19.81,9.407,0.211752560616534,3.55580992242201,0,0,0,1
5771,61.0182469231143,19.71,3.303,0.204703003030713,3.17729888211934,0,0,1,0
5772,62.1474730239408,17.24,1.642,0.24872160507004,2.94085166807174,1,0,0,0
5773,61.8440162919232,18.47,18.329,0.25584546251238,3.57427322747304,1,0,0,0
5774,66.7760696502246,4.32,4.985,0.394022843650005,3.31735353033158,0,0,0,1
5775,61.0892891097228,36.57,7.354,0.253709904582327,3.25232150672858,0,0,1,0
5776,60.6900342818293,18.11,17.172,0.126581720481877,3.29667833162407,0,1,0,0
5777,62.5883512624595,20.38,38.444,0.0913014950775474,3.40371379944114,0,1,0,0
5778,69.7657069190661,8.04,16.628,0.212537565549979,4.39836541413084,0,0,1,0
5779,72.8698634769429,8.36,11.617,0.208720950612505,3.66168902915075,0,0,1,0
5780,67.3672758166598,11.21,10.152,0.214698576793064,3.55191251483111,1,0,0,0
5781,62.3797103512878,13.62,8.144,0.176336521829427,3.94680307337186,1,0,0,0
5782,51.7039109102155,6.75,3.834,0.281151172954579,3.282520933699,0,0,0,1
5783,63.5306545295498,15.79,7.877,0.132441225669182,3.12994665917858,1,0,0,0
5784,39.9546968280982,4.97,1.577,0.298199454072985,2.72831125061759,0,0,0,1
5785,65.6037742034645,26.51,22.061,0.332384737245109,2.58020478946033,0,0,0,1
5786,70.8584169694574,11.66,34.282,0.110964229157035,3.83814520029905,0,1,0,0
5787,59.6343477960668,27.98,34.848,0.156098961483223,3.29673976885537,1,0,0,0
5788,48.1883788219796,31.87,26.849,0.131455033855096,2.66056713471377,1,0,0,0
5789,66.4257861678261,16.73,3.32,0.103022251585737,3.96191370853497,0,1,0,0
5790,64.5752504302851,37.43,5.245,0.176966981061776,3.5820411946897,0,0,1,0
5791,62.3798214917985,22.77,11.473,0.194895075741546,3.27341141278592,1,0,0,0
5792,70.6568884307763,12.71,17.807,0.139642758843786,3.25226416031748,0,0,1,0
5793,62.9861299088624,22.99,8.481,0.22086618916702,3.32428470622702,1,0,0,0
5794,61.2723351498549,26.64,28.797,0.0703394717756644,3.35086294423549,0,1,0,0
5795,41.0786688601687,39.64,16.656,0.285440813357143,3.30161236036042,0,0,0,1
5796,54.6838118690374,29.13,33.535,0.093901384836737,3.7771519410142,0,1,0,0
5797,71.7960885685692,35.66,36.539,0.0845879471402777,3.82996349597853,0,1,0,0
5798,63.998137885865,8.87,28.81,0.156318001009419,3.8992083306438,0,0,1,0
5799,63.0833732607525,17.76,11.173,0.104728031526407,4.13611074705647,0,0,1,0
5800,53.3351562044375,23.72,35.481,0.256180959970033,3.78202742754164,1,0,0,0
5801,64.03221276382,5.89,8.635,0.172524592646746,3.28350780222925,0,0,1,0
5802,60.8623898456746,26.61,39.532,0.271717398955771,3.35222985588194,1,0,0,0
5803,62.490325821675,38.35,30.997,0.200171557610655,3.4918267849467,1,0,0,0
5804,64.4698195042573,22.98,9.274,0.204676451146329,3.56907306329268,0,0,1,0
5805,55.1019026200997,8.78,5.049,0.289237362943558,2.74103184194081,0,0,0,1
5806,56.7094292633663,23.87,24.353,0.260670936682519,3.84873806147643,0,0,0,1
5807,43.6986741148909,24.75,31.911,0.158616822918438,3.02455416654635,1,0,0,0
5808,63.0580244591073,25.11,20.905,0.215367730001905,3.3202697868385,1,0,0,0
5809,55.5106842939352,18.29,2.164,0.288150162650367,3.14223785796566,0,0,0,1
5810,47.9717859662701,6.41,0.698,0.201688318760339,3.91161369748903,1,0,0,0
5811,51.8677046375963,34.16,32.099,0.211753752887125,2.62712349390387,1,0,0,0
5812,48.0930264030073,28.35,39.873,0.0828182554436965,3.21196945209587,0,1,0,0
5813,42.9958973103459,26.23,37.43,0.168821497431317,2.68931606333271,1,0,0,0
5814,63.9578667812761,27.77,37.238,0.261858499738827,3.43855137055556,1,0,0,0
5815,68.0254919967966,10.18,18.418,0.0691376220327134,4.28058745527708,0,1,0,0
5816,61.8383140050264,27.44,27.588,0.191091843834957,3.50423280450527,1,0,0,0
5817,66.7497147654321,10.56,10.174,0.315105616755497,3.48593701477484,0,0,0,1
5818,64.1918937642524,28.15,41.149,0.334014046812967,3.08834573006331,0,0,0,1
5819,66.3470720503027,29.58,27.496,0.323518717197867,3.18818347081266,1,0,0,0
5820,61.1193079619489,28.75,28.658,0.215139099225082,3.83505761284196,1,0,0,0
5821,61.0910969125329,29.01,5.749,0.15010810301373,3.80392961852373,0,0,1,0
5822,50.8971289090723,35.36,10.202,0.248920885452056,3.00403416684284,1,0,0,0
5823,58.2275204810205,19.27,9.955,0.144161466941777,3.03291726687294,1,0,0,0
5824,51.4011916666503,9.13,6.225,0.331736684683771,2.80581330328118,0,0,0,1
5825,63.0086161350864,27.06,26.411,0.177841453702407,3.58134712856686,1,0,0,0
5826,61.4688787524619,27.22,27.426,0.218853609810209,3.81045279139154,1,0,0,0
5827,60.7305390154116,22.79,18.717,0.214789605609029,4.23858700082981,1,0,0,0
5828,64.7348576402234,12.76,12.356,0.222670622840345,3.88166987263715,1,0,0,0
5829,65.6866925555784,10.75,11.165,0.330229290331179,4.53480199362285,0,0,0,1
5830,65.5413598696442,19.81,0.563,0.189777482881775,3.22032238985028,1,0,0,0
5831,60.4998937242742,29.75,26.199,0.213437023022961,3.59516801241309,1,0,0,0
5832,62.1525122479285,14.42,9.523,0.115961808146085,3.88410776758462,0,1,0,0
5833,42.0391810778055,26.2,28.957,0.0819472819011654,3.4773655265298,0,1,0,0
5834,62.7647469036839,27.92,5.439,0.199751916877242,3.62121558019063,0,0,1,0
5835,61.5309846874961,17.46,7.842,0.127104569825415,3.50372985011703,0,1,0,0
5836,62.1902385699811,20.49,22.751,0.21935947551935,3.93776085569372,0,0,1,0
5837,62.5305015652425,23.39,17.276,0.19817819460115,3.76603929489282,1,0,0,0
5838,67.8228330317482,14.9,25.987,0.183634361877245,3.388570332029,1,0,0,0
5839,56.023977855314,8.98,9.277,0.327298013328025,3.41351532792153,0,0,0,1
5840,48.156733489702,6.59,7.199,0.403789569428298,2.83676364120056,0,0,0,1
5841,45.9132387669498,24.56,28.471,0.245098257291238,3.08065005570431,1,0,0,0
5842,51.6120809946782,25.61,25.072,0.120575940171918,3.01622034917058,1,0,0,0
5843,53.2924063210631,26.56,13.508,0.110095701672802,3.20330096660698,0,1,0,0
5844,48.0039081828273,8.98,0.442,0.224540530170735,3.18341741788528,0,0,1,0
5845,63.7307808642768,25.48,24.987,0.166021583543649,3.70592608142609,1,0,0,0
5846,53.001609118762,37.39,32.188,0.0990362903010726,3.30585228320303,0,1,0,0
5847,59.8381368096588,31.62,38.156,0.0760238333898505,3.88646020433753,0,1,0,0
5848,47.4679633366981,34.74,23.353,0.180614248607496,2.27295651568174,1,0,0,0
5849,62.1777275006694,6.97,4.413,0.0948676753764388,3.03469724702933,0,1,0,0
5850,57.6746216698285,9.81,2.069,0.341735895396203,2.79772462537915,0,0,0,1
5851,56.7425657463296,23.33,37.397,0.107703911687934,3.48867883958759,0,1,0,0
5852,53.4762487982701,34.09,25.325,0.198729684212208,3.3811939925168,0,0,1,0
5853,62.8299574763882,17.21,5.008,0.232545860257566,3.00495788736765,1,0,0,0
5854,61.8173344735017,31.18,34.961,0.183532933921912,3.88232676529561,0,0,1,0
5855,57.8772349000716,11.59,8.727,0.245834235943759,3.15490217418147,0,0,0,1
5856,67.9495370786241,6.6,18.283,0.0988462925827385,3.78076316298401,0,1,0,0
5857,66.130711898487,18.39,0.992,0.215684782048138,3.12129522690933,0,0,1,0
5858,57.3857262008679,25.29,22.464,0.122463181338201,3.63052168736068,0,1,0,0
5859,59.4681511428581,26.96,14.654,0.192829200840516,3.7492236827093,0,0,1,0
5860,62.3727760638969,29.95,20.975,0.0730251983395618,3.44501362474921,0,1,0,0
5861,67.9554842755559,17.01,13.054,0.346512363395147,3.85492925282094,0,0,0,1
5862,62.2554481800139,25.16,25.998,0.224464847297679,3.69127608610172,1,0,0,0
5863,61.8751811761192,15.09,6.061,0.258944237789624,3.49183535042295,0,0,1,0
5864,58.8906238435441,23.33,18.193,0.231441747108711,2.76846980575481,1,0,0,0
5865,54.4978451381694,10.87,9.155,0.258029906640887,3.46456028991418,0,0,0,1
5866,61.6697649100225,27.63,41.929,0.202079922991902,3.62172464849654,1,0,0,0
5867,62.7043884507968,25.81,26.803,0.216480467706476,3.3915431582643,1,0,0,0
5868,58.7531313642619,28.53,36.626,0.205106187208144,3.18112391890911,1,0,0,0
5869,68.3265743672045,33.39,36.282,0.129511427389375,3.90478610933197,0,1,0,0
5870,68.2190230006457,10.15,24.597,0.345685844462611,3.74601176667647,0,0,0,1
5871,66.1100393808285,10.57,2.023,0.492560886375443,3.75328326203136,0,0,0,1
5872,51.6070824319654,23.69,41.958,0.0978036979273686,3.19428707648319,0,1,0,0
5873,49.9135991151295,34.21,36.115,0.311839189527845,3.32683640265533,0,0,0,1
5874,52.8731626420714,9.43,2.808,0.213873221956839,3.54624183160046,0,0,0,1
5875,73.848021194552,30.0,31.976,0.0429261931439457,3.85277961050868,0,1,0,0
5876,70.9393619731796,28.07,14.021,0.332493946876363,3.47091918711776,0,0,0,1
5877,60.5154923294943,26.42,1.404,0.162041878466587,3.18941928304886,0,0,1,0
5878,46.1142726382713,7.99,5.316,0.306518753999887,3.15471494882324,0,0,0,1
5879,71.4853052100418,23.23,14.298,0.111409152603706,4.2487730715951,0,1,0,0
5880,48.2168881431061,3.64,5.131,0.327796077744817,3.37651634711506,0,0,0,1
5881,64.891797861403,26.84,29.621,0.053947592079178,3.11324068398146,0,1,0,0
5882,40.0181444992703,21.38,3.181,0.300267960723646,2.99922435301423,0,0,0,1
5883,67.5349858105921,21.45,16.335,0.112065089161544,4.00551680759191,0,1,0,0
5884,53.2095132781499,21.42,19.829,0.085117520884003,3.5991785203324,0,1,0,0
5885,68.6418098343626,9.13,22.912,0.117684964800446,3.4178767696763,0,1,0,0
5886,48.4717549061822,29.96,47.35,0.213451690290555,3.34548856096686,0,0,1,0
5887,50.2660281539941,29.11,41.877,0.220053755076338,2.91441912227681,1,0,0,0
5888,61.6078535196431,7.29,3.912,0.409271311676155,2.91175416660742,0,0,0,1
5889,64.7193102005087,34.46,21.91,0.164613318238262,3.64402457390737,1,0,0,0
5890,66.8115309713744,13.17,19.833,0.259599523984121,3.66937659785722,0,0,0,1
5891,70.9849470325268,5.37,27.939,0.0879828605536916,3.42487636922064,0,1,0,0
5892,72.7891441024942,13.81,13.263,0.250598323249132,3.58106185755943,1,0,0,0
5893,67.1852796563218,32.31,21.726,0.0767764567740409,4.22742442984981,0,1,0,0
5894,71.646780697444,8.88,26.462,0.230120321480811,3.69035500672555,0,0,0,1
5895,69.2233776649847,5.38,23.711,0.0935838498736657,3.43899775778425,0,1,0,0
5896,57.6537296451216,13.81,13.378,0.0803779449716191,4.02422879090011,0,1,0,0
5897,69.6572462140864,32.36,16.297,0.243322887231383,3.97685373881183,1,0,0,0
5898,67.9686936402455,24.58,35.554,0.241531038244424,2.93508497938957,0,0,1,0
5899,53.8551886291127,35.18,30.479,0.0678905823392802,3.35451559225189,0,1,0,0
5900,56.4571990737216,12.86,7.71,0.278176239398096,2.72338420348844,0,0,0,1
5901,41.3380531704211,17.41,33.141,0.214358780288162,3.0695396142566,1,0,0,0
5902,53.8692878377247,34.43,18.6,0.338578406346955,3.58271633553268,0,0,0,1
5903,62.9403993185385,32.04,20.632,0.217101123626915,2.86367710004199,0,0,0,1
5904,62.274693029371,10.09,24.236,0.266583580435862,3.35305980295292,0,0,0,1
5905,61.0342781115872,5.23,6.318,0.370456274619345,2.9867332828753,0,0,0,1
5906,70.05892323626,37.6,35.277,0.0965422999418666,3.20473837833709,0,1,0,0
5907,67.284614740586,24.01,6.299,0.123837815697238,3.42819673302834,0,1,0,0
5908,61.2842071391414,9.88,11.962,0.163427536862214,3.83399358970045,0,0,1,0
5909,45.8076903721822,4.19,1.049,0.154423420170323,2.78788504994912,0,0,0,1
5910,57.7847362652839,20.08,11.862,0.18180944345357,3.69326649808941,0,0,1,0
5911,62.5375038203117,25.25,5.357,0.236584826074941,3.95951284461867,0,0,1,0
5912,57.3448852495067,8.74,4.222,0.28562815181503,3.3264271179112,0,0,0,1
5913,60.8660476083949,37.11,31.858,0.226295071325518,3.50524006758217,0,0,0,1
5914,58.2263729703971,11.04,3.366,0.240301750045261,2.99141818001806,0,0,1,0
5915,46.4214526818771,39.31,23.226,0.362114049650842,2.91484191942163,0,0,0,1
5916,53.5273572230919,26.88,36.691,0.204657318097303,3.1958257010884,1,0,0,0
5917,43.4980920994868,30.24,20.877,0.230021070674405,3.17005065311777,1,0,0,0
5918,52.4142826890257,3.83,4.598,0.296693069163746,3.39240678541049,0,0,0,1
5919,48.2045032178156,32.74,34.16,0.296654723597869,2.80720025658653,1,0,0,0
5920,65.8368749071407,13.92,28.419,0.103538104398816,3.90641622936157,0,1,0,0
5921,65.5392473136384,19.36,19.602,0.089449634808741,3.61800611539688,0,1,0,0
5922,61.4190867217691,17.92,9.012,0.199578702931672,3.58352498266251,0,0,1,0
5923,59.249770251353,20.0,11.431,0.197425508012187,3.84999715643275,0,0,1,0
5924,68.975932912491,6.8,19.84,0.0640000161001801,4.25873145461312,0,1,0,0
5925,62.4931329943073,33.9,33.564,0.116865223943506,3.62883237807518,0,1,0,0
5926,59.1880295212566,15.69,16.128,0.209565371514134,3.03316067575919,1,0,0,0
5927,64.3997186066682,19.33,3.17,0.230177238367568,4.06221556426592,0,0,1,0
5928,68.7696520710684,23.78,32.615,0.256233260283741,3.75041901693571,0,0,1,0
5929,70.842825383568,25.88,19.845,0.106484419629392,3.91294121317285,0,1,0,0
5930,49.9761693650309,23.02,6.247,0.326760412625507,3.24265924897916,0,0,0,1
5931,61.3287125486127,31.16,31.575,0.0991720451654369,2.88043119049492,0,1,0,0
5932,63.389921545943,11.87,15.429,0.240576594203899,3.5789304898357,1,0,0,0
5933,45.1313625073605,31.45,20.336,0.155677984805589,2.36027680192942,1,0,0,0
5934,61.7977991491731,29.96,36.921,0.0440736499339577,3.38381677538496,0,1,0,0
5935,64.0547230719284,18.55,6.987,0.250618918968143,3.72611254932132,0,0,0,1
5936,55.3901751403372,19.53,19.581,0.193467501136858,2.79647418911479,1,0,0,0
5937,70.6609894495044,17.57,19.612,0.199335424756791,3.88047186188712,0,0,0,1
5938,60.5626784920002,21.25,1.987,0.231721215200972,3.74448196751592,0,0,1,0
5939,67.6497619505176,14.62,15.781,0.0974125164503235,2.90943086617186,0,1,0,0
5940,68.6348062740383,23.78,13.308,0.160709134685188,3.55728039396253,1,0,0,0
5941,65.6908446347517,31.61,35.861,0.259811143823474,3.48528237886614,1,0,0,0
5942,69.4229408547186,8.54,21.588,0.109619910599407,3.41231774869857,0,1,0,0
5943,53.5176952936447,26.76,19.519,0.170187802727836,3.21968902442883,0,0,1,0
5944,64.8675434807878,31.28,15.21,0.160599352627536,3.1035755206381,0,0,1,0
5945,58.418764311824,8.22,3.157,0.367548869973177,3.63160901871392,0,0,0,1
5946,41.1169294590769,12.28,2.803,0.254191436186489,2.44309985663232,0,0,0,1
5947,60.6779275156628,17.96,17.946,0.206417452084011,3.49977976497693,0,0,1,0
5948,56.4163477107088,25.01,7.784,0.162198840665584,3.37493757513603,0,0,1,0
5949,65.544771874204,25.46,15.897,0.114660219422166,3.68837907264736,0,1,0,0
5950,57.5740768393818,30.93,43.883,0.208393005356831,3.6553577149997,1,0,0,0
5951,58.387194285246,5.11,6.571,0.0801851608437843,3.24612758957774,0,1,0,0
5952,66.7596208883211,8.7,33.905,0.0924737996908735,3.39768838727715,0,1,0,0
5953,63.4878876069215,21.49,18.429,0.195974604156701,3.88261010977013,0,0,1,0
5954,64.472598899246,29.52,11.381,0.217342344167524,3.56738823705391,1,0,0,0
5955,56.0112615839356,16.02,14.592,0.155689446656983,2.8491700512439,1,0,0,0
5956,61.4788368844468,17.3,2.503,0.196636472320427,3.12075052015681,0,0,1,0
5957,62.5029791964044,31.13,36.382,0.248930745160606,3.15055443208116,0,0,1,0
5958,62.8710004334478,7.05,2.774,0.251015724678543,3.07507306533146,0,0,0,1
5959,67.5648429887094,31.3,22.971,0.178632660734042,3.36981754444256,1,0,0,0
5960,55.8802052182702,6.48,7.894,0.278518678600807,3.28819406909167,0,0,0,1
5961,65.3684073529613,23.54,9.92,0.206411660972852,3.45305128771448,1,0,0,0
5962,72.8759728866237,22.22,24.186,0.223851689566181,3.94976130839764,0,0,1,0
5963,51.877423823901,28.44,36.4,0.109112681524338,3.35198112020491,0,1,0,0
5964,72.4242685966889,7.68,34.59,0.132404801627404,3.97964960079449,0,1,0,0
5965,63.7808120005991,23.45,17.002,0.207523461026025,3.75458433636827,0,0,1,0
5966,67.1292257092239,10.83,17.126,0.0982474786248398,3.56351870811396,0,1,0,0
5967,71.7917282224517,7.72,16.343,0.213828870717461,3.73014122100105,1,0,0,0
5968,68.4852152613928,35.6,31.388,0.150801246697527,3.74368134755737,1,0,0,0
5969,68.0109646810378,9.64,15.278,0.0810649801128009,2.89779420903841,0,1,0,0
5970,52.5482102952528,6.83,6.701,0.390716235440169,3.35064991575612,0,0,0,1
5971,63.9108775353475,38.71,34.511,0.17631036329475,3.61148901255498,1,0,0,0
5972,67.5103562820083,6.91,14.417,0.0888416469468739,3.90699605857625,0,1,0,0
5973,68.4913848531631,9.6,15.582,0.326288063418644,3.37449831333708,0,0,0,1
5974,68.3973272978482,11.28,8.819,0.286790012096899,3.8441435170654,0,0,0,1
5975,60.2904094574507,4.85,6.214,0.26446092024639,3.6718125510053,0,0,0,1
5976,71.8494409517452,25.1,31.645,0.212830072299045,4.02905956758218,1,0,0,0
5977,52.5133654604951,9.83,6.265,0.334283089303339,2.81073350780047,0,0,0,1
5978,67.6053528093041,5.56,23.148,0.282425094364264,3.59783883103561,0,0,0,1
5979,50.9640294473854,28.29,29.079,0.134615490506817,3.37340338225787,1,0,0,0
5980,48.3547773727866,4.07,1.094,0.229943323942204,3.29276978148045,0,0,0,1
5981,60.3560202472738,7.21,3.712,0.233628002514632,3.1189278186046,0,0,0,1
5982,70.5343611745583,12.05,22.655,0.340294417690543,3.36939519601173,0,0,0,1
5983,64.8245978003678,9.78,22.447,0.127499777952591,3.62637170161754,0,1,0,0
5984,52.1071396569171,30.31,28.66,0.128423194720036,2.81595626636493,0,1,0,0
5985,62.5496288910357,39.75,24.674,0.12982653902772,3.41886014239369,0,1,0,0
5986,50.9315392942239,30.35,34.318,0.221400476240963,3.14380884557676,1,0,0,0
5987,61.6284436524994,29.51,39.171,0.361334611042184,2.83341428782592,0,0,0,1
5988,64.3455839655456,39.47,9.377,0.118989523856005,3.38124327341181,0,1,0,0
5989,54.8368472482517,6.57,1.748,0.275588970972025,3.72720393631568,0,0,0,1
5990,56.9762884120063,32.02,17.554,0.207873204292542,3.60567345179858,1,0,0,0
5991,42.2672072273179,13.89,1.911,0.175401951714014,2.77601748562113,0,0,0,1
5992,70.4935845742268,6.35,9.104,0.10380024792704,4.5066040336242,0,1,0,0
5993,59.1856174020265,16.89,24.515,0.150046597909283,3.46291422011108,0,0,1,0
5994,66.4763275428256,14.9,10.967,0.154441598008692,3.57732300533148,0,0,1,0
5995,63.7150900818186,17.18,10.758,0.217887836415944,3.60605382792806,0,0,1,0
5996,48.1360367842992,31.7,33.113,0.198580572324269,2.63557646414579,1,0,0,0
5997,74.3189978434286,6.62,19.016,0.347821012580231,4.15813794105735,0,0,0,1
5998,58.6091828231319,21.4,11.859,0.113837734587963,3.09531306411787,0,1,0,0
5999,64.9973083930278,8.51,34.003,0.108122220321885,5.15686403567134,0,1,0,0
6000,65.7303604074547,13.12,11.27,0.130729228828231,3.40606655143385,0,1,0,0
6001,65.3127161578945,40.25,29.424,0.172272656160672,3.7378977607204,0,0,1,0
6002,63.0831811488269,21.84,42.014,0.0974848057812265,3.25368299447807,1,0,0,0
6003,58.3642218505599,23.81,4.795,0.232921981432336,3.24454655002657,0,0,1,0
6004,68.8134861193393,5.47,11.67,0.369623649739114,3.665641262733,0,0,0,1
6005,52.5409354613036,5.7,2.193,0.343785031216248,2.9750441656218,0,0,0,1
6006,63.4299167369086,30.85,13.557,0.0671227707395438,3.30620500574515,0,1,0,0
6007,63.3951338255001,28.73,44.36,0.264823494796021,3.88120051946165,0,0,0,1
6008,62.7662334785706,21.24,6.094,0.206017056460171,4.00053987815084,0,0,1,0
6009,61.5869720812184,31.84,25.16,0.264965056843538,3.87588210049172,1,0,0,0
6010,49.1045195957155,30.27,42.887,0.157722443081648,3.40306062479348,1,0,0,0
6011,70.2049995010243,8.35,15.949,0.232450576914458,3.59465694728887,1,0,0,0
6012,61.4818982376886,32.18,22.653,0.111591097510485,4.5079530813061,0,1,0,0
6013,66.4952666707077,25.25,8.925,0.226090178871994,3.48761708037909,0,0,1,0
6014,58.5246695668406,4.41,4.899,0.253073850629629,3.57014067545088,0,0,0,1
6015,59.8941635864009,19.16,5.623,0.226567687108528,3.19267802948268,0,0,1,0
6016,59.8604522844881,27.02,35.901,0.19271617072689,3.25490102014491,1,0,0,0
6017,62.2322395607918,18.97,13.082,0.216640639759161,4.45757997509684,1,0,0,0
6018,59.739446051959,27.59,27.47,0.167530883246755,3.64668503859221,1,0,0,0
6019,60.0198832409937,14.74,5.25,0.286393663154627,3.7195626024383,0,0,0,1
6020,63.6013061723375,26.65,7.993,0.19886718431049,4.08835891660328,1,0,0,0
6021,63.5496131816774,32.81,26.336,0.321931584998307,3.20595603241677,0,0,0,1
6022,66.929715253332,7.63,24.786,0.259526451408163,3.57874628606463,1,0,0,0
6023,60.7823284297488,30.08,41.288,0.199768067170577,2.64946490420539,1,0,0,0
6024,65.2073556904677,19.43,4.387,0.231723936041062,3.76748157362984,1,0,0,0
6025,63.5292149550041,5.2,15.023,0.122167694810109,3.50623774295991,0,1,0,0
6026,59.521560571731,19.88,25.895,0.229305853128628,3.14806598848648,0,0,1,0
6027,54.0654275220234,7.86,9.854,0.18520267264349,3.56563837023546,0,0,0,1
6028,62.1209379056642,28.72,24.498,0.0840897621744035,3.76544894748646,0,1,0,0
6029,69.6535523431275,7.83,1.053,0.133337380939389,3.44037659152796,0,1,0,0
6030,69.3865514313173,12.41,21.16,0.100310735837503,3.60325263281351,0,1,0,0
6031,43.9281543427591,29.6,22.826,0.351340554684307,3.14513194372225,0,0,0,1
6032,63.5555392775518,30.05,27.15,0.251606368493053,2.63235687582212,1,0,0,0
6033,46.601148262807,8.54,6.727,0.42633710751936,3.07218100703302,0,0,0,1
6034,61.7500723878705,27.05,20.891,0.0999443101332535,3.72102346769857,0,1,0,0
6035,65.8473771897125,16.03,1.022,0.247797148057172,3.38034004261753,0,0,1,0
6036,66.585734088867,34.29,32.269,0.168430929238967,3.6461862486574,1,0,0,0
6037,69.2354058790379,26.05,6.125,0.223249483487061,3.35774925702384,0,0,1,0
6038,65.3758427952058,22.79,12.382,0.0711820123115732,3.97117774895455,0,1,0,0
6039,59.5515714508842,32.94,22.222,0.175586143058071,3.47598254258563,1,0,0,0
6040,48.4460914633355,39.6,33.9,0.085588080383058,3.16086037890228,1,0,0,0
6041,68.2414423013293,22.06,9.116,0.225209863340002,4.00365647867848,1,0,0,0
6042,43.7084321704283,26.74,17.174,0.141272056493866,2.34824725303421,0,1,0,0
6043,60.9745584173249,25.86,15.919,0.203447430554058,3.23843799290477,1,0,0,0
6044,47.3932398980731,32.61,43.406,0.201391698450222,3.67203857477972,1,0,0,0
6045,63.6552609587564,37.71,41.341,0.215596816261861,3.24529032829096,1,0,0,0
6046,45.9256719704306,5.18,1.219,0.275095473909558,3.04397889936959,0,0,0,1
6047,67.8977689847151,5.6,16.848,0.313251494945857,4.0181668807732,0,0,0,1
6048,63.4355055267874,27.43,34.029,0.156755447781794,3.25198400566799,1,0,0,0
6049,56.8846723109172,22.94,17.883,0.146195833633108,3.11839414323026,0,0,1,0
6050,69.8089767001471,15.52,19.755,0.0908962598335017,4.02150152192739,0,1,0,0
6051,59.9669029019536,36.08,20.534,0.233358934202575,3.78337021918339,0,0,0,1
6052,68.8185264109031,20.3,13.923,0.377817319641962,3.31822098328573,0,0,0,1
6053,67.250193095708,6.27,27.299,0.0895781690868444,3.80649933877229,0,1,0,0
6054,63.9145980710957,25.83,3.608,0.240860092114979,3.26500191099507,0,0,0,1
6055,57.0915273151086,32.81,26.908,0.205203336735477,4.06910968413554,0,0,1,0
6056,59.2833710391704,26.18,21.985,0.113550299634492,3.58420398425576,0,1,0,0
6057,56.0077107447311,6.0,3.843,0.171672234734921,2.80294551592576,0,0,0,1
6058,37.7216229511592,4.17,4.795,0.0659557495692026,2.87818980243916,0,1,0,0
6059,69.6018674125632,17.05,16.685,0.214678928324973,3.72681892289928,0,0,1,0
6060,43.5075077066496,24.0,40.825,0.170644748701767,2.94531431979441,0,0,1,0
6061,65.0250628285067,23.16,6.24,0.131672920088071,2.9656606375161,1,0,0,0
6062,58.6630963135457,19.29,16.904,0.231579813392387,3.6488095726504,0,0,1,0
6063,55.2171627912759,29.03,9.8,0.22194995583593,2.81904496350158,0,0,0,1
6064,74.4203215328724,14.92,20.518,0.0974585132124742,3.35705213776442,0,1,0,0
6065,64.6689064129129,21.88,30.517,0.127744441726429,3.20911539945964,0,1,0,0
6066,59.7933145568594,26.01,14.2,0.191636916543261,2.70261652213961,0,0,1,0
6067,72.1021331107877,10.12,19.915,0.132425659619932,4.06851290334562,0,1,0,0
6068,58.6260614644774,16.53,3.595,0.231417998551284,3.07023353840205,1,0,0,0
6069,70.6580039366879,5.95,11.102,0.212037982343583,4.048928170502,1,0,0,0
6070,63.4180241685861,17.09,17.832,0.221596895631795,4.06102896052539,0,0,1,0
6071,66.8202036182491,6.94,25.58,0.28285716243516,3.08694855047737,0,0,0,1
6072,58.075066295428,18.3,13.104,0.219783342866553,3.19658522424645,0,0,1,0
6073,59.9349089594707,15.26,2.492,0.189238476388053,3.68349149017132,0,0,1,0
6074,69.2180240752859,27.29,20.389,0.252366935019694,3.47470059357816,1,0,0,0
6075,55.2821949848885,12.36,16.604,0.183812755157978,3.23834730532662,1,0,0,0
6076,61.6155222458839,25.38,29.834,0.207927452712001,3.49700129232462,0,0,0,1
6077,67.6939703020854,7.28,16.776,0.133974203845602,3.97399416383425,0,1,0,0
6078,50.8923244890203,33.8,33.701,0.187289315774895,2.61005673530478,1,0,0,0
6079,59.7355609158171,28.04,30.757,0.270634100291538,3.70162160673672,0,0,0,1
6080,74.4297892488067,11.55,23.266,0.242892790894232,3.73974475304766,0,0,1,0
6081,55.904033487185,10.51,7.15,0.186718620856881,3.81033688699443,0,0,1,0
6082,73.0014200471115,9.23,19.234,0.090807755457315,3.47376061224926,0,1,0,0
6083,63.2021856321081,19.84,2.106,0.230769176304806,4.4036645973998,0,0,1,0
6084,61.4406888321676,28.79,18.146,0.356886771547719,3.03589718688543,0,0,0,1
6085,67.0605342421923,16.1,10.046,0.200829508984358,3.69339164283127,1,0,0,0
6086,40.3074577564379,14.69,3.293,0.20429596935611,2.81549126527023,0,0,0,1
6087,64.8236517370413,33.78,22.048,0.133415141700524,2.97638270165868,0,1,0,0
6088,43.4614996285308,26.63,27.74,0.224038689883764,3.08150010831068,1,0,0,0
6089,65.2863016001451,12.89,20.573,0.181426149380062,4.06516537135508,1,0,0,0
6090,64.8726046078798,7.03,32.737,0.129707088165728,3.70809940260092,1,0,0,0
6091,69.8230218970376,16.49,9.998,0.180231400343921,4.07596327013805,1,0,0,0
6092,42.7842685617854,34.95,30.607,0.453372960195517,3.13693931544814,0,0,0,1
6093,69.0850544174141,7.92,10.427,0.264270944376378,4.1756475271192,0,0,0,1
6094,45.5414153689384,28.28,31.233,0.222015473625509,3.11213744854531,0,0,0,1
6095,64.0187069462169,31.21,29.358,0.104227002579471,3.44696197096443,0,1,0,0
6096,67.0981648394947,10.91,8.694,0.102784455327199,3.89606828695937,0,1,0,0
6097,70.3413083601795,27.23,38.498,0.324072602304306,3.91239320842448,0,0,0,1
6098,69.8264817873482,8.26,33.949,0.0887884538878566,4.29378515364551,0,1,0,0
6099,56.454273613307,26.75,16.471,0.260351392769054,3.3997747621198,0,0,0,1
6100,48.1080520699705,10.38,2.535,0.325003477848907,3.00584930137,0,0,0,1
6101,57.9738822567987,41.63,24.789,0.141483196090089,2.71312823780002,0,1,0,0
6102,63.1528053455527,13.11,10.645,0.0808551675857713,3.50565213569028,0,1,0,0
6103,65.0872143977942,12.2,33.85,0.0967183818509817,3.08974588396833,0,1,0,0
6104,64.4232608679192,41.69,38.126,0.245739115103895,4.12192698253524,0,0,1,0
6105,71.6630032412802,6.21,26.156,0.111855842124976,3.54425801374166,0,1,0,0
6106,64.8142646451488,24.46,25.682,0.254687010967711,3.58263954763772,1,0,0,0
6107,70.0530280797088,29.37,7.549,0.170918653513686,4.05234991228018,0,0,1,0
6108,61.1885455954962,14.55,18.138,0.13538190247169,3.67823952909166,1,0,0,0
6109,59.9188475953953,34.09,4.392,0.0765117486099942,3.46821938745336,0,1,0,0
6110,59.6662995262354,31.98,24.986,0.108816545018846,3.17840637065424,0,0,1,0
6111,61.6711099248362,32.63,42.469,0.199964320636692,3.54418951549197,1,0,0,0
6112,59.1263528642237,4.5,6.07,0.248586227591641,3.03173845101141,0,0,0,1
6113,67.3979883620765,6.55,33.528,0.226890817356514,3.40355512782282,0,0,1,0
6114,59.5380940891397,15.74,9.587,0.219989131788637,3.23032240185307,1,0,0,0
6115,64.0643899528889,10.52,17.363,0.370097194392904,4.50721034649154,0,0,0,1
6116,64.7708269707192,29.86,19.305,0.120908017666853,3.41538831749892,1,0,0,0
6117,48.8438817222624,32.02,25.982,0.178249761702446,3.67534845672276,1,0,0,0
6118,50.835934163122,3.91,9.794,0.318750213171324,3.81981042465888,0,0,0,1
6119,64.17778904922,32.2,15.681,0.215865696715439,4.1765237431842,1,0,0,0
6120,47.7673577418712,37.1,27.375,0.206959363579399,3.26562501879984,1,0,0,0
6121,57.6376089541256,16.93,8.782,0.393602308782532,3.94513778013464,0,0,0,1
6122,60.4251099171122,33.63,24.15,0.0779938062706295,3.52374730282028,0,1,0,0
6123,53.6482303290828,8.95,23.182,0.142700475600484,3.37984069244328,0,1,0,0
6124,63.8791465916163,39.09,26.028,0.213790349715581,3.41464867468272,1,0,0,0
6125,65.2032908204463,5.74,20.102,0.0692732966800325,3.13311407664131,0,1,0,0
6126,69.222955604923,10.45,6.898,0.377656135441522,3.45774921920437,0,0,0,1
6127,67.2726350595474,8.84,3.056,0.0939265966442356,3.96700103717577,0,1,0,0
6128,56.9681053529915,6.99,16.371,0.25108800899466,3.71069878723707,0,0,1,0
6129,54.2659641826851,32.68,25.123,0.190447532607147,3.22971741239227,1,0,0,0
6130,51.3852034118934,19.28,0.1,0.0534043503158001,2.98322591351885,0,1,0,0
6131,46.297968838711,36.52,26.643,0.302051793877333,3.10757777991773,0,0,1,0
6132,68.5810912375741,14.5,32.121,0.120952635212478,4.05726185335232,0,1,0,0
6133,63.5592571525738,21.43,37.231,0.235180227634028,3.98479613518465,1,0,0,0
6134,57.0201882845578,34.49,32.854,0.109703145316334,3.66524827655546,0,1,0,0
6135,65.034839827866,16.16,19.396,0.0942868960553278,3.3142167458005,0,1,0,0
6136,49.7945353943467,28.3,26.262,0.238617062265239,3.38361761886573,1,0,0,0
6137,42.8734749681274,28.3,36.094,0.224345639269032,3.2512525832187,0,0,1,0
6138,63.7549161154629,12.6,8.116,0.11209955492332,2.8388311244771,0,1,0,0
6139,62.3461140649262,34.01,40.963,0.256117148455142,3.36997012600289,1,0,0,0
6140,71.2989066231588,38.64,43.758,0.251484739155718,3.5415607825549,1,0,0,0
6141,65.3576205375845,23.1,5.087,0.162321671795307,3.90422891026608,1,0,0,0
6142,61.215807085486,34.04,28.181,0.250033152429601,3.22652468192467,1,0,0,0
6143,59.497825897992,30.53,37.775,0.108240275744212,3.54930214209161,0,1,0,0
6144,56.4774315471924,24.55,13.894,0.168485694490013,4.13392986055926,1,0,0,0
6145,54.7280763085626,8.88,9.031,0.226496247119516,2.81734898970585,0,0,0,1
6146,62.7959120206766,19.0,4.837,0.18985780255874,3.52684481305799,0,0,1,0
6147,60.2101944471357,18.76,36.148,0.0920975030955502,2.91151291289736,0,1,0,0
6148,65.0247027207247,22.19,11.279,0.225954508457401,3.42106605271893,0,0,1,0
6149,60.42093151003,19.95,23.313,0.222395917621774,3.7477791205829,0,0,1,0
6150,58.3866635607561,15.71,4.5,0.299241865625972,3.89213255445897,0,0,0,1
6151,56.0308974584052,37.65,21.894,0.0812707277254847,3.36136801715855,0,1,0,0
6152,46.4813644816122,25.97,32.256,0.147851347000893,3.10713491866096,1,0,0,0
6153,60.521948901343,23.12,16.91,0.186393711222899,3.47766459930941,1,0,0,0
6154,63.0130680435299,19.92,2.851,0.11009850993049,3.19501013110754,0,1,0,0
6155,67.1915045046458,25.73,16.904,0.0805162119266327,3.72727012502795,0,1,0,0
6156,60.866407061073,34.3,32.452,0.105175636663116,3.32880122612503,0,1,0,0
6157,59.8660600465358,26.93,34.6,0.200197672567485,3.49174324265463,1,0,0,0
6158,62.5674030233581,20.34,22.62,0.086731860226106,3.40428838853373,0,1,0,0
6159,67.3865539862339,27.78,15.561,0.0753876401522134,3.87297141160043,0,1,0,0
6160,49.2250335533046,24.0,38.934,0.24268378880339,2.9259419705348,1,0,0,0
6161,65.4238493973571,12.99,19.645,0.103190491114176,4.22136877813838,0,1,0,0
6162,49.5458445508592,5.37,3.586,0.364427204696139,3.33908494611873,0,0,0,1
6163,44.2087225333735,31.59,31.997,0.23810212432384,3.40036140255055,1,0,0,0
6164,43.8284095643243,13.48,1.558,0.389035459902636,2.86553499450867,0,0,0,1
6165,58.1910307052482,30.15,23.584,0.116135280085156,3.61506237473856,0,1,0,0
6166,60.3581239558653,10.89,7.0,0.365511072908707,3.66377859935022,0,0,0,1
6167,59.8345680787229,20.29,25.967,0.177116885939488,3.93379360803624,1,0,0,0
6168,60.3523565905086,19.93,13.156,0.135333053779431,3.08377103632397,0,1,0,0
6169,56.1161007086498,7.98,9.132,0.263761443902639,3.61235191088793,0,0,0,1
6170,67.1203813613676,8.49,12.17,0.112020425588521,3.96118852126279,0,1,0,0
6171,61.4423882170648,37.91,33.333,0.126708611114978,3.94622702051679,1,0,0,0
6172,55.0639829402481,23.87,25.214,0.111902206286522,3.69824179888779,0,1,0,0
6173,67.2821067886238,8.54,25.124,0.100394936402501,3.76304986685734,0,1,0,0
6174,68.5319344431231,13.86,11.104,0.134499122795143,3.54011783601328,0,1,0,0
6175,59.6695154360156,30.23,5.658,0.191774685691917,3.64931916835352,0,0,1,0
6176,62.7878800255322,12.59,1.539,0.204289715803845,3.20882388165215,0,0,1,0
6177,49.8008104337838,27.29,8.337,0.204179431539361,3.04873647535409,1,0,0,0
6178,66.9039582302775,34.09,25.891,0.23507343365718,3.52059460706038,0,0,1,0
6179,62.2065893496981,30.29,18.143,0.241665037759508,4.22518807787482,0,0,0,1
6180,60.8934097199399,4.33,1.254,0.219119254364496,3.38055432682049,0,0,1,0
6181,53.7372384202104,36.36,37.141,0.106356528953365,3.78917167594148,0,1,0,0
6182,55.1673760332094,6.21,2.236,0.378512749266107,3.19995903470077,0,0,0,1
6183,67.0261381946496,24.84,0.76,0.177242406561189,3.58917564141263,1,0,0,0
6184,61.4684645263946,37.2,38.648,0.162874555520185,3.1832960983173,1,0,0,0
6185,68.4274222095857,4.37,6.413,0.264209695536864,3.60388525597397,0,0,0,1
6186,60.3468324009177,35.15,37.284,0.0956297529689502,4.1910545446813,0,1,0,0
6187,47.5976648771632,30.35,23.247,0.197729557711409,2.59586385112197,1,0,0,0
6188,45.1203420002717,29.25,16.83,0.0716203403069005,2.50073846107846,0,1,0,0
6189,46.1788753211133,31.11,27.474,0.202610044488838,2.52853858562617,1,0,0,0
6190,55.2631343031328,3.89,0.471,0.231933012839751,3.6216908626828,0,0,0,1
6191,59.9877099314114,32.75,34.118,0.219986588166649,3.55494755714949,1,0,0,0
6192,57.832187688958,19.83,8.539,0.185769225358718,2.90035748951553,1,0,0,0
6193,69.9942593791589,12.53,14.284,0.0795004175019591,3.30755189110883,0,1,0,0
6194,66.0453380933377,10.73,22.419,0.0990300977320722,4.08487443453635,0,1,0,0
6195,62.1097758480257,21.39,21.365,0.204750149130403,3.73734371681211,0,0,1,0
6196,62.3628540947418,28.77,0.196,0.182156897301114,3.64902178881076,1,0,0,0
6197,57.9826254569228,5.07,1.751,0.175058368325982,3.76424631940293,0,0,1,0
6198,52.471446192433,31.45,38.762,0.221361688487318,2.78617705056473,1,0,0,0
6199,67.3983141163528,11.45,10.982,0.120003152936473,3.84440859439249,0,1,0,0
6200,68.8319199755318,10.94,21.945,0.34193004557803,3.97097694408394,0,0,0,1
6201,57.9803428584516,35.6,29.407,0.0913293247983855,3.19228822507743,0,1,0,0
6202,64.8897297588083,34.05,22.347,0.267527787483189,3.96989721681448,0,0,1,0
6203,63.7138521827312,8.75,32.546,0.0915738565121657,3.40434478889143,0,1,0,0
6204,53.7500362713378,32.36,14.789,0.231706086011865,3.74022798031155,1,0,0,0
6205,69.5550041644491,7.23,14.449,0.171284266090711,3.74950131443501,0,0,1,0
6206,67.1344604945093,22.83,2.236,0.24499178064157,3.39056506210433,0,0,1,0
6207,51.4849239812706,10.86,0.734,0.347395096266581,3.76132356500514,0,0,0,1
6208,43.4774175707456,31.85,20.453,0.0919992677735716,3.02461409042648,0,1,0,0
6209,70.1538404799618,13.68,31.974,0.18764337867163,3.83079373117112,0,0,1,0
6210,65.328397951776,30.5,22.573,0.152146300143691,3.75111165807985,0,0,1,0
6211,67.9657642635696,28.0,27.824,0.263530211531702,3.71444962805213,1,0,0,0
6212,62.2441156979992,19.96,4.68,0.246825887502295,2.50494279644749,0,0,1,0
6213,52.5132964296712,21.2,20.736,0.231862692265913,2.65089871616593,1,0,0,0
6214,66.9244575104841,12.0,12.212,0.304831445349671,3.54154314054865,0,0,0,1
6215,62.2579966365819,29.29,33.892,0.186688451587295,3.6563238089867,1,0,0,0
6216,66.7716436494157,7.05,20.379,0.125736044440054,3.59812697620631,0,1,0,0
6217,68.0083649420378,10.18,11.114,0.0616939110591543,3.21671462027479,0,1,0,0
6218,69.4576407786389,11.53,13.979,0.146368197287063,4.3973809472917,1,0,0,0
6219,68.7057626177279,16.65,11.35,0.111415464274832,4.08774868851702,0,1,0,0
6220,63.6497139260546,29.08,33.084,0.167456382479184,3.19116081662964,1,0,0,0
6221,49.8101749204507,26.5,36.032,0.212484267041237,3.81509374383054,1,0,0,0
6222,65.4016905885857,6.72,9.245,0.177750695505692,3.39194815568367,1,0,0,0
6223,69.7699521723947,14.88,20.489,0.359029308502444,4.01264339288489,0,0,0,1
6224,69.2364905192669,27.34,40.333,0.217032815424891,3.47413083377418,1,0,0,0
6225,57.0644090617703,27.3,23.2,0.193433607826925,2.59421981092033,1,0,0,0
6226,56.6221133262211,36.54,34.709,0.201666571812766,4.04522990358524,1,0,0,0
6227,59.3953132456969,29.59,40.424,0.236492344250564,3.00074136438662,1,0,0,0
6228,60.661063155367,25.18,3.309,0.252266541646609,2.98870849609365,0,0,0,1
6229,54.3063804453737,34.42,47.356,0.0950783745829074,3.12600790533053,0,1,0,0
6230,65.1533022620218,35.12,22.006,0.172713019530927,2.99679363616113,1,0,0,0
6231,55.6656627661354,6.32,9.353,0.120868215411243,3.3238164300382,0,1,0,0
6232,65.6168559724471,7.6,15.623,0.184835316503891,3.69048356429859,0,0,1,0
6233,66.9699888899918,12.71,10.575,0.100916862639036,3.60160304018207,0,1,0,0
6234,65.3577712747902,35.43,36.9,0.328769614986018,3.66292407192229,0,0,0,1
6235,48.0936656572174,13.57,1.582,0.311025157769638,3.46608255802419,0,0,0,1
6236,55.5177249663241,24.66,16.033,0.216353297061976,3.31441005202895,0,0,1,0
6237,59.1058410530206,5.02,4.814,0.39871424436718,2.78777133828846,0,0,0,1
6238,69.2343856742398,11.69,9.01,0.260952163411997,4.72139301662677,0,0,0,1
6239,66.3857434356979,21.9,5.378,0.230616628831807,3.60423454441728,1,0,0,0
6240,56.5383028519993,8.41,6.353,0.426590491879998,3.4174063969422,0,0,0,1
6241,61.5530405501208,33.84,23.092,0.135441937065907,3.01083608720869,1,0,0,0
6242,67.1771962617228,13.24,25.999,0.272617081285603,3.31156206159657,0,0,0,1
6243,67.9237443751499,13.78,21.926,0.209247509466554,3.85854814497003,0,0,1,0
6244,61.4534529811216,24.54,29.587,0.121540799010562,3.58882348842884,0,1,0,0
6245,69.6026609335272,16.45,18.797,0.143298116763611,4.16370627422061,0,0,1,0
6246,65.5913691257455,23.76,6.253,0.202414315156531,3.79696145402512,0,0,1,0
6247,64.0507732548863,20.87,10.505,0.0907001188227793,3.43557242737106,0,1,0,0
6248,60.8137482653353,6.01,1.081,0.0846221302948437,3.18476747844467,0,1,0,0
6249,67.521702997222,29.28,17.845,0.198550720140717,3.26745335766028,0,0,0,1
6250,60.6987541371865,9.03,8.411,0.301728812050006,3.36890211420087,0,0,0,1
6251,65.5882119517352,26.05,21.895,0.0793325158332121,4.29368551081567,0,1,0,0
6252,59.9395439566655,24.77,24.571,0.221426564197533,3.11897627575861,1,0,0,0
6253,71.5509440597258,3.23,1.871,0.317654496032625,3.94755668221213,0,0,0,1
6254,49.1268738285296,38.22,21.842,0.066831843789278,3.41815772027731,0,1,0,0
6255,66.1629911028295,14.03,3.863,0.172569540238714,4.09099256286974,1,0,0,0
6256,63.5029859814192,30.55,9.937,0.204922190728512,3.80615564628497,1,0,0,0
6257,48.9015267434583,39.82,30.873,0.280789289399628,3.14249274295271,1,0,0,0
6258,63.2285328977917,28.99,22.478,0.108745271882449,3.26423174271303,0,1,0,0
6259,61.3615875929765,35.4,20.573,0.202330098388021,3.06149356253025,1,0,0,0
6260,64.6502983512506,36.62,33.308,0.268006715976646,3.80179017723944,0,0,0,1
6261,65.6475082956906,32.33,23.318,0.186275485835849,3.28010768720193,1,0,0,0
6262,48.4866144755662,30.11,17.527,0.183623752651273,3.48444766541884,0,0,1,0
6263,51.2578051272905,26.96,28.26,0.106640984842022,3.4276255938423,0,1,0,0
6264,52.8070896509971,12.06,0.59,0.135688600516488,3.47704754529046,1,0,0,0
6265,59.3509428129304,28.57,40.067,0.214489055784186,3.3804321675605,0,0,1,0
6266,57.6571306239643,24.16,10.23,0.166619941984045,3.85374933500654,0,0,1,0
6267,51.0476909603693,28.71,32.626,0.0954178915628391,3.42653501985499,0,1,0,0
6268,67.9395185690184,29.6,22.501,0.106177299456475,3.73104410056109,0,1,0,0
6269,57.2987941427557,34.0,45.767,0.231904381864343,3.19759362887953,0,0,1,0
6270,53.1327628660453,30.56,29.683,0.244629915462507,3.37845579667245,1,0,0,0
6271,70.0496763020143,13.86,31.814,0.0790646430911,4.17352273207566,0,1,0,0
6272,64.8900273960478,37.36,24.968,0.168840440397807,3.86134259950411,0,0,1,0
6273,61.7171822154032,14.21,15.974,0.22667896444469,3.16569835454808,1,0,0,0
6274,68.240303765241,16.72,1.208,0.243011145119221,3.51841912721484,1,0,0,0
6275,42.9256120604919,28.69,24.076,0.185426487674987,2.80735930825855,1,0,0,0
6276,63.8790849894998,27.0,19.521,0.207338060551836,3.42680292391129,1,0,0,0
6277,59.7808302046551,34.68,35.339,0.118318127863454,3.63400799014281,0,1,0,0
6278,48.1527876336054,31.67,18.944,0.10021591050988,2.72930918294797,0,1,0,0
6279,65.6319893652146,29.79,2.013,0.190448966321316,3.90770953408297,0,0,1,0
6280,60.4539648229167,26.64,30.243,0.246945393395761,3.67601463627715,0,0,0,1
6281,65.6688954112886,31.17,32.179,0.130042364288993,3.43668685655518,0,1,0,0
6282,63.6984135947296,36.01,31.687,0.0722847498118645,3.56818657068245,0,1,0,0
6283,45.146996103544,9.24,1.048,0.357715755592706,3.49499513582956,0,0,0,1
6284,60.8454376907219,29.36,36.819,0.108895246414553,3.47463185384853,0,1,0,0
6285,69.8731860345925,31.99,23.307,0.198706113835044,3.89257244193343,1,0,0,0
6286,54.9227906250959,5.09,1.217,0.263440513464002,3.24278523132537,0,0,0,1
6287,65.0836936196817,23.18,12.224,0.101139206877682,4.10659838213062,1,0,0,0
6288,63.2756409525271,24.8,40.18,0.0886273960707606,3.04772892303693,0,1,0,0
6289,61.2461047298435,29.13,13.576,0.274800805416203,3.74032221688085,0,0,0,1
6290,49.6519846520825,36.77,24.993,0.198633118796505,3.17237340902376,1,0,0,0
6291,44.1585203295752,30.47,34.277,0.224579149595208,2.86595418601215,1,0,0,0
6292,57.9566491732137,29.66,45.06,0.3555122295112,3.63067236529651,0,0,0,1
6293,69.0154249871215,28.85,38.534,0.192335993340233,3.92437965178447,1,0,0,0
6294,62.2336198165647,27.44,3.934,0.122063723794575,3.39383547808056,0,1,0,0
6295,61.6427960527963,31.54,11.259,0.126732018609151,3.98849313671891,0,1,0,0
6296,65.7532605360072,17.87,7.343,0.190351633701143,3.24685147302402,0,0,1,0
6297,69.2227315032998,7.58,18.225,0.113790805734146,3.97515164192475,0,1,0,0
6298,66.0661261728288,9.15,23.121,0.137303704357006,4.21744339457864,0,1,0,0
6299,64.1709943621014,4.79,3.953,0.315675783505373,3.44230136048282,0,0,0,1
6300,73.9282403501691,5.74,11.194,0.215017950928567,3.88705600872409,1,0,0,0
6301,66.3651379398206,28.55,7.763,0.307459874895094,4.0975534114894,0,0,0,1
6302,60.4348738775938,16.68,16.927,0.192004474385461,3.48053173703076,0,0,0,1
6303,65.4599207595898,12.66,21.555,0.160147811691513,4.00944772412722,0,0,0,1
6304,62.9695586550279,20.46,25.015,0.0952181561704742,3.04491990547705,0,1,0,0
6305,58.0360665240401,27.81,19.406,0.171579249806231,3.45170601383891,0,0,1,0
6306,51.2684844811535,28.02,34.441,0.162853614119311,3.33259778776766,1,0,0,0
6307,64.6549263655342,32.79,27.385,0.183477801422767,3.35014494433695,1,0,0,0
6308,62.2120133946266,23.97,9.008,0.154731385164282,3.39000324207499,1,0,0,0
6309,46.9526421177888,3.37,1.056,0.280344502370954,3.33736858949401,0,0,0,1
6310,45.042799062254,7.15,5.708,0.317644882414036,3.00479592843788,0,0,0,1
6311,64.6481311364784,9.07,2.624,0.114870893688312,3.58043850722198,0,1,0,0
6312,56.9571016272589,33.97,38.734,0.227798239272974,4.05308708009049,1,0,0,0
6313,71.0406697762105,5.68,27.393,0.335629536594101,3.9763137297022,0,0,0,1
6314,68.3369745426856,25.39,27.831,0.263045163772043,4.46400418055673,0,0,0,1
6315,59.6393719603723,28.81,14.038,0.175819172076072,3.59289986449458,1,0,0,0
6316,68.5973257717021,14.96,22.021,0.289116971205386,4.34629810404557,0,0,0,1
6317,55.2663549518796,8.67,0.758,0.209291601292719,3.66441874066403,0,0,0,1
6318,53.707541635829,20.37,15.087,0.181215698414121,3.06766983010079,0,0,1,0
6319,63.2413089645956,23.14,27.813,0.132211862573193,3.1710353278173,0,1,0,0
6320,57.6878261823774,13.81,13.579,0.104249682988418,3.57839414470096,0,1,0,0
6321,66.7059489448894,36.6,50.736,0.192115914696731,3.78908843309118,0,0,1,0
6322,68.5318500571365,13.13,9.538,0.181477268180649,2.91828779002922,0,0,1,0
6323,67.6308747036888,31.34,23.612,0.239051395782452,3.36072729036604,1,0,0,0
6324,66.8512466755515,25.58,17.233,0.246299883633462,3.21631939953956,0,0,1,0
6325,67.1934130948354,6.18,6.047,0.15888709608649,4.03220068940455,0,0,1,0
6326,67.9179591709144,30.41,24.49,0.119488628536897,3.71088422440705,0,1,0,0
6327,65.2599277133113,26.39,16.003,0.122508159399845,3.78048156937591,0,1,0,0
6328,70.3213458398373,35.25,39.658,0.169346682714935,3.84027557519005,1,0,0,0
6329,65.1711033958478,9.06,13.942,0.385049805226095,3.52975979723822,0,0,0,1
6330,55.9048344516782,6.64,7.833,0.130768226169551,3.19084707593182,0,1,0,0
6331,65.4210197028074,12.33,13.544,0.108938869856731,3.38192014370969,0,1,0,0
6332,61.5196928504662,24.99,18.476,0.122880199835882,3.46983663284353,0,1,0,0
6333,62.1526865948201,29.04,24.33,0.355906901648856,4.31033215947928,0,0,0,1
6334,61.816797570848,26.59,16.344,0.236616796162453,3.21553548689049,0,0,1,0
6335,61.0019107351598,33.92,33.169,0.168987387577859,3.3920317478813,0,0,1,0
6336,60.2631920284472,31.66,16.899,0.178622755568441,2.63271137869388,0,0,1,0
6337,48.4564784188361,39.31,25.197,0.201479353336115,3.09242994044677,1,0,0,0
6338,60.4559941588824,35.85,43.18,0.0663420110172104,3.41784202168404,0,1,0,0
6339,60.4952095706832,19.32,1.508,0.0712719579662792,3.62790939384521,0,1,0,0
6340,47.5251620140261,27.74,27.652,0.208049974816529,2.89055038975751,1,0,0,0
6341,59.4020061723688,34.96,25.662,0.230217959834463,3.43286437565069,1,0,0,0
6342,59.7684290783678,14.13,10.566,0.291764589785321,3.84364397841476,0,0,1,0
6343,64.6925517853758,14.12,28.315,0.112281377359522,3.69568769640865,0,1,0,0
6344,70.9998606940267,6.02,6.565,0.381109023995624,3.44790650558982,0,0,0,1
6345,59.3549743522137,28.15,23.815,0.2065690004468,4.10449689176886,0,0,1,0
6346,63.9015074174186,14.73,15.237,0.12812050051815,2.83506764859998,1,0,0,0
6347,71.6236144209428,6.76,9.454,0.266019461138418,4.03247782340031,0,0,0,1
6348,48.6934721684814,8.9,7.436,0.251878047395701,2.67471709528652,0,0,0,1
6349,62.2442685977284,21.47,23.634,0.305276453761125,3.59174712500947,0,0,0,1
6350,49.7063659127865,18.99,12.783,0.238873415675571,3.06168163958262,1,0,0,0
6351,66.7465495175736,10.35,29.264,0.289099318290652,3.58883095009969,0,0,1,0
6352,53.4885519330138,11.26,6.028,0.325209407518471,3.58614113489431,0,0,0,1
6353,66.0459838074281,32.13,40.395,0.264230633407842,3.50069665868697,0,0,1,0
6354,68.0929743272363,12.22,34.684,0.129538136334046,3.61819682198249,0,1,0,0
6355,63.2822265046065,31.23,20.713,0.110724976543792,2.87382752321367,0,1,0,0
6356,64.0925629690767,23.38,8.483,0.375755658340436,3.92502077117486,0,0,0,1
6357,66.8643510497209,13.43,9.743,0.283570510200866,3.4197872443629,0,0,0,1
6358,62.5075429131264,28.24,36.355,0.0968565993729053,3.34022958084941,0,1,0,0
6359,71.2269677085491,8.85,29.15,0.0606759488851317,3.84368436530029,0,1,0,0
6360,52.0285018402821,11.55,8.667,0.24025799340297,2.800524535601,0,0,0,1
6361,44.3094067659508,28.55,33.773,0.231101506909747,2.98810375215759,0,0,0,1
6362,64.8694478907188,30.98,6.248,0.116927978826281,3.50428614965215,0,1,0,0
6363,43.180508326612,29.49,47.076,0.216464271597549,2.77408583671223,1,0,0,0
6364,70.430747844818,31.39,24.113,0.270593453210314,3.33278395170722,0,0,0,1
6365,60.2095438746878,16.47,19.332,0.175907944153288,3.5655622187973,1,0,0,0
6366,73.5326732767251,22.91,32.78,0.076395496301097,3.43707439185018,0,1,0,0
6367,46.3257022356713,33.58,19.64,0.290730881879242,2.49116413732451,0,0,1,0
6368,61.2044667327242,25.24,9.519,0.14552012550392,3.70762004865286,1,0,0,0
6369,59.9186524151658,22.43,16.718,0.119629740862227,3.49508908245259,1,0,0,0
6370,69.9373860181505,23.73,5.555,0.135441358569977,3.91788583265359,1,0,0,0
6371,67.5662670639672,23.03,17.028,0.279650477192108,3.71301855978149,1,0,0,0
6372,62.8757028960873,30.59,44.447,0.147113595073668,3.44132460131008,1,0,0,0
6373,49.5980749757766,9.81,1.808,0.300897593358213,2.84724446447495,0,0,0,1
6374,47.2264927086086,27.94,28.777,0.204931420083719,2.75582333209096,1,0,0,0
6375,64.7808069301982,24.85,33.334,0.0765295865315418,3.23381999183818,0,1,0,0
6376,46.145932984379,32.41,58.623,0.345392859182443,2.51533381891409,0,0,0,1
6377,43.1850824103823,23.37,33.915,0.107775390317173,3.06486012963065,0,1,0,0
6378,62.3620871562777,21.46,33.295,0.200023357230317,3.81681356843231,0,0,1,0
6379,62.9582928581522,28.32,38.091,0.2242712638465,3.62982158298102,1,0,0,0
6380,63.7337455853607,27.46,25.099,0.189218542443712,2.95667861348604,1,0,0,0
6381,48.6158188275443,30.43,28.257,0.223442089408039,2.79964589560424,1,0,0,0
6382,44.6240358549466,34.1,26.241,0.191254771163595,2.81537549110333,1,0,0,0
6383,62.5792221456227,29.94,25.239,0.120059630418784,3.49247727377372,0,1,0,0
6384,68.2936634723724,12.42,22.933,0.104620124798393,3.75880211790609,0,1,0,0
6385,63.179322157026,14.83,19.04,0.212355217910162,3.44276912059424,1,0,0,0
6386,60.6784074333943,4.59,3.038,0.235767747391803,3.8590963988086,0,0,0,1
6387,48.86177251025,32.38,31.523,0.234415641766792,2.94358040443611,1,0,0,0
6388,63.7517645725713,27.3,31.899,0.239397451067467,3.661206697552,1,0,0,0
6389,62.0062608562376,23.02,12.529,0.0971881947090595,4.10120187613628,0,1,0,0
6390,53.9015820011519,4.32,6.015,0.181662131103794,3.59837123289928,0,0,1,0
6391,62.3630514632214,35.52,35.604,0.189175587338444,2.99567535353578,1,0,0,0
6392,68.2004667948544,28.69,36.348,0.153623896869176,3.50939549629333,1,0,0,0
6393,64.3250742606031,26.27,29.478,0.221381001477818,3.75675895564455,0,0,1,0
6394,49.2633751581476,6.08,1.34,0.203741403289447,2.94102311686014,0,0,0,1
6395,61.2442834902857,13.77,7.631,0.238123611104641,3.24046107290311,1,0,0,0
6396,52.2859034095715,31.13,42.999,0.183432167593465,3.31215174587321,0,0,0,1
6397,64.8032035574428,34.45,34.769,0.257640136269288,3.3852164619299,1,0,0,0
6398,62.7954667478856,30.97,20.268,0.229671900614239,3.55092849535497,1,0,0,0
6399,67.9945527070412,14.01,15.484,0.212235877734109,3.57201618903781,0,0,1,0
6400,68.3080251618333,33.03,37.19,0.0938968391216742,3.65710856703656,0,1,0,0
6401,63.2730230821368,16.99,16.643,0.316738088846295,3.79683813988598,0,0,0,1
6402,67.6359199309681,28.85,43.423,0.143023306488067,3.56209033394849,1,0,0,0
6403,66.8170579909477,34.65,31.915,0.380759429127367,3.42530791867559,0,0,0,1
6404,66.996321417624,7.83,32.731,0.327672790205663,3.81469028756998,0,0,0,1
6405,67.3551382011185,9.35,31.27,0.123730704216727,3.62272526538755,0,1,0,0
6406,71.9438462141447,5.51,24.666,0.299793774409425,3.54937691892708,0,0,0,1
6407,55.2721318455734,4.15,0.368,0.32981666820514,3.47868461735514,0,0,0,1
6408,63.9262667547468,21.47,4.139,0.194279078936139,3.45288289042348,1,0,0,0
6409,65.1258953629716,15.16,16.637,0.150044760723996,2.79161183471555,0,0,1,0
6410,61.5077472188051,33.99,36.227,0.109769792791327,3.27848358419138,0,1,0,0
6411,62.2939762517631,8.07,1.885,0.321986305837352,3.60345889858342,0,0,0,1
6412,66.4159167052815,9.05,26.06,0.18632185440875,4.29530370192279,0,0,1,0
6413,59.3814255864576,33.53,16.254,0.213687718860021,4.20420466426295,1,0,0,0
6414,62.983919304824,17.11,15.151,0.192713725888061,3.62782257771396,1,0,0,0
6415,60.4260494259978,31.11,26.021,0.109041732395572,3.02706631912027,0,1,0,0
6416,61.3788560367914,24.71,1.528,0.184368722892512,3.77991870221928,0,0,1,0
6417,63.2948128476072,9.56,22.307,0.278654110107184,3.86228228961419,0,0,0,1
6418,63.9877697993632,20.84,4.789,0.181104808416228,4.37867752519053,0,0,1,0
6419,66.7505674878222,33.18,30.717,0.206549075998447,3.9218426403835,1,0,0,0
6420,61.8042137310152,18.72,14.674,0.173360339693059,3.21384746871737,0,0,1,0
6421,43.8088479128426,35.88,43.359,0.166746725276276,3.37466492760333,1,0,0,0
6422,70.5253295362646,32.09,33.804,0.191111165972905,4.27139067143326,1,0,0,0
6423,60.1673654154865,18.69,15.605,0.239513933997319,3.87458443910097,0,0,1,0
6424,58.7150206848812,27.19,17.198,0.210167129698208,3.71769618084622,1,0,0,0
6425,58.8448077238439,20.53,8.563,0.163381454518111,3.08948789546963,0,0,1,0
6426,59.7118438921739,29.42,36.467,0.226339010003696,3.94760133628883,1,0,0,0
6427,69.7789004213413,6.51,19.144,0.261652976855843,3.40352964700465,0,0,0,1
6428,49.4453100674176,24.5,25.691,0.149333186266256,3.10519671719824,1,0,0,0
6429,45.3564655763232,16.05,2.88,0.259151685567367,3.04284730617749,0,0,0,1
6430,68.5842803850087,8.96,17.795,0.112942747568715,3.29749750105182,0,1,0,0
6431,65.6769006592659,12.93,4.976,0.202392773879597,4.04172845466877,0,0,1,0
6432,64.6392063693331,28.08,0.551,0.129983251681172,3.41950340282723,0,0,1,0
6433,72.2222940735274,6.19,33.927,0.379012013662684,3.79051036464249,0,0,0,1
6434,59.7786272059168,26.37,9.494,0.197084504199683,3.74560211960282,0,0,0,1
6435,70.7860011988695,5.13,11.548,0.115924015238832,3.49239811489892,0,1,0,0
6436,66.0622131788939,13.25,29.254,0.295067567959614,3.26648836437342,0,0,0,1
6437,66.1346050616249,11.48,12.322,0.11960572336208,3.07111608740012,0,1,0,0
6438,59.6560909353647,28.94,17.004,0.109711543951505,3.78757985804781,0,1,0,0
6439,62.1734985269111,13.83,8.645,0.201204039444175,3.18804369576496,0,0,1,0
6440,43.6637670083224,30.14,37.207,0.222411467683552,2.94788666739306,0,0,1,0
6441,69.3582757122564,10.58,9.383,0.129547847784893,2.98151595605875,0,1,0,0
6442,71.2522848148211,6.46,0.745,0.202873124879782,3.7428566891573,1,0,0,0
6443,57.1757516075269,29.43,43.255,0.362832680832143,2.90786533520663,0,0,0,1
6444,61.6599716805715,27.95,31.988,0.103975934372863,3.80519254892182,0,1,0,0
6445,65.5279746827014,32.65,31.988,0.239608155442203,3.20118021802697,1,0,0,0
6446,57.8720526963503,3.76,3.941,0.258870514306135,3.33806567605472,0,0,1,0
6447,65.8833421026203,32.36,30.82,0.0947713602591887,3.09896578512505,0,1,0,0
6448,57.8150899907457,23.57,13.686,0.280234275212239,2.8488437245458,0,0,0,1
6449,65.0463252476465,31.19,28.339,0.107224632761575,3.52118865530315,0,1,0,0
6450,60.3352916228417,38.96,16.121,0.167173137163061,3.03826053615792,0,0,1,0
6451,52.9708438907456,29.94,26.892,0.258311514580627,3.85626318876904,0,0,0,1
6452,65.1208407353249,36.81,11.334,0.103668362371134,3.26956321383946,0,1,0,0
6453,56.882838123575,22.27,20.694,0.103686714587593,3.52907407241114,0,1,0,0
6454,59.835874264302,29.53,30.539,0.17575962463367,3.24661027151614,1,0,0,0
6455,68.2434571416552,12.84,8.9,0.0971519956945072,3.7901708016333,0,1,0,0
6456,48.186394444808,10.01,3.013,0.342760675115542,3.18901751792524,0,0,0,1
6457,67.6456548832961,13.03,15.399,0.288573945053352,3.19494478210642,0,0,0,1
6458,58.6346774020072,13.88,8.364,0.0801404846402457,3.15274762613683,0,1,0,0
6459,57.3264725605363,16.24,17.855,0.170077570590039,3.24359422709365,1,0,0,0
6460,64.1367865856543,3.57,3.064,0.274109768898997,3.12024701755803,0,0,0,1
6461,66.5063084013064,14.51,19.049,0.100331323021913,3.66478526817583,0,1,0,0
6462,69.4786737608321,21.14,21.9,0.138506285465576,4.04814834852579,0,0,1,0
6463,62.979584560284,39.83,36.967,0.143941851560916,3.38211347716613,1,0,0,0
6464,58.0438423033178,24.99,6.509,0.182941239753589,3.81487546446109,0,0,1,0
6465,68.7641044665369,9.2,30.925,0.0840860681325983,3.97781916024252,0,1,0,0
6466,65.7795178105526,32.17,23.52,0.151356265854429,3.54984800389428,0,0,1,0
6467,45.108275634186,4.57,8.915,0.354601992149412,3.01970174548235,0,0,0,1
6468,62.9164320564929,9.36,8.595,0.134008778878886,3.05372237038134,0,1,0,0
6469,43.7023947613219,15.05,4.721,0.280346496562845,3.22562539413978,0,0,0,1
6470,66.2966731437613,33.93,29.524,0.211679008394273,3.52625402352963,1,0,0,0
6471,46.9283350292226,23.93,31.455,0.0974321431890275,3.21157599044232,0,1,0,0
6472,63.0663111004115,29.24,34.369,0.216357355755605,3.09325960738001,1,0,0,0
6473,61.7749118643623,32.81,37.507,0.201315758074312,3.06798069413687,1,0,0,0
6474,66.9668577262769,11.26,13.701,0.344391786825697,3.01646606400883,0,0,0,1
6475,70.2489931402847,14.42,8.774,0.270097782623056,3.72891844454515,0,0,0,1
6476,67.1168014348491,26.18,49.982,0.138156312430391,3.8297359344014,0,0,1,0
6477,41.975709440661,15.68,9.095,0.252423355191645,2.72656973422847,0,0,0,1
6478,48.7196816825717,28.17,35.707,0.315104540270209,3.50517654112898,0,0,0,1
6479,69.6683722608072,12.48,31.279,0.308537339165276,4.7053169916113,0,0,1,0
6480,66.9543726262446,19.35,1.79,0.15395407174403,3.81971413168663,0,0,1,0
6481,60.9597125278607,29.03,33.259,0.252052756827461,3.11349079032625,1,0,0,0
6482,66.9278355240935,13.42,20.553,0.168654816305526,4.1581061300895,0,0,1,0
6483,64.2934145900491,24.66,6.151,0.203092563329661,3.45841343516814,0,0,1,0
6484,67.0883540484591,9.45,26.933,0.198654851327215,3.62136024376247,0,0,1,0
6485,47.3375606924473,24.27,31.69,0.211505714190016,3.48089218415482,1,0,0,0
6486,47.8721378157487,28.4,31.814,0.277214082766119,3.03342339360021,0,0,1,0
6487,40.2302089186327,5.81,3.086,0.179430148267203,2.90502446583322,0,0,0,1
6488,64.2982291021488,27.92,38.393,0.0902571534222728,3.91478652114698,0,1,0,0
6489,65.1717809276602,23.4,1.84,0.191362567424853,3.38223661752414,0,0,1,0
6490,42.8708767070064,25.26,29.04,0.188386390467052,3.29302990423667,1,0,0,0
6491,71.7863710921345,12.84,19.706,0.155974385477816,3.35790773144676,0,0,1,0
6492,65.3754224120349,24.02,11.522,0.184616394092497,4.35084354705946,0,0,1,0
6493,57.5442562221344,26.73,33.413,0.118315047213732,3.30863388773948,0,1,0,0
6494,65.3809338156947,28.92,29.404,0.165283055103135,3.98432680799573,1,0,0,0
6495,66.3647670831223,28.1,32.604,0.227106828453299,3.98992679475504,1,0,0,0
6496,65.839251009889,31.54,31.066,0.238710515027196,3.32704308425894,1,0,0,0
6497,68.4802662568648,18.29,13.434,0.137374568885728,3.92428295109118,1,0,0,0
6498,70.7292400949383,8.52,32.371,0.109600449555953,3.44320468710358,0,1,0,0
6499,57.6666246463089,5.4,1.952,0.414971119670313,3.01700061387106,0,0,0,1
6500,46.2441217708172,5.33,3.711,0.428572161949405,2.79431724559902,0,0,0,1
6501,55.9130798963839,6.58,6.894,0.191945145463211,3.50982392058153,0,0,1,0
6502,65.5094781376412,16.98,3.32,0.237011282909886,3.21879434540175,0,0,0,1
6503,67.2666474636798,33.97,31.111,0.234020905061421,3.3817072842754,1,0,0,0
6504,64.5604260177093,18.3,23.975,0.359245477517389,3.29997468498468,0,0,0,1
6505,67.5653563752972,6.99,29.46,0.108259700826766,3.47649070669229,0,1,0,0
6506,65.4202987641757,10.09,18.155,0.415673817578472,4.29165515911939,0,0,0,1
6507,61.512383170421,35.83,2.701,0.0843072094291345,3.70483891854784,0,1,0,0
6508,53.5789084749555,5.73,9.952,0.323146832892893,3.53921818685477,0,0,0,1
6509,68.7248471628042,37.09,24.038,0.134471654254099,3.40069136719276,0,0,1,0
6510,66.2640878946259,27.96,23.554,0.071623080456044,4.15702074531726,0,1,0,0
6511,65.4749207119804,24.39,1.262,0.113348496451476,3.174009258295,0,1,0,0
6512,64.8981552287598,31.71,24.208,0.115776180070718,3.85648164502299,0,1,0,0
6513,53.3671030710951,14.02,7.837,0.184402166722379,3.13493156355769,0,0,0,1
6514,60.3876315676756,30.0,35.302,0.220119622454854,3.28741594639302,1,0,0,0
6515,47.3840333308124,33.98,32.72,0.156055189592771,3.25782811641825,0,0,1,0
6516,64.2007691347895,18.3,12.04,0.125827710980657,4.03600367641201,0,1,0,0
6517,45.7049990731424,32.34,22.87,0.148133628151098,3.25305689632864,1,0,0,0
6518,63.4968955063012,23.04,23.231,0.301547478589493,3.20156710011369,0,0,0,1
6519,50.7906838114004,26.26,38.257,0.218164911967128,2.94007114866453,1,0,0,0
6520,62.2486701127563,12.33,2.302,0.262770422424608,3.82623588596103,0,0,1,0
6521,58.640630795822,14.6,17.341,0.254679667593305,2.8307642690647,1,0,0,0
6522,62.3603355586303,19.67,18.65,0.170074257445316,3.58068200077444,1,0,0,0
6523,65.7723465296862,23.16,4.396,0.196875556302655,3.58463130625451,0,0,1,0
6524,66.8116325807239,14.28,16.529,0.191198167291015,3.78068373664875,0,0,1,0
6525,50.2038899088612,33.56,37.173,0.188426471204674,3.41561555470574,1,0,0,0
6526,57.8892360541785,19.58,7.277,0.179041578651284,2.35551186143628,0,0,1,0
6527,53.4222651629851,34.87,30.926,0.237499409279373,3.27013455276693,1,0,0,0
6528,68.6870805246549,10.77,8.997,0.265521411576416,3.71024312303476,0,0,0,1
6529,55.2603157608374,6.0,2.575,0.208006973714216,3.25970568585877,1,0,0,0
6530,57.6246673678114,28.79,27.957,0.209767305547152,3.66323870982654,1,0,0,0
6531,68.5810892072732,27.52,22.044,0.217142082469457,4.51548000344267,0,0,1,0
6532,64.060921156215,20.07,31.361,0.201844033053716,3.28226388426381,1,0,0,0
6533,67.1687041122736,5.25,25.529,0.121053600816377,3.5595633048921,0,1,0,0
6534,60.0237342567144,22.35,18.868,0.102979036142014,3.15332137220293,0,1,0,0
6535,68.4607155198122,36.67,29.243,0.0826831579000262,3.23693704962296,0,1,0,0
6536,35.5328186035545,32.67,24.57,0.103942299496726,2.67181613661104,0,1,0,0
6537,40.480727247615,15.04,6.351,0.241818823119686,3.45186185431731,0,0,0,1
6538,49.179713870208,35.11,27.847,0.193983679055312,3.43058322466637,1,0,0,0
6539,61.2191920702426,32.1,31.211,0.0704447141848585,3.85573782061167,0,1,0,0
6540,69.6071723166525,17.81,7.385,0.180599406417232,3.61662981022156,0,0,1,0
6541,52.7616635645207,5.73,9.798,0.322600765774478,3.2906076397371,0,0,0,1
6542,61.4036442878227,16.31,2.946,0.438172746690462,3.28452231274315,0,0,0,1
6543,71.1627878236338,29.75,29.284,0.110524690954461,3.95959228087816,1,0,0,0
6544,67.0242133966496,10.03,29.244,0.292778954968891,3.30339272301873,0,0,0,1
6545,60.7391078094909,36.49,14.89,0.0727029725757657,4.20528120484269,0,1,0,0
6546,62.4190962931105,32.6,20.937,0.173839070137569,3.81440526310858,1,0,0,0
6547,61.4625819214062,29.36,28.995,0.21909483655254,3.82729497357223,1,0,0,0
6548,64.7326493622077,18.93,17.462,0.0993793969929612,3.74899627863554,0,1,0,0
6549,66.9961540427717,22.88,3.227,0.28178562247392,3.4848974543647,0,0,1,0
6550,62.4520176823771,17.35,19.89,0.13727118622646,3.10740291573711,0,1,0,0
6551,53.6389506347544,7.22,7.311,0.328383116567625,2.76796992917527,0,0,0,1
6552,64.3033890236958,11.78,20.336,0.0951996478476876,3.38771957879101,0,1,0,0
6553,38.4978231542059,34.23,30.033,0.296396024989922,3.32300251635022,0,0,0,1
6554,64.3135926325401,14.65,25.368,0.0751785533626128,4.20970778920086,0,1,0,0
6555,70.7723085615983,14.23,33.209,0.110918703675726,4.30748824150148,0,1,0,0
6556,71.5554001707184,6.82,16.829,0.220119978994166,3.66651359875602,0,0,1,0
6557,61.1818436041095,29.26,17.839,0.0955059024065399,3.86691294600057,0,1,0,0
6558,62.7829272143488,10.16,12.083,0.352679918129373,3.21688194145725,0,0,0,1
6559,64.4546519206749,30.02,38.709,0.264776004146521,2.93236707908514,1,0,0,0
6560,63.0711739156642,25.8,34.572,0.180439620308543,3.66627506834733,1,0,0,0
6561,54.133070020721,23.39,16.172,0.189664300387634,3.16666186125518,0,0,1,0
6562,73.6314077859804,26.7,16.519,0.0987891061463343,3.84145028744341,0,1,0,0
6563,53.7037280719757,29.49,44.679,0.126540226680451,3.31166164560666,0,1,0,0
6564,62.5090100929369,10.98,24.639,0.211421764159716,4.34028370062068,0,0,1,0
6565,68.7262082406696,22.61,28.945,0.0872627474046506,3.55826432322165,0,1,0,0
6566,50.4998741491473,29.48,35.727,0.10544304136725,3.26556502106454,0,1,0,0
6567,66.3483632482628,8.55,25.063,0.159554575818457,3.42596006500227,0,0,1,0
6568,69.5646178334032,16.59,13.941,0.198765008883123,3.3901875770344,1,0,0,0
6569,65.3661233376656,3.31,8.808,0.32980609793916,3.84393692690068,0,0,0,1
6570,67.2219922665449,22.57,54.63,0.22575358057908,3.6163249547172,1,0,0,0
6571,57.0652025647651,24.37,1.465,0.0899974676788908,3.08360664243901,0,1,0,0
6572,70.3989189676716,7.48,27.78,0.166118184888102,4.05803634920608,0,0,1,0
6573,65.6114772082986,3.83,8.453,0.250629680684136,3.97963932470474,0,0,0,1
6574,61.529908011617,20.82,0.478,0.179686844730077,3.36458147288571,1,0,0,0
6575,69.3094566599895,14.29,8.989,0.0897328562355849,3.45103811032925,0,1,0,0
6576,65.630426218267,15.93,6.506,0.165441703165145,3.48044742742793,0,0,1,0
6577,68.7445887352121,26.03,34.903,0.254620042138367,4.05424698133795,1,0,0,0
6578,55.5807337811895,26.44,24.24,0.0933547395579551,3.2344400632221,0,1,0,0
6579,49.894982581816,7.92,2.561,0.218778874898068,3.23989512729731,1,0,0,0
6580,54.0807608645306,32.66,28.734,0.232993746388572,3.13937750093615,0,0,1,0
6581,52.9686984539866,21.53,34.82,0.250873980973052,3.6856802987404,0,0,0,1
6582,68.6310289210991,7.71,11.583,0.0855650177909434,3.70021637039287,0,1,0,0
6583,53.0833777880008,21.75,34.34,0.0797774289766327,2.69235973834214,0,1,0,0
6584,66.3291696098142,38.06,32.154,0.133782555065897,3.77594884709637,1,0,0,0
6585,46.1678304394159,12.22,3.095,0.410985349933115,3.43538965993543,0,0,0,1
6586,69.1567960790174,36.79,5.444,0.116298852849737,3.14615074482004,0,1,0,0
6587,51.5665144035601,26.34,8.184,0.0761668697885339,3.40948759607362,0,1,0,0
6588,44.2063920946355,27.27,27.151,0.234830499594455,2.99647430311086,1,0,0,0
6589,74.9021596079026,9.4,18.648,0.0634349861561284,4.05878402277814,0,1,0,0
6590,66.3557209318213,24.1,34.358,0.24428452094409,4.24143929690619,1,0,0,0
6591,69.5767475815933,7.65,6.766,0.287008199446993,4.53657047161181,0,0,0,1
6592,54.5030294689168,35.57,30.323,0.267616834662202,3.63283963350566,0,0,1,0
6593,52.6045622744372,34.45,21.341,0.346829831125997,3.16444243281679,0,0,0,1
6594,68.1292043298756,27.95,40.356,0.256316007451517,3.83937073530581,1,0,0,0
6595,49.1009750231884,5.76,1.438,0.1024094246902,2.92026135299537,0,1,0,0
6596,60.1979430901449,12.54,11.316,0.166586638870909,3.05731309847346,0,0,1,0
6597,48.1975302434812,35.25,27.306,0.145990367041282,3.37501277845859,1,0,0,0
6598,47.9554394798416,8.99,9.491,0.129027223150037,2.84921964858782,0,0,0,1
6599,61.2295060469446,19.02,11.968,0.262065180284411,3.9356707561127,0,0,1,0
6600,67.6265248912083,28.92,35.629,0.308239489846605,4.54090288660537,0,0,0,1
6601,56.2220690301625,29.9,39.824,0.106510494901268,3.57016337895019,0,1,0,0
6602,66.9585753941919,9.67,13.431,0.0551535787183794,3.47915048772206,0,1,0,0
6603,67.1820626922994,8.82,19.882,0.10390660868611,3.76404869548364,0,1,0,0
6604,65.2972360996206,20.66,11.882,0.175060210936593,3.60331780756473,0,0,1,0
6605,62.7438007824299,7.65,9.87,0.284072215789286,3.22250626981589,0,0,0,1
6606,62.896190404691,19.17,15.787,0.179566353534937,3.48666887974282,1,0,0,0
6607,57.3478611429885,25.67,13.74,0.156407250761914,2.56986083984234,1,0,0,0
6608,56.951597008159,33.36,31.358,0.144125926136863,3.08341681785082,1,0,0,0
6609,67.2519511707552,5.39,11.115,0.196805016505396,3.7785101057593,1,0,0,0
6610,61.6219838074008,7.26,2.675,0.210904277278625,3.64448913658437,0,0,0,1
6611,59.7885734441749,15.23,5.188,0.181588034395318,3.86826706564142,1,0,0,0
6612,63.7733231062525,27.26,17.759,0.18580329339466,3.99376892172368,1,0,0,0
6613,57.5483568237958,27.27,30.089,0.196134341222107,3.54169684401183,0,0,1,0
6614,50.9198150510236,32.73,26.801,0.120054315705566,2.99346368744214,0,1,0,0
6615,57.1825010066145,7.74,4.707,0.353565767464614,3.84564751152326,0,0,0,1
6616,63.8980689088152,16.61,9.988,0.174162184825352,3.83834155731515,0,0,1,0
6617,61.0510360135072,7.52,4.223,0.1436248646374,3.79495046201964,0,0,0,1
6618,63.5433254151218,38.21,15.717,0.102203750875706,3.32599803080474,0,1,0,0
6619,54.4320433750446,10.09,17.627,0.160219537001781,3.28575640903741,1,0,0,0
6620,56.6391336123326,21.04,34.063,0.180364645986619,3.68019585820792,1,0,0,0
6621,65.6352172938241,8.74,13.499,0.115544273512354,3.62291754260669,0,1,0,0
6622,60.1114963231799,27.68,46.275,0.213417427125637,3.95156546979885,1,0,0,0
6623,63.8177892067506,17.33,9.666,0.315624674700276,3.88508266158618,0,0,0,1
6624,65.1942418596576,18.61,12.613,0.181853405128035,2.95418438665217,1,0,0,0
6625,58.6642181378786,32.19,21.317,0.14729683342499,3.28126974050927,1,0,0,0
6626,61.0897607223557,33.79,19.384,0.185371560268831,4.3176907593886,1,0,0,0
6627,61.2633578666932,19.39,9.761,0.210747778968099,4.05381618348987,0,0,1,0
6628,61.8903952229826,35.53,32.5,0.208207532714914,2.92867026530795,1,0,0,0
6629,61.8693073550133,5.77,7.82,0.13598836607005,3.50777241760298,0,1,0,0
6630,63.5155145427487,6.85,27.774,0.178432439465982,3.4963054995103,0,0,1,0
6631,59.8429873588338,27.29,33.55,0.0940967253682621,3.35836589684626,0,1,0,0
6632,63.0785250236348,24.44,29.455,0.189915788935019,3.4083759412481,0,0,1,0
6633,72.199128157799,10.36,18.628,0.319135680131984,4.37110776796902,0,0,1,0
6634,67.4083055056374,19.74,10.376,0.172511890034434,4.03122887612109,1,0,0,0
6635,62.3233193007967,19.1,4.713,0.090929386215195,3.71126436285201,0,1,0,0
6636,63.1636454137343,30.64,25.082,0.157572604836832,3.36339614520024,1,0,0,0
6637,68.7168129658601,23.86,6.737,0.114350807217416,3.66758305964194,0,1,0,0
6638,63.0629247055368,26.51,15.589,0.208011768276237,3.29730262012506,1,0,0,0
6639,65.0448144542242,11.64,24.775,0.104128387930474,3.20728153013504,0,1,0,0
6640,64.5874237849064,7.98,1.058,0.241612385925734,3.38142613113272,0,0,0,1
6641,68.4818544607121,9.78,3.981,0.177456373577838,3.67490474176901,0,0,0,1
6642,46.9976492088592,34.36,42.991,0.265878481084517,3.72523997928129,1,0,0,0
6643,49.0438955244356,5.92,9.152,0.289804713987398,3.48034754947899,0,0,0,1
6644,62.020862983873,35.26,31.141,0.235644989472437,3.70908479423651,1,0,0,0
6645,56.1248597657807,6.28,9.5,0.310792909560638,2.83850231197136,0,0,0,1
6646,68.8486664710049,12.77,26.039,0.0630822969880184,4.34274868194577,0,1,0,0
6647,75.6119165949055,22.7,26.349,0.306599843536679,4.70588015933374,0,0,0,1
6648,63.2839359106396,11.08,32.082,0.0999485805379987,3.78669100665273,0,1,0,0
6649,66.6291111163264,11.72,21.167,0.0713642914089512,3.92593717884655,0,1,0,0
6650,49.0322022561932,26.15,20.3,0.188324891532447,3.11326036448657,1,0,0,0
6651,70.8110609610656,11.54,26.323,0.0929701803409567,3.8085264609934,0,1,0,0
6652,68.4496449490144,33.18,36.594,0.0988196105173781,3.49845874722138,0,1,0,0
6653,45.3067841269831,4.85,9.719,0.293322756100652,3.26345043232924,0,0,0,1
6654,59.5661323929097,15.58,34.188,0.246646361716545,3.05555305784173,1,0,0,0
6655,72.8826224175047,12.24,27.273,0.11640672693147,3.67352412214189,0,1,0,0
6656,67.4145752565003,35.14,29.684,0.0950302821590548,3.88404907842452,0,1,0,0
6657,48.8724547215825,5.02,1.794,0.339875843929254,3.01992461976973,0,0,0,1
6658,62.7614723964809,37.9,36.663,0.114602580116069,3.38248532054988,0,1,0,0
6659,71.7861323490277,16.83,24.457,0.171657287508896,3.65760825195878,0,0,1,0
6660,66.8970674830337,14.04,6.552,0.29309500487887,2.92830996405207,1,0,0,0
6661,62.3338737408679,21.63,13.259,0.315177452652699,3.34625709402896,0,0,0,1
6662,61.3752343170752,11.42,15.326,0.175329812440976,3.47005086039411,1,0,0,0
6663,71.234518626175,9.11,0.429,0.294946105839994,4.52486108641978,0,0,0,1
6664,67.4085419590022,29.05,15.105,0.0811261084101329,2.67480716595592,0,1,0,0
6665,67.579149227916,12.57,18.295,0.0829414673055071,3.53946146537814,0,1,0,0
6666,61.1732507100038,18.07,14.034,0.211850700114668,3.44617178688782,1,0,0,0
6667,67.8688858718884,8.5,18.919,0.407316314507801,3.91854011780002,0,0,0,1
6668,59.6419527121278,9.62,17.857,0.088144343034022,3.71385226299238,0,1,0,0
6669,53.3071192882267,25.86,43.835,0.2041126946,3.09348859816646,1,0,0,0
6670,54.9440478256437,31.73,21.414,0.117178664299061,2.7727723424829,0,1,0,0
6671,68.7333349374363,19.91,2.522,0.188030454876912,4.25882767247583,1,0,0,0
6672,66.7030560354412,11.99,17.92,0.108764816086761,3.93023929870306,0,1,0,0
6673,50.7037527581528,29.0,21.252,0.299043303362244,2.78433638900563,0,0,0,1
6674,42.8241437359031,32.45,22.319,0.201173933795202,3.09937771070699,1,0,0,0
6675,66.1257592065379,10.29,21.325,0.106653293721472,3.28088735573539,0,1,0,0
6676,65.7956695179423,3.68,7.679,0.284088993094715,3.48842551427148,0,0,0,1
6677,60.0037788310488,21.85,0.184,0.179529457535692,3.73365737858952,0,0,1,0
6678,64.4153283089069,10.47,32.173,0.371642687056176,3.98812693440423,0,0,0,1
6679,65.6881258440622,16.32,17.463,0.06408995655223,3.55649704452357,0,1,0,0
6680,62.8633106959448,33.07,31.18,0.125251834338749,3.49104089899353,0,1,0,0
6681,63.4380791123643,38.84,24.496,0.133803249833502,3.29779084578696,0,1,0,0
6682,62.3747780064409,27.52,6.13,0.211025745064073,3.35453581538344,0,0,1,0
6683,61.8392622641309,31.17,34.521,0.16260825388178,3.46265345408494,1,0,0,0
6684,62.9704849447837,9.95,8.194,0.253135160795801,3.25507860927999,0,0,0,1
6685,62.0998614296936,25.1,31.037,0.180529174061084,3.26952550450824,1,0,0,0
6686,48.3189660270077,37.5,41.087,0.0892799678292381,2.6536133494919,0,1,0,0
6687,65.861238488833,5.94,17.052,0.103146518382425,3.76280542535264,0,1,0,0
6688,61.5244950794958,26.14,41.247,0.209537221263659,3.31436212723517,1,0,0,0
6689,59.2338719507182,30.61,34.685,0.131723679989099,3.31649676435647,0,1,0,0
6690,66.1426109258623,12.82,17.016,0.220808167280853,3.36700874346853,1,0,0,0
6691,65.6757979255452,5.96,11.933,0.260750936705149,3.84088580490041,0,0,0,1
6692,56.0935794264642,20.75,13.289,0.0985438315054735,3.76252868196222,0,1,0,0
6693,48.0734953918365,22.5,27.278,0.206931796033327,2.92629406694107,1,0,0,0
6694,62.7002603361712,16.85,10.671,0.0824240763793505,3.53100031259451,0,1,0,0
6695,69.3042782919703,5.88,29.015,0.0995460040386821,3.62376165431994,0,1,0,0
6696,73.0436752038959,11.89,30.903,0.257290935533806,3.73201883262461,0,0,1,0
6697,59.4803054241562,31.21,28.232,0.16759224936588,3.05667602237437,1,0,0,0
6698,65.275393682489,20.0,13.485,0.138436028210507,4.20256574097824,0,0,1,0
6699,64.9670015649794,11.55,19.428,0.202732063933976,3.83276675482379,0,0,1,0
6700,67.0525994339055,16.96,6.04,0.209812032341959,3.74396042293096,0,0,0,1
6701,67.4125061900554,6.24,9.647,0.210389892344902,4.18556711661643,0,0,1,0
6702,64.2287379815478,30.72,24.164,0.110912714788871,4.44198366991765,0,1,0,0
6703,63.5237081280022,8.78,25.145,0.112840222911021,3.74625253241911,0,1,0,0
6704,67.0983253461122,32.72,9.748,0.257401499500617,3.28783567071328,0,0,0,1
6705,71.0687376432458,6.98,24.759,0.0826831769809119,3.4697826874939,0,1,0,0
6706,67.5573706375271,23.22,26.073,0.145996070574915,3.55293514019541,1,0,0,0
6707,75.1577608112355,5.83,3.44,0.29265970901918,4.34594766997922,0,0,0,1
6708,59.6370570296826,25.19,10.311,0.140259504003063,4.19889430401336,1,0,0,0
6709,60.4445706389192,25.93,34.024,0.210628990937862,3.33452045962952,1,0,0,0
6710,64.8113629067536,3.98,1.889,0.211482419085586,2.80950323177442,1,0,0,0
6711,58.5985082341687,32.18,36.641,0.174029101277535,3.97816683089717,1,0,0,0
6712,67.5779309061291,6.73,31.308,0.100884328650318,3.40632129469955,0,1,0,0
6713,56.3174576944764,34.81,6.374,0.347508338483328,3.14497585037054,0,0,0,1
6714,46.4027213239526,7.89,9.183,0.0989794707155317,3.2780251121968,0,1,0,0
6715,63.4601884442135,13.48,24.534,0.102037093994122,3.86127983903418,0,1,0,0
6716,58.6310194442032,24.59,27.839,0.179518748922715,3.96331966882445,0,0,1,0
6717,71.1101934161721,7.38,32.38,0.219729756646114,4.51074865039559,0,0,1,0
6718,67.0394604895848,26.68,27.719,0.219486473771615,4.22366346179113,1,0,0,0
6719,64.3851058203257,27.27,37.586,0.263699790527654,3.80483477186005,0,0,0,1
6720,57.7290753183819,4.76,4.099,0.215227085925341,3.19710048408895,1,0,0,0
6721,62.6944522434172,19.05,11.616,0.202891146034744,3.48618782945545,1,0,0,0
6722,56.9802277967527,28.82,29.06,0.129411029088116,3.8085937226604,0,1,0,0
6723,61.133384696498,37.78,18.419,0.103560201463163,4.09688795028691,0,1,0,0
6724,56.4197673461906,7.76,1.582,0.285668376398292,3.39193821181023,0,0,0,1
6725,46.1491301220934,27.04,37.409,0.213650678031658,2.85038405781887,1,0,0,0
6726,52.9317560808565,31.09,14.226,0.329608366512384,3.62668940772541,0,0,0,1
6727,57.3373668660623,16.84,1.246,0.171297878263253,3.62158707588629,1,0,0,0
6728,67.878534003418,8.84,15.566,0.288843432188568,3.01822244449457,0,0,0,1
6729,66.1315291315439,16.79,5.574,0.10054952662367,3.68228618095099,0,1,0,0
6730,60.3408321834228,25.25,41.78,0.115073133462216,3.19497848370445,0,1,0,0
6731,52.2699702480686,8.05,1.968,0.352581616331919,3.36100209319006,0,0,0,1
6732,54.7183461836085,30.85,41.697,0.206296582882777,3.14726342318733,1,0,0,0
6733,38.8271078738873,5.79,0.32,0.241309259948947,2.90818715807011,0,0,0,1
6734,62.7047331571713,21.31,37.053,0.218552488136579,3.70462754167082,0,0,1,0
6735,71.2277460333035,28.33,18.708,0.122258469624638,3.18468821692753,0,1,0,0
6736,50.979050382087,32.33,36.773,0.223154316161009,2.88844077954693,1,0,0,0
6737,58.3161911344544,22.01,2.938,0.221030565882454,3.27923691797605,0,0,1,0
6738,65.4355230174,26.11,18.79,0.185842690239919,3.56395815421975,0,0,1,0
6739,40.8768524047166,25.62,28.095,0.286839274452352,2.85775582529581,1,0,0,0
6740,68.4473667210098,30.14,34.474,0.224748031887391,3.62353834546245,1,0,0,0
6741,61.5214867763387,31.51,39.838,0.180270435765802,3.33491954178547,1,0,0,0
6742,63.9040261262439,16.43,18.495,0.112607678466849,3.28385952808466,0,1,0,0
6743,58.5909131485793,32.19,20.878,0.29849990936377,3.11565252736155,0,0,0,1
6744,56.3105520321426,23.12,22.097,0.325675900939479,3.55895000381422,0,0,0,1
6745,58.5713501332001,21.5,14.59,0.229021735197701,3.83361083087513,0,0,1,0
6746,59.9126743153187,10.75,1.97,0.391597432682677,3.47356732912461,0,0,0,1
6747,65.1181397020679,27.06,25.596,0.081648065877904,3.81507593570226,0,1,0,0
6748,60.7804110343282,32.72,28.868,0.0797805311935607,3.62067140779668,0,1,0,0
6749,58.4060955680135,33.51,31.797,0.160738500448778,3.18161161120381,0,0,1,0
6750,73.6854221654732,8.23,25.508,0.344798910854856,3.80927937917637,0,0,0,1
6751,49.8248512104465,32.64,38.568,0.122597761772805,3.2344020211732,0,1,0,0
6752,57.3472583531839,17.42,7.522,0.208873946086197,3.74631277049103,1,0,0,0
6753,48.9767867242125,31.51,31.403,0.173459101745578,4.10970889647431,1,0,0,0
6754,64.6958331274055,22.21,1.108,0.269019831061194,3.91235641465534,0,0,1,0
6755,73.1846526932847,27.6,15.761,0.209558891957949,4.5432911468141,0,0,1,0
6756,64.9120191079686,13.36,28.926,0.174496800859458,4.02774435257855,0,0,1,0
6757,60.6875481432641,11.27,4.342,0.182133320247588,3.41096144378312,0,0,1,0
6758,68.8776358658347,9.16,6.606,0.223633320619054,4.65004483992188,1,0,0,0
6759,54.5014430236863,5.04,2.876,0.214722370026849,3.18006013139718,1,0,0,0
6760,62.3542789484708,5.01,7.309,0.203202626713188,3.83847830565988,0,0,0,1
6761,58.0139896469764,13.28,4.351,0.194789114189523,3.48965810417801,0,0,1,0
6762,56.5453310255747,12.4,7.375,0.245740647041427,4.10543466372747,0,0,0,1
6763,65.5029232700527,32.35,17.278,0.271177042707078,3.65096110237771,1,0,0,0
6764,46.0514911224651,35.66,42.112,0.0706406795665502,3.26040153979998,0,1,0,0
6765,62.3533116479347,23.87,29.059,0.216038614716297,3.44531408984672,1,0,0,0
6766,51.7491907352067,29.55,16.09,0.0770288952011556,3.01924921899796,0,1,0,0
6767,51.2502895536,27.2,17.278,0.207675654177901,3.04878418781176,0,0,1,0
6768,61.8488583227026,23.37,14.413,0.213454537534538,3.19847535730253,0,0,1,0
6769,47.9019181870271,32.77,32.469,0.220804164015013,2.42915439017312,1,0,0,0
6770,50.6908592881701,5.39,7.594,0.21152435066642,2.76626649974347,0,0,1,0
6771,39.4727661281137,25.86,36.968,0.15648393845821,2.82125955249635,0,0,1,0
6772,57.5060885728219,29.31,35.749,0.0484827313556926,3.37242357376963,0,1,0,0
6773,58.224486570074,21.45,26.88,0.204886403144129,3.29505233558241,1,0,0,0
6774,52.1388681726191,6.78,6.709,0.0984740830300426,3.79266287773577,0,1,0,0
6775,63.187202313852,30.69,37.646,0.119230862542452,3.18343815197359,0,0,1,0
6776,72.1702269270383,32.74,10.811,0.321540241550621,3.38221360472701,0,0,0,1
6777,59.6588340320321,20.23,3.665,0.212879517678346,3.31337126885658,0,0,1,0
6778,61.9222081316035,22.16,15.291,0.222558962998173,4.02088912651989,1,0,0,0
6779,67.8256023724184,39.86,20.134,0.0926737594733814,3.64069806894517,0,1,0,0
6780,61.3525808565498,5.64,16.517,0.0978105943172942,3.35765541743467,0,1,0,0
6781,64.9765525986931,24.09,10.997,0.406889839508491,3.98773250523786,0,0,0,1
6782,55.2436982654529,16.17,6.134,0.271724087084372,3.50667872397466,1,0,0,0
6783,62.492093972245,37.52,40.754,0.188548527496189,3.40293156479166,1,0,0,0
6784,59.708776973613,16.11,4.107,0.131196414586179,3.26020032278592,1,0,0,0
6785,61.9621482163459,34.0,29.988,0.188024109738303,3.38233207412901,1,0,0,0
6786,59.6464058614545,12.98,13.756,0.214259287357399,3.24342625455389,0,0,1,0
6787,61.7535039477078,24.3,39.695,0.0951432474421201,3.18113224837238,0,1,0,0
6788,63.0268371834104,23.16,16.048,0.0970545217528372,3.71385158564242,0,1,0,0
6789,47.2409514764909,31.52,22.611,0.263768967742903,3.0922813714262,1,0,0,0
6790,70.5474220354997,27.95,33.527,0.0997402451197462,4.07557366136685,0,1,0,0
6791,64.4657059296699,25.37,24.458,0.197302987621169,3.65030906657203,1,0,0,0
6792,58.6559570417903,19.05,8.929,0.154701327877116,3.60994838673021,0,0,1,0
6793,61.3305671625403,18.92,18.567,0.186771608595132,3.60051169467694,0,0,1,0
6794,59.7750354727858,37.33,23.419,0.331852577810925,2.94849118512238,0,0,0,1
6795,38.4560256149229,7.82,6.707,0.0913621320108106,2.46917733271059,0,1,0,0
6796,42.885995964515,26.33,17.891,0.232182424895777,2.95785402582993,1,0,0,0
6797,57.8361690994852,24.04,3.655,0.209560070844917,2.53477869966371,0,0,1,0
6798,68.5458034144417,7.3,21.934,0.0988036520501946,4.41625571428913,0,1,0,0
6799,59.5477841856062,16.84,16.017,0.203636500683908,3.07961221632773,0,0,1,0
6800,41.3681655260498,28.45,29.587,0.120419421118454,3.03333896185127,0,1,0,0
6801,45.2402486993886,46.02,42.516,0.17163126600934,2.97692045196612,1,0,0,0
6802,61.3253978071223,16.79,14.811,0.1739945332479,3.62056830890125,1,0,0,0
6803,56.4709260935007,31.2,19.396,0.0906329593550163,3.30322704612915,0,1,0,0
6804,62.4640948147532,5.72,5.931,0.337774877606239,3.24554644415939,0,0,0,1
6805,56.8952361659893,30.11,5.52,0.113330959795506,3.43060209652911,0,1,0,0
6806,69.9409514235961,19.2,4.44,0.208977952505377,3.68868924615741,0,0,1,0
6807,37.6419661056707,23.69,21.717,0.212272632202706,2.92637249909499,1,0,0,0
6808,61.7541584287836,25.3,3.711,0.247995249621648,3.57037075775611,0,0,1,0
6809,60.9601052474737,22.08,26.915,0.145604777715144,3.83865182821228,1,0,0,0
6810,68.4135419791037,5.97,8.441,0.387400388564578,2.93234612326111,0,0,0,1
6811,61.7151423205869,34.48,8.653,0.246340715677623,3.77167683322307,1,0,0,0
6812,62.389322243263,25.39,13.272,0.229480088570552,3.17465113781232,1,0,0,0
6813,54.3960296143263,5.92,8.489,0.19343932598814,3.20057593974849,1,0,0,0
6814,68.5061785131685,32.49,42.262,0.241358570489321,3.92582807669753,1,0,0,0
6815,63.8230999996771,32.9,17.887,0.129909548955475,3.37559259928116,0,1,0,0
6816,58.7625951146226,27.3,43.155,0.116262459923426,3.86051774962435,1,0,0,0
6817,67.6789795267455,9.14,17.144,0.0865207442651411,3.28576765538949,0,1,0,0
6818,60.4556520174656,35.1,8.732,0.0808869383250451,3.42671236933859,0,1,0,0
6819,68.6679210469108,33.58,47.081,0.184734467893902,3.60799695317946,1,0,0,0
6820,64.389572027607,7.33,34.185,0.213340729528612,3.54122297182311,0,0,1,0
6821,65.8529882388268,36.36,26.412,0.163636265643609,3.29916237575933,1,0,0,0
6822,68.7454910856405,33.49,30.008,0.240846626003498,4.42626837171738,0,0,0,1
6823,45.4027676010708,37.46,40.724,0.139489442069092,3.07545641782519,1,0,0,0
6824,66.4141631108524,23.16,28.975,0.0693612445960663,4.28008856024537,0,1,0,0
6825,63.6660328338942,29.29,17.724,0.0984504711976178,3.35899126315623,0,1,0,0
6826,65.6125170447849,14.52,25.514,0.148638146261685,4.24374794998011,0,0,1,0
6827,58.5719801844436,20.4,2.052,0.10697315806055,3.01932321052839,0,1,0,0
6828,51.3494000705917,7.11,4.586,0.121798516442386,3.03452290387899,0,1,0,0
6829,59.028715450625,21.66,19.057,0.248615195606834,3.76092762976966,0,0,0,1
6830,69.4387618663177,31.01,24.191,0.173006571270395,4.40994764206315,1,0,0,0
6831,60.2056209360166,16.57,6.772,0.0800843562358503,3.35193510653479,0,1,0,0
6832,53.5627241232018,37.94,3.942,0.273594624591219,2.93394721682133,0,0,0,1
6833,64.8776999553195,28.17,22.651,0.263737996382988,3.31208932380944,0,0,1,0
6834,73.1501447526509,11.31,10.77,0.192510124843377,4.2829151804827,0,0,1,0
6835,61.0643286099523,22.34,1.578,0.175356212845953,3.48984181372678,1,0,0,0
6836,70.0764568297354,30.41,33.016,0.100165742824913,3.44113162235866,0,1,0,0
6837,60.5801185612582,11.92,2.076,0.201836966364498,2.80734153938907,1,0,0,0
6838,54.8964514662777,23.04,5.707,0.101595991944826,3.22134089558256,0,1,0,0
6839,61.3774343402018,20.26,5.836,0.14354010969734,2.98133321245157,1,0,0,0
6840,56.325852296497,30.88,47.429,0.189420089420475,2.82465885294841,1,0,0,0
6841,70.0862005759507,21.92,24.254,0.202878041167049,3.42506532896405,1,0,0,0
6842,58.1551128357565,14.63,19.52,0.0912310007219435,3.38338901929804,0,1,0,0
6843,64.487253041701,25.93,42.456,0.252405070791531,4.09455196056456,1,0,0,0
6844,66.121079907558,34.53,29.952,0.129372209060784,3.82235633816359,0,1,0,0
6845,65.4873991341267,19.52,26.327,0.145907859006301,3.31634322343409,1,0,0,0
6846,61.0719154995446,32.72,28.649,0.156027881050904,3.66142353311909,1,0,0,0
6847,66.5900562070957,27.05,4.495,0.298915649613264,3.91776433706279,0,0,0,1
6848,61.2603011329418,30.02,47.086,0.102273491456271,3.23116714434555,0,1,0,0
6849,73.1754701593675,10.49,21.96,0.0623320763518865,3.89717899411548,0,1,0,0
6850,72.3326405662542,25.73,12.67,0.0867470264891358,3.27706417580182,0,1,0,0
6851,43.5969106425096,30.24,19.007,0.127817419594103,2.87169800176243,0,1,0,0
6852,70.619761419755,17.24,21.195,0.205870582134531,3.47146058824645,0,0,1,0
6853,49.6706501183284,3.58,9.087,0.340341171860332,3.17901724989159,0,0,0,1
6854,66.5554110206717,10.67,25.36,0.0713871163816289,2.98707766594199,0,1,0,0
6855,71.2819424374965,14.97,12.206,0.193406833912258,3.73721711554095,0,0,1,0
6856,64.1279133252593,20.65,5.577,0.159741968507712,3.01128796027029,0,0,1,0
6857,68.438877462483,9.12,28.906,0.206869038512371,3.66581820031301,0,0,1,0
6858,48.9223921569992,28.02,35.568,0.246129138551946,3.61386137910443,1,0,0,0
6859,69.3954860448455,8.81,18.65,0.151205321895625,3.46829350000598,1,0,0,0
6860,48.3729142325676,21.81,22.768,0.0983121824357811,2.89283214332446,0,1,0,0
6861,62.369516558392,27.3,31.059,0.158905567804613,3.63341327083461,1,0,0,0
6862,67.2914414177078,10.41,12.473,0.0809634082516465,3.8467352586736,0,1,0,0
6863,50.0667517336582,26.94,28.048,0.417697467853618,2.91367358218436,0,0,0,1
6864,59.3264430955009,18.3,17.121,0.201698269772427,3.16955806826492,1,0,0,0
6865,54.3917757502557,33.65,26.995,0.225073964927016,3.86923674554693,1,0,0,0
6866,56.5198501053975,16.72,6.215,0.223557267847231,3.35312433289169,0,0,0,1
6867,70.9446623105676,6.07,23.463,0.220176604807907,3.52860306124587,1,0,0,0
6868,56.2664368183986,4.13,3.652,0.219303825556539,3.40493540342218,0,0,0,1
6869,59.7337979634554,29.85,36.213,0.197860856874851,3.02616860677712,1,0,0,0
6870,63.3700745272658,30.52,26.755,0.116087572754364,4.3188786113653,0,0,1,0
6871,61.8333165208933,22.68,14.169,0.0840852225965132,3.67084141045835,0,1,0,0
6872,60.9103113353951,30.18,30.229,0.198469154068761,3.13987014547476,1,0,0,0
6873,56.3004932610357,4.99,1.291,0.411431196101896,3.53694609467899,0,0,0,1
6874,58.9491256562937,29.37,25.496,0.11370883304345,3.67361906985451,0,1,0,0
6875,60.3236184032473,16.94,16.167,0.238772272008587,3.02760212793117,1,0,0,0
6876,57.5918578855426,33.58,32.467,0.188949153569869,3.92787154137781,1,0,0,0
6877,49.7905904189024,6.21,0.502,0.350494470577854,3.0047539536781,0,0,0,1
6878,68.1797264515065,26.51,23.971,0.221664169125867,3.90749511848884,0,0,0,1
6879,71.8544934374774,9.45,20.155,0.110741603708129,3.81649958379265,0,1,0,0
6880,62.63068109661,21.96,3.981,0.229686789949786,3.53242519227393,0,0,1,0
6881,57.3780559484409,19.13,5.028,0.225606361812814,3.79658363955476,0,0,1,0
6882,60.8451288510156,17.57,19.152,0.201260750677585,4.03657851705199,0,0,1,0
6883,64.1950257416257,30.87,53.381,0.242388781691203,4.08958615929378,1,0,0,0
6884,46.5396086025062,29.64,48.266,0.234303582354171,3.42795051086994,1,0,0,0
6885,69.0421854786321,21.68,23.412,0.196263631209063,4.5571275207721,1,0,0,0
6886,52.7352147523967,4.81,5.451,0.225168402032227,2.88879431249,0,0,0,1
6887,67.3299901296561,31.3,27.774,0.358156224320973,3.54886980399949,0,0,0,1
6888,62.0575889223876,30.0,8.239,0.205153316208883,3.59781551991892,1,0,0,0
6889,49.2977811162036,32.58,42.537,0.215444446188705,2.85046082517253,1,0,0,0
6890,61.3405376144407,30.24,19.94,0.146721725431437,3.4959225672929,1,0,0,0
6891,61.4327773558662,24.11,29.488,0.172294105904313,2.96736437917764,1,0,0,0
6892,63.8672857738521,21.98,11.797,0.139174267010658,3.75884569060315,1,0,0,0
6893,66.7499899686651,18.89,14.568,0.176233099195428,3.7924318502325,0,0,1,0
6894,57.1545275229771,29.29,16.769,0.28131307033014,3.26308955908567,1,0,0,0
6895,64.7897150119591,31.43,37.188,0.0810306335873183,2.84971711087791,0,1,0,0
6896,61.0882727513864,30.06,39.899,0.0877158037146774,4.03470157249439,0,1,0,0
6897,54.9625495279641,8.31,24.078,0.234390659700582,3.84117288650906,1,0,0,0
6898,66.824890521217,8.29,20.279,0.201551678486783,3.89664958758064,1,0,0,0
6899,48.3342615817806,34.3,25.678,0.177733415176959,3.15309738614116,1,0,0,0
6900,53.677484811356,20.78,4.783,0.178165528311209,3.18081727122617,0,0,1,0
6901,61.7032061572759,31.02,23.591,0.204703796536747,4.0333530260744,1,0,0,0
6902,64.7945243870316,4.81,8.841,0.318478669532363,3.61963780811422,0,0,0,1
6903,47.2544029498941,17.13,31.854,0.282976636907416,3.06816073603797,0,0,0,1
6904,52.6431790882867,4.33,2.449,0.22061877838695,2.72476142981698,0,0,1,0
6905,50.6078385153996,4.84,7.852,0.282458119101337,2.55252940896075,0,0,0,1
6906,57.0183373752491,10.27,3.289,0.351826679034112,3.46525787883758,0,0,0,1
6907,59.1806059295048,13.71,0.917,0.0810448127371297,3.44315053933619,0,1,0,0
6908,63.8406449592159,30.24,29.494,0.107807692296807,4.04740349630483,0,1,0,0
6909,67.8879578041932,14.1,17.53,0.280245863532865,3.45899972106186,0,0,1,0
6910,62.1595428300597,28.1,33.248,0.161539838441241,3.2938104327201,1,0,0,0
6911,71.3566963145838,5.49,25.032,0.36080681897663,3.85807945349834,0,0,0,1
6912,50.1852811382559,32.68,17.43,0.180862822656035,3.27709791379662,1,0,0,0
6913,61.3190815075058,25.63,13.399,0.11656980091344,3.0156706719838,0,1,0,0
6914,62.042315759213,19.57,5.961,0.189178976374495,3.13628384398903,0,0,1,0
6915,68.9423331353793,31.49,23.39,0.13568272138926,3.60813485001905,0,1,0,0
6916,59.2151966960136,26.48,4.462,0.255081678306275,4.11543873935471,1,0,0,0
6917,66.7619883730928,31.27,18.523,0.186154225940865,3.09620890944597,1,0,0,0
6918,59.0758847118461,17.22,11.29,0.178547350534163,3.12721305627253,1,0,0,0
6919,59.3118491785985,29.14,8.189,0.112544524119822,3.25134637902503,0,1,0,0
6920,69.5662953180913,31.9,11.144,0.120058509766565,3.73481799045026,0,1,0,0
6921,62.2853412975415,18.99,2.977,0.237419720525255,3.64824428584499,0,0,1,0
6922,57.5498010839436,37.03,26.1,0.20104156381942,3.44659666175291,1,0,0,0
6923,57.1887036176644,18.16,13.538,0.202208383277477,3.26291719832549,1,0,0,0
6924,74.4701210770852,6.08,17.019,0.409717024340384,4.33238188360106,0,0,0,1
6925,63.874740771849,5.99,23.079,0.123110305163821,3.9723907942026,0,0,1,0
6926,69.8189981408301,7.19,3.927,0.122613997554318,3.41475644308962,0,1,0,0
6927,52.0968849197249,8.48,4.604,0.136017459018527,3.19345632956349,0,1,0,0
6928,59.0347116564916,31.86,22.56,0.126685742696823,2.82128832529116,1,0,0,0
6929,55.9580065020643,12.47,7.823,0.231738827339404,3.2725557567731,0,0,1,0
6930,54.089792664836,37.11,31.741,0.205500878963211,3.53832340059909,1,0,0,0
6931,70.1799954674051,5.1,15.734,0.111614129170678,3.57521226964838,0,1,0,0
6932,50.795460342416,7.01,6.685,0.275069205947458,2.87350532583495,0,0,0,1
6933,50.1420987316212,34.83,20.254,0.28696432810436,3.4515047850886,1,0,0,0
6934,71.7192590173168,6.9,13.293,0.138205743701234,2.66255482438614,0,0,1,0
6935,62.3280035303182,25.52,36.044,0.0705798663471568,3.20151701213854,0,1,0,0
6936,54.8496110849295,28.23,33.153,0.109903381045754,3.24000419176794,0,1,0,0
6937,70.8955301015123,34.37,37.629,0.151721818097474,3.84550892723895,1,0,0,0
6938,55.6407909603341,8.58,2.033,0.291992440812584,3.45305774234299,0,0,0,1
6939,58.9628480019255,21.11,14.925,0.233629378543996,3.21374191894902,1,0,0,0
6940,46.2066041964053,23.09,26.773,0.204687864304614,2.74018499652556,1,0,0,0
6941,59.6939846682004,36.73,31.901,0.16735550667901,4.12533022257264,1,0,0,0
6942,53.2034977090374,3.97,3.51,0.265941409449354,2.99671789621958,0,0,0,1
6943,60.9885662384347,23.75,11.58,0.277570098879991,3.39953962418687,0,0,0,1
6944,55.980320530081,22.87,2.309,0.240373172408991,3.54558110668818,0,0,0,1
6945,63.555779720975,27.93,33.178,0.186361210101882,3.71106532585686,0,0,1,0
6946,75.4705677457996,3.77,0.906,0.30585767810356,3.92324479486907,0,0,0,1
6947,48.0484493975714,15.94,6.193,0.41407053736997,2.76672387087657,0,0,0,1
6948,72.0101075825453,29.79,20.998,0.105778189107664,3.25477918974893,0,1,0,0
6949,64.4877013067366,34.88,24.196,0.18791326345484,4.0872030735793,1,0,0,0
6950,60.0796267250382,14.25,6.207,0.326704210109452,3.21821236483517,0,0,0,1
6951,60.8625337997441,30.11,20.463,0.185170906043526,3.17015681548392,0,0,1,0
6952,68.7744773944666,10.52,19.03,0.074926195565371,4.33374845659506,0,1,0,0
6953,68.4263992860542,32.67,16.474,0.151220060048891,3.57445927308906,1,0,0,0
6954,62.7724885852316,22.02,11.189,0.142202605992966,4.06041567393266,0,0,1,0
6955,70.0675939642631,13.52,18.884,0.320456074764178,3.49610742211773,0,0,0,1
6956,65.8672214925301,14.39,15.163,0.150835382566138,3.54076219101038,0,0,1,0
6957,66.3385957857293,6.44,0.124,0.244593258134785,3.80505636173991,0,0,0,1
6958,66.4368496924338,33.13,33.844,0.120402977661952,3.70281196611105,1,0,0,0
6959,67.5755165619087,28.91,14.641,0.294788558340701,3.99042262499593,1,0,0,0
6960,48.7755563038301,34.28,30.388,0.163114367307099,3.28353618308134,0,0,1,0
6961,61.3698454988562,16.78,3.614,0.181628204606005,3.94189910861322,1,0,0,0
6962,59.7263443512102,13.92,9.984,0.348736072655839,3.48601905660175,0,0,0,1
6963,58.4719539486573,32.73,31.409,0.177975801230817,3.2217069983855,1,0,0,0
6964,63.2596411856435,16.89,26.728,0.195576370066643,3.99565101611514,0,0,1,0
6965,64.2483411038052,26.66,48.321,0.0879058013879978,3.60892479952874,0,1,0,0
6966,48.959481780439,5.83,4.734,0.256069227308638,3.4285929273456,0,0,0,1
6967,47.8069248838662,41.45,31.335,0.195451808148014,2.83706671114738,1,0,0,0
6968,49.7521875156003,12.63,8.08,0.28490613189833,3.38178676557518,0,0,0,1
6969,63.9696982344863,34.56,26.966,0.216934402388244,3.6964728107258,1,0,0,0
6970,59.6416234446154,16.9,8.253,0.0893055119254906,2.98214974138478,0,1,0,0
6971,68.6055905727409,37.04,46.486,0.246258551967512,3.79366037475736,0,0,1,0
6972,47.4785154247752,10.91,9.853,0.115793961162297,2.9011488524309,0,1,0,0
6973,64.5766057767891,22.9,16.87,0.182822236209924,3.12838433067049,0,0,0,1
6974,65.966277085206,6.66,7.606,0.286030734073189,3.43416368452795,0,0,0,1
6975,59.9916630069636,25.34,33.653,0.16841639371651,2.96769658318665,1,0,0,0
6976,56.9010086817617,27.91,36.019,0.308532191880246,3.79516269312864,0,0,0,1
6977,58.0068523939353,15.86,2.626,0.172606687004792,2.66469504260848,0,0,1,0
6978,43.1696183624009,42.35,30.969,0.33403442738417,2.23182739328266,0,0,0,1
6979,61.4891192966378,28.44,43.418,0.0767704744985875,3.22534247904785,0,1,0,0
6980,67.6104019150293,20.81,13.29,0.206137896035716,2.98978427452913,0,0,1,0
6981,59.3614409437307,34.87,32.6,0.111191176248233,3.55781715825841,0,1,0,0
6982,37.1114098553469,27.75,32.288,0.393114177336382,2.92231722694504,0,0,0,1
6983,70.3609627997935,14.71,9.617,0.299383338154314,4.19939840997126,0,0,0,1
6984,54.451699451171,23.42,40.589,0.0915911513051929,3.15282812035551,0,1,0,0
6985,55.731515715886,25.91,1.3,0.128354974969066,3.65527317611864,0,1,0,0
6986,49.9390467321383,29.63,36.822,0.213481989367644,3.52349520476506,1,0,0,0
6987,54.8797649268812,26.0,33.867,0.223610587321104,3.15161185994764,1,0,0,0
6988,62.0552448655609,16.17,21.247,0.10187543717816,3.14391790679075,0,1,0,0
6989,60.6713468653782,29.86,33.438,0.177082240484126,3.27893847350811,1,0,0,0
6990,57.8381069925105,19.32,6.105,0.145797353056921,3.22360086465157,1,0,0,0
6991,52.8238400700215,5.71,2.628,0.189626335944044,3.55310412293708,0,0,0,1
6992,62.2817849443542,4.3,1.702,0.379955543757221,3.60183075525411,0,0,0,1
6993,51.4768996262316,37.58,39.58,0.177573278971773,3.35629226233993,0,0,1,0
6994,63.7262930035224,25.29,6.735,0.0791872419829671,3.26064113469036,0,1,0,0
6995,64.4584165556317,20.08,30.259,0.199845944022868,4.21421761208151,1,0,0,0
6996,63.1516690424163,38.08,18.14,0.0969382802986879,3.9654160502544,0,1,0,0
6997,61.4847673078022,19.39,5.169,0.1855088972972,3.21358245485455,1,0,0,0
6998,72.4702198469396,3.31,2.132,0.296384142701073,3.2177561675175,0,0,0,1
6999,66.0845032618205,34.13,33.443,0.092239936151869,3.73267437144656,0,1,0,0
7000,64.5393789857539,26.99,9.291,0.218134694275678,3.08243559307775,1,0,0,0
7001,70.8233493155531,13.21,20.85,0.194762801965595,3.71699404544978,0,0,1,0
7002,42.2693988687845,6.58,2.087,0.2583867785891,2.80746864906069,0,0,0,1
7003,65.380693317315,29.28,17.734,0.120397612206292,3.58808059286481,0,1,0,0
7004,55.5995508348875,17.05,3.402,0.347927450860563,3.25201569719462,0,0,0,1
7005,55.5299252468147,26.35,23.577,0.127109957505168,2.7630871813311,0,1,0,0
7006,57.5926498925133,26.13,15.869,0.211000402626093,3.58463862617558,1,0,0,0
7007,42.3811598882969,31.42,23.622,0.234567428390823,2.99444707237492,1,0,0,0
7008,65.565159195154,34.18,33.74,0.227035956024895,3.60899945449391,1,0,0,0
7009,71.4291785280231,12.26,34.484,0.0954019827254745,3.75570546301131,0,1,0,0
7010,70.5434741835266,11.06,8.711,0.07713859691589,3.71198970030711,0,1,0,0
7011,67.7736923969237,34.65,30.241,0.226275508711203,2.56806888325719,1,0,0,0
7012,65.5306398555275,9.91,4.935,0.191785455029256,4.03641385212302,1,0,0,0
7013,48.3429688542109,5.11,7.142,0.349002344412347,3.08153269131291,0,0,0,1
7014,56.1461879581854,4.21,6.864,0.38468515013306,2.97392339789661,0,0,0,1
7015,53.2161260370012,5.19,8.691,0.248124989601907,3.00915199222531,0,0,0,1
7016,56.2401432102762,26.36,25.178,0.116203619072397,3.27904613117148,0,1,0,0
7017,67.1760916512531,6.39,18.754,0.101177001163615,3.53718238315144,0,1,0,0
7018,64.0555459738598,11.7,12.786,0.08523969658386,4.31710055140043,0,1,0,0
7019,56.7298772444062,7.36,5.492,0.231027329508073,3.29314207236468,0,0,0,1
7020,72.0110977744334,14.53,20.332,0.235369890973782,3.50919549106662,0,0,0,1
7021,51.327327364867,11.65,0.891,0.35465524767285,3.68438787237022,0,0,0,1
7022,65.1920165316246,5.88,1.854,0.281611629963607,3.2715739569558,0,0,0,1
7023,49.073246529715,26.81,24.798,0.20204440145132,2.99774322141913,1,0,0,0
7024,63.7786189893535,19.79,2.518,0.209530186946861,3.13787680014306,1,0,0,0
7025,48.9520880401859,31.15,36.651,0.166312518050069,2.90476979862685,1,0,0,0
7026,67.0648630677521,14.67,16.928,0.190086807247591,3.53685493997438,1,0,0,0
7027,62.6602304722822,7.29,10.735,0.0773851539917031,3.68183909051364,0,1,0,0
7028,61.2931591000146,23.06,9.112,0.0814676424309302,3.87896754865157,0,1,0,0
7029,66.8865809992342,11.11,1.502,0.0733032425153035,4.0504718736617,0,1,0,0
7030,64.4300646290844,33.46,24.507,0.0856763056938674,4.33380231215027,0,1,0,0
7031,61.8138916947773,26.38,15.743,0.25638265180549,3.4807963569109,1,0,0,0
7032,57.5251818593485,5.68,0.596,0.20035486492559,3.26410468728395,0,0,1,0
7033,62.1021457981165,22.82,32.836,0.267352851626074,3.83373513682623,0,0,0,1
7034,63.9060214734941,13.73,4.663,0.134765425741196,3.25562414281837,1,0,0,0
7035,61.6660493640842,29.94,35.695,0.176686855562813,2.95929191573427,1,0,0,0
7036,61.5125262926436,18.41,1.08,0.251165956847593,3.23181118604455,0,0,1,0
7037,60.3754714986958,34.17,36.003,0.222554461105948,3.76885776227969,1,0,0,0
7038,66.4494555502297,31.32,11.865,0.11862450793657,3.44594841528127,0,1,0,0
7039,63.3890982400488,15.71,9.126,0.167534772880239,3.91003925752595,0,0,1,0
7040,66.5226667735129,22.91,34.954,0.241647047885823,3.51275760537956,0,0,1,0
7041,44.5655455652095,25.28,15.826,0.208472555277354,2.80767869095324,1,0,0,0
7042,60.8336449759688,18.1,13.614,0.147848291028155,3.16806098887859,1,0,0,0
7043,64.6285039768528,22.73,12.213,0.109694036975515,3.61158816573874,0,1,0,0
7044,43.592251166423,21.21,22.818,0.178649770821564,2.3409898945704,1,0,0,0
7045,50.3334279594042,13.29,8.94,0.31950946973415,3.34969133277077,0,0,0,1
7046,55.5980367961683,8.28,0.717,0.3495135215858,3.43797880625436,0,0,0,1
7047,43.9488281608474,31.3,46.238,0.105013249012037,3.31073201433221,0,1,0,0
7048,52.6551245929267,6.25,5.327,0.2655210640221,3.80339524836872,0,0,0,1
7049,52.232718640483,27.63,34.938,0.123447056526663,2.74391562383516,0,1,0,0
7050,65.5048866137675,17.48,2.908,0.170683445656298,3.7692333879376,1,0,0,0
7051,61.6299302310475,33.13,10.69,0.06336471532173,3.15814065949738,0,1,0,0
7052,77.3371403775737,28.14,19.248,0.156050640831933,4.289981858599,1,0,0,0
7053,61.2098867600383,18.46,0.163,0.182598391261612,2.68660841292524,0,0,1,0
7054,67.9316289649718,29.31,41.612,0.257932710600528,3.75969853626554,1,0,0,0
7055,57.9951109271294,26.68,35.971,0.07355304821467,3.27140715440115,0,1,0,0
7056,53.4005589601383,8.9,8.91,0.167444813735183,2.94457388139692,1,0,0,0
7057,61.7119965393905,11.98,32.828,0.104686533808777,3.82675608025909,0,1,0,0
7058,50.4573159654267,32.88,33.664,0.212050346724473,2.72009793711846,1,0,0,0
7059,60.9712812276817,15.27,24.646,0.103203877292383,3.81846652216657,0,1,0,0
7060,50.03933307092,11.97,7.896,0.118857930818814,3.21654011395233,0,1,0,0
7061,44.9754211892944,4.8,3.223,0.322112559945979,2.95161919585676,0,0,0,1
7062,64.5095355205812,33.57,26.24,0.174369808238945,4.11066633706754,1,0,0,0
7063,72.2294080227181,9.86,16.016,0.117528607226033,3.88593754216437,0,1,0,0
7064,64.0751124181308,7.11,8.622,0.284264864607819,3.84903868450949,0,0,0,1
7065,64.2444720027959,6.49,34.415,0.102437836257974,3.57585572581376,0,1,0,0
7066,60.6954509468937,21.64,36.175,0.35805935094273,3.74179464251174,0,0,0,1
7067,51.7252640520032,33.73,31.805,0.0894123610243897,3.14901001035115,1,0,0,0
7068,67.5967910946048,34.79,8.45,0.188538560715856,3.79849448438635,0,0,1,0
7069,43.0010866515009,7.61,5.135,0.300279151206714,3.02866858549448,0,0,0,1
7070,65.1707239840716,6.91,19.728,0.122691508000373,4.04033924347372,0,1,0,0
7071,66.0564903345914,34.55,19.388,0.124665749630381,3.09963473445171,0,1,0,0
7072,68.9835145403063,6.29,29.531,0.205560571992547,3.85069813583753,0,0,1,0
7073,67.8945551030556,14.54,29.645,0.417940795605629,3.51672696866032,0,0,0,1
7074,65.4466372648849,17.0,3.508,0.0833516890507183,3.65774479894491,0,1,0,0
7075,67.5747110427436,29.36,31.893,0.159723052779895,3.95399382206959,1,0,0,0
7076,70.5226284713007,5.06,30.072,0.235395806704263,3.62793090857544,0,0,1,0
7077,43.7853106013161,6.07,6.875,0.0656465798179763,3.41672257004462,0,1,0,0
7078,40.501510325027,7.18,2.657,0.33657650751862,2.9416162346681,0,0,0,1
7079,68.0563038133186,20.77,13.233,0.0861505519356206,3.37895947387549,0,1,0,0
7080,47.0897953140914,28.42,31.118,0.0781310181109826,3.24533679564415,0,1,0,0
7081,69.6263039949659,26.93,20.512,0.182500398760772,3.89658707811751,1,0,0,0
7082,68.1963962288137,26.37,37.695,0.252867314614493,4.00752154109112,1,0,0,0
7083,67.2634767933258,5.91,15.4,0.178948817059465,4.00555236339944,1,0,0,0
7084,51.6062314185884,23.83,32.945,0.209934542432908,3.208216611513,1,0,0,0
7085,63.2363946068716,13.08,33.185,0.0861008661055849,3.17704161880633,0,1,0,0
7086,51.408713395179,12.99,0.201,0.333865269504237,3.59388389627833,0,0,0,1
7087,63.8593514810214,34.96,26.6,0.105637374053108,3.61787413866544,0,1,0,0
7088,64.3825706255538,21.98,19.392,0.221710167565176,3.53937414366786,0,0,1,0
7089,67.6942100266759,7.74,18.25,0.283316897896463,3.98489993187029,0,0,1,0
7090,69.5713947269788,13.72,13.767,0.13669678547645,4.01855849497617,1,0,0,0
7091,47.5498246446787,19.5,31.788,0.152448756185341,3.15516491872344,0,0,1,0
7092,62.4333236207181,19.5,16.423,0.267555536047693,3.67993955412228,0,0,0,1
7093,67.5679196139593,10.45,24.823,0.387010135871155,3.10821407826729,0,0,0,1
7094,67.8849887478728,9.47,10.914,0.233605192517797,3.8381611994605,0,0,1,0
7095,72.105237380995,11.16,7.37,0.168803061875468,3.07401745381986,1,0,0,0
7096,62.2519561644556,9.68,20.224,0.109516513987538,3.62230869757107,0,1,0,0
7097,73.457994266229,32.87,25.58,0.199727720549288,3.8921813004603,1,0,0,0
7098,56.5213991755448,31.8,5.522,0.254070824217515,3.11940499314872,1,0,0,0
7099,49.1934713713398,6.3,0.123,0.20994811464277,2.57900912810584,0,0,0,1
7100,65.8903927429405,26.98,34.834,0.189839390022839,4.27986833717092,1,0,0,0
7101,58.1086773553103,31.32,32.573,0.229219422583731,3.78905763603754,1,0,0,0
7102,61.7797917873348,13.45,25.438,0.27794660680687,3.27691099762843,0,0,0,1
7103,58.0222878949095,33.68,32.811,0.176303384943735,3.90066294767267,1,0,0,0
7104,46.2457780620858,35.35,25.356,0.214418085923434,3.61591785018833,1,0,0,0
7105,57.1128300927712,17.52,10.42,0.255013690376552,3.13160668120178,0,0,1,0
7106,50.5359399790922,10.72,3.521,0.292638340071966,3.16427182575026,0,0,0,1
7107,67.4743777002063,25.08,37.549,0.212712740354054,3.45362759446302,1,0,0,0
7108,69.4915020381783,8.51,28.154,0.0954660833064136,3.39273074359266,0,1,0,0
7109,54.282783637925,5.14,8.144,0.349315709705568,3.2690999304511,0,0,0,1
7110,52.4474115909588,36.8,30.025,0.183398431153633,2.89830730893761,1,0,0,0
7111,60.9381963990352,40.16,28.214,0.12900217272479,3.2892600634483,1,0,0,0
7112,53.0309956233769,6.82,0.377,0.107415482322491,3.12576226900256,0,1,0,0
7113,58.1613443459022,28.81,6.822,0.192888544041564,3.35979717858481,0,0,0,1
7114,66.0405350306065,9.51,27.273,0.143105189009716,3.55907048441599,0,1,0,0
7115,63.0941937937535,9.23,27.203,0.12033514401114,4.01381453037659,0,1,0,0
7116,62.0626587751667,16.86,3.139,0.193658622998162,3.58160501515828,0,0,1,0
7117,65.1739239721943,29.17,35.781,0.311518125827842,3.59915444653673,0,0,0,1
7118,44.5420930962865,36.68,40.668,0.315065873568495,3.18007861254962,0,0,0,1
7119,44.0736889358552,27.2,27.183,0.337104865660499,3.58940477817158,0,0,0,1
7120,60.3614685637331,23.22,22.301,0.321653276070556,3.4489854928731,0,0,0,1
7121,44.2115530074927,27.28,22.681,0.223844977200432,2.43457497577916,1,0,0,0
7122,42.1265973754986,29.11,18.372,0.0662953416441009,3.14874863029088,0,1,0,0
7123,55.2105495275053,30.54,30.358,0.169084767687621,3.46069209785087,1,0,0,0
7124,43.925290688111,7.11,9.906,0.22419577353101,3.31646353455865,0,0,0,1
7125,62.5426135814903,30.76,37.086,0.111398016872408,3.15773541967674,0,1,0,0
7126,59.8888398721144,17.62,12.787,0.0880327690533293,3.44703597715154,0,1,0,0
7127,62.5969375461335,10.69,5.818,0.353795860417792,3.18120627219868,0,0,0,1
7128,43.2192388445027,31.77,36.012,0.237445094127952,3.07884408216554,1,0,0,0
7129,61.111960702829,35.29,31.696,0.343156877241381,3.43204426517796,0,0,0,1
7130,60.8140395299551,26.89,22.843,0.089299893096005,3.40568978646449,0,1,0,0
7131,61.9628215301053,18.03,20.018,0.363544667789476,3.00252145704172,0,0,0,1
7132,66.2679528194185,23.63,32.071,0.0927633530668219,3.65265270892974,0,1,0,0
7133,55.666738164892,15.77,17.722,0.0794814660765162,3.53244850547534,0,1,0,0
7134,42.9109218065088,32.29,32.382,0.199174364717761,2.71126976155217,1,0,0,0
7135,61.464709261059,27.19,28.043,0.166566325935443,3.88587513176987,1,0,0,0
7136,60.5569493265049,4.55,3.573,0.289861534526767,3.49461659003659,0,0,0,1
7137,59.6946004114784,17.93,17.571,0.213856954365424,3.32163231596299,0,0,0,1
7138,62.280435535347,19.41,18.52,0.151491001418035,3.90241343612059,0,0,1,0
7139,48.6481296009038,34.73,21.105,0.160748262330755,3.09308950670422,0,0,1,0
7140,57.2429305738393,10.14,2.732,0.343736619444233,3.07530841348684,0,0,0,1
7141,50.161093927103,32.36,18.026,0.204869438746164,2.63390691050568,1,0,0,0
7142,68.3566935576131,18.46,22.821,0.278565882484437,4.60370727433833,0,0,0,1
7143,64.5770709904045,12.7,15.213,0.309905127163785,3.23395990535381,0,0,0,1
7144,50.5386841478504,37.12,37.73,0.0701168521868998,3.00006438091969,0,1,0,0
7145,65.864247751558,26.33,36.827,0.0901396483835285,3.63804913233612,0,1,0,0
7146,48.7192034282425,9.21,8.427,0.22733256480782,3.29640625644652,0,0,1,0
7147,53.0310267165205,9.45,2.622,0.269104974284322,2.53972412689413,0,0,0,1
7148,50.5068312736801,29.91,16.998,0.112150966879247,2.61519539451951,0,1,0,0
7149,55.4620103422998,28.34,7.355,0.212433582095215,3.48000177021346,1,0,0,0
7150,55.5874682438351,8.08,5.791,0.295446240774113,3.30874595473604,0,0,0,1
7151,51.9447538661333,36.87,33.706,0.196908245986401,3.34089389273787,1,0,0,0
7152,69.3568076269795,14.11,12.093,0.384347705906665,3.73248464798712,0,0,0,1
7153,61.687652499323,27.33,23.055,0.105626601952549,3.57361808051604,0,1,0,0
7154,62.5996512328721,28.6,49.685,0.180322144236278,4.27963914516223,1,0,0,0
7155,64.0708782033576,20.02,7.984,0.23939358797484,3.97110686108618,1,0,0,0
7156,44.2399443673377,22.63,35.525,0.0795747051376612,2.61509062997261,1,0,0,0
7157,68.287334723033,14.07,16.38,0.122240001730001,3.51436315967831,0,1,0,0
7158,52.9166584487689,4.14,3.733,0.386102455706657,3.05253162853948,0,0,0,1
7159,67.0129862804053,21.07,9.881,0.158487600895852,3.60681961717924,1,0,0,0
7160,69.7096937299856,10.92,17.148,0.124566101320235,4.09832634480408,0,1,0,0
7161,44.1979802533131,3.97,9.19,0.293591131774101,3.15477865574241,0,0,0,1
7162,49.6968099973086,35.26,38.017,0.109898971049559,2.89816658891318,0,1,0,0
7163,64.0730308384857,19.14,10.261,0.263156828979538,3.66124927555945,1,0,0,0
7164,40.9943221217461,25.88,20.383,0.106570956456068,2.8252460555554,0,1,0,0
7165,64.6198639197742,14.83,7.017,0.193627071555865,3.88624230893346,0,0,1,0
7166,55.167332143358,16.19,16.366,0.137749769683731,2.91949415041563,0,1,0,0
7167,63.7580773133459,22.26,36.19,0.168893592180688,2.79564297910302,1,0,0,0
7168,65.6754432815743,33.52,34.186,0.0900406694923049,3.76507427750612,0,1,0,0
7169,63.8778807377115,20.53,8.411,0.124408925191144,3.11524629529582,0,1,0,0
7170,67.2196351065714,10.57,29.358,0.0778788369754125,4.23017516159651,0,1,0,0
7171,69.6298858680229,29.16,42.127,0.0995244308128053,3.51023559622419,0,1,0,0
7172,65.7260106098998,13.74,10.619,0.305086521012687,3.33777707208887,0,0,0,1
7173,69.2685693912436,9.27,9.117,0.18413925436226,3.62070556856675,0,0,1,0
7174,66.5875291400092,17.18,4.069,0.0981869691994875,3.69464747431138,0,1,0,0
7175,63.2943926959964,31.25,15.971,0.163935319292508,4.16707992304677,1,0,0,0
7176,63.692350835802,21.24,26.226,0.370641742034467,3.06931024745141,0,0,0,1
7177,64.1262438117544,16.25,19.409,0.0996589182384835,3.92654459304528,0,1,0,0
7178,62.4051757987259,27.91,16.086,0.184729986181843,3.12661506259299,0,0,1,0
7179,66.6132341679627,13.24,9.973,0.0944658605920734,3.694686302625,0,1,0,0
7180,50.7348137482841,34.9,29.277,0.206354717716995,2.824378947765,1,0,0,0
7181,67.9216366586375,7.12,8.848,0.410665045550658,4.45999465299795,0,0,0,1
7182,68.3498844848272,13.89,33.822,0.0936756989031741,4.22197976876776,0,1,0,0
7183,64.6132748246963,20.92,7.464,0.0817116898986203,3.16239644007783,0,1,0,0
7184,62.2125142292972,15.78,2.053,0.181894710662602,3.6174152488164,1,0,0,0
7185,69.1107118424558,7.22,32.921,0.0615359999038544,3.96298595636732,0,1,0,0
7186,56.4374764284157,26.0,32.536,0.173181180047068,3.6516137859753,0,0,1,0
7187,69.3141162305482,9.96,25.905,0.100358756305828,3.81063109645787,0,1,0,0
7188,48.2913315012701,31.55,33.966,0.252687830687313,2.61211587002962,0,0,0,1
7189,69.7849308307493,13.03,24.174,0.422561541613632,3.82381122291994,0,0,0,1
7190,70.2423661831589,8.46,21.07,0.131941271401391,3.28244448081904,0,0,1,0
7191,69.2044611379914,14.97,22.499,0.23324257942929,4.19574520283307,0,0,1,0
7192,45.8455977044415,35.25,26.132,0.169559556461636,3.13938543298313,0,0,1,0
7193,53.8949087873304,5.94,7.031,0.253335408933252,3.04103424222988,1,0,0,0
7194,57.2384516247433,4.33,7.663,0.259955501658673,4.02082976127248,0,0,0,1
7195,66.9476982615278,28.16,3.894,0.143719129615625,3.74422736351575,0,0,1,0
7196,49.2994638373297,20.67,27.382,0.202427647195041,2.98592729261292,1,0,0,0
7197,73.2115711413517,6.51,24.456,0.121175301665288,3.69443500162609,0,1,0,0
7198,58.524929887306,15.12,3.324,0.349612713506775,3.81563438172706,0,0,0,1
7199,59.7135439597985,20.98,26.601,0.122188724713353,2.87812601352332,0,1,0,0
7200,55.9644591789747,21.22,14.115,0.300321325027686,2.9853601894539,0,0,0,1
7201,57.0345014285803,19.47,6.132,0.25132845294069,3.96947504148864,1,0,0,0
7202,64.4944425781957,6.1,28.763,0.322166677063101,2.9293982859774,0,0,0,1
7203,59.8473737359875,18.74,14.555,0.338235266312267,3.79120709290828,0,0,0,1
7204,58.875144405549,18.67,1.705,0.192517931517903,3.86510142624759,0,0,1,0
7205,59.9401485047746,30.97,13.871,0.237290040095789,3.7918742360187,1,0,0,0
7206,71.771221110383,14.47,12.016,0.224481625540936,4.01662722849463,0,0,1,0
7207,70.5855219644871,9.33,26.555,0.237358741362727,4.01843673645252,0,0,0,1
7208,66.6009813068667,23.57,6.134,0.166414239213934,3.73437175652895,1,0,0,0
7209,55.3363785984147,15.53,18.337,0.192516874972195,2.84000544766661,1,0,0,0
7210,65.8537843579064,32.36,40.43,0.234838284435538,3.49566434624858,0,0,1,0
7211,70.0201377046221,13.02,28.24,0.0996333333335746,3.83487101614255,0,1,0,0
7212,71.9580575940101,10.11,14.424,0.138850100872817,3.82948605504733,0,1,0,0
7213,73.0448832574639,11.43,15.625,0.0692918545349357,3.66089202924253,0,1,0,0
7214,71.282744051504,9.25,31.043,0.112883350536975,3.86820780629942,0,1,0,0
7215,67.6125548192665,7.35,34.91,0.121686074888532,3.61283604312335,0,1,0,0
7216,68.1428281439552,30.11,35.006,0.105338939276636,3.72022658249421,0,1,0,0
7217,59.2876509491925,35.62,36.777,0.112523493725062,3.29811415894772,0,1,0,0
7218,63.7929754394217,39.08,33.331,0.178543346303221,3.5737546260262,1,0,0,0
7219,56.3741296557357,6.16,1.1,0.104966158014221,3.3924764490646,0,1,0,0
7220,57.8473383187984,23.92,29.549,0.0932969889790044,3.96652603126041,0,1,0,0
7221,46.6286907373727,23.69,30.899,0.133210475960798,2.61673910791115,1,0,0,0
7222,46.6395005809325,25.03,38.474,0.207730904795222,3.09523977483796,1,0,0,0
7223,58.8042639137179,20.61,7.254,0.250784351061582,3.5551045214221,0,0,0,1
7224,67.4824210324667,12.92,20.698,0.371492289987847,4.12595933679893,0,0,0,1
7225,62.0793675710393,19.18,23.651,0.120033274539389,2.79745437302469,0,1,0,0
7226,58.286837155286,31.19,36.34,0.229870732516933,3.26904832417544,0,0,0,1
7227,67.1711013610687,25.59,0.831,0.238957029155096,3.53170515994439,1,0,0,0
7228,65.5663011341989,43.96,22.735,0.239201902212876,4.04587268419914,1,0,0,0
7229,61.85585267479,15.17,8.982,0.209452755423537,3.30994614472091,0,0,1,0
7230,46.0040377928669,28.64,32.554,0.278072732565961,3.40656001594631,0,0,0,1
7231,63.8639462899952,15.38,17.133,0.162496029243879,4.4774297694137,0,0,1,0
7232,64.7404437644285,36.07,43.794,0.206905179406165,3.54854692909143,1,0,0,0
7233,59.2272996055657,17.5,17.802,0.232126280015399,3.29474879646248,1,0,0,0
7234,56.5570336541795,29.3,26.115,0.296737170212471,3.33185374645423,0,0,0,1
7235,60.5991201600805,33.7,31.062,0.291320956116494,3.88486668969685,0,0,0,1
7236,66.8860681481599,12.83,23.406,0.203157147483358,3.63781279298456,0,0,1,0
7237,43.2932200223378,16.01,2.635,0.378176092420046,2.41216550850795,0,0,0,1
7238,69.5017143697129,14.1,8.529,0.366726371162395,4.0207162358492,0,0,0,1
7239,69.2295701575211,15.89,5.708,0.12822508500212,3.15474533026645,0,1,0,0
7240,68.1294742459929,19.61,11.784,0.0963874808145265,3.70384564379864,0,1,0,0
7241,65.5787404312929,6.59,23.74,0.379554958229318,4.44498815880361,0,0,0,1
7242,62.1670442162112,17.79,14.803,0.222801087720501,3.31543368205354,1,0,0,0
7243,68.8865435882124,38.45,18.235,0.258137667240934,4.06221986885081,1,0,0,0
7244,61.8939348682306,13.34,15.409,0.317729303891481,3.20286591593265,1,0,0,0
7245,66.5126103212214,15.18,17.677,0.226704061756166,3.65791357131183,0,0,1,0
7246,61.2970117690473,34.77,17.894,0.224950194838286,3.27912238407614,1,0,0,0
7247,50.541378791983,27.71,24.964,0.262809685377164,3.39884706751586,1,0,0,0
7248,60.2121780953353,27.94,33.456,0.333726608139351,3.7523595941755,0,0,0,1
7249,58.7107811854397,28.48,24.416,0.0656793400769394,3.46151848045688,0,1,0,0
7250,64.6460742769348,26.21,11.221,0.1661350186512,3.96432158305219,1,0,0,0
7251,56.5815863109706,17.12,17.789,0.311437788736262,3.86548136694012,0,0,0,1
7252,60.9917285756879,11.91,15.108,0.0727560063730179,3.76139785562016,0,1,0,0
7253,69.3442090259451,12.19,30.952,0.0649191903114336,3.58334163260528,0,1,0,0
7254,61.9018404030437,15.22,12.184,0.192215478609618,3.45258399448984,1,0,0,0
7255,47.8852031490237,28.06,35.925,0.1114421735141,2.61154280393318,0,1,0,0
7256,58.8409174003366,35.1,37.037,0.24024881833776,2.90114207116875,1,0,0,0
7257,65.5512574129078,13.83,30.202,0.102326060012717,3.17018636640196,0,1,0,0
7258,55.726624176445,19.26,17.427,0.201502569382258,2.92282665828045,0,0,1,0
7259,58.5379996607011,26.07,3.516,0.0864938549893148,3.03727970043192,0,1,0,0
7260,71.7403233822576,12.71,17.322,0.371104366841176,3.75579724024869,0,0,0,1
7261,54.6194187625516,17.04,6.595,0.167483293791146,3.12821365831715,1,0,0,0
7262,58.1628625861522,23.73,21.8,0.0872702671185172,3.22358892284389,0,1,0,0
7263,67.4385531546999,16.84,21.28,0.269631221649125,4.41159053483014,0,0,0,1
7264,66.117848227232,16.17,12.805,0.123426601608933,3.74052140896292,0,1,0,0
7265,39.4487679947651,24.45,29.878,0.109177316069597,2.97083879919734,0,1,0,0
7266,52.4961930893766,33.43,8.21,0.168988649751234,3.54166345299792,0,0,1,0
7267,53.7488156419349,18.8,20.457,0.354659059914948,3.1881104724909,0,0,0,1
7268,71.786634257533,8.82,24.961,0.214733436526847,3.48778346145972,0,0,1,0
7269,65.4602799446418,39.65,6.685,0.131867824301155,4.38731933340364,0,1,0,0
7270,65.1381885856037,38.66,34.955,0.241035388870451,3.58947545838235,1,0,0,0
7271,61.6393606299047,33.22,36.387,0.242510404111409,3.71494301192652,1,0,0,0
7272,70.5098802607271,12.12,26.616,0.346122262779946,3.51109677761482,0,0,0,1
7273,66.0967975802855,21.65,2.823,0.211484077097893,3.60549312579543,1,0,0,0
7274,68.7594931548461,13.96,14.172,0.199971190539099,3.66050940105043,1,0,0,0
7275,63.9048616045623,20.82,23.989,0.315165892315985,3.78646588512017,0,0,0,1
7276,60.8444701840913,8.17,0.634,0.18807798636776,3.8455061816708,0,0,1,0
7277,58.2537191579661,28.5,9.79,0.094059343256932,3.40055028825221,0,1,0,0
7278,54.419534406043,22.96,12.809,0.189421919605293,2.83301569305521,0,0,1,0
7279,66.0920517795789,6.65,14.266,0.109804860577812,3.52206896622444,0,1,0,0
7280,52.5695119728924,32.08,27.451,0.192338424984297,3.06475205308891,1,0,0,0
7281,69.5320799895985,7.73,34.484,0.107313517221082,3.69800484501015,0,1,0,0
7282,51.2464907638107,28.2,34.999,0.186481167330603,3.1819966655828,0,0,1,0
7283,64.8327552500295,14.1,9.52,0.297427645670947,3.46144484699095,0,0,0,1
7284,50.3111079905088,32.43,45.548,0.254839842298837,3.16351741920664,0,0,0,1
7285,47.7183293561017,21.33,33.272,0.114139207694263,3.52398330553599,0,1,0,0
7286,74.6631923173891,6.45,9.979,0.385116958834881,4.45493528475557,0,0,0,1
7287,46.9918846390084,26.85,26.624,0.262703675057508,2.6229396855618,1,0,0,0
7288,60.2999699306808,26.32,30.366,0.0892925130189846,3.12464687012006,0,1,0,0
7289,57.6668442031102,24.12,10.27,0.127260871280161,3.37349086635872,0,0,1,0
7290,68.1400329046895,16.78,15.607,0.285375326101422,2.98613428870999,0,0,1,0
7291,69.5874281330263,15.15,10.116,0.220477980757268,4.52909475106014,0,0,0,1
7292,46.4757952822846,22.33,36.828,0.109762556909275,3.00087612189015,0,1,0,0
7293,43.4535194876444,29.17,44.957,0.138463609011123,2.88924585863299,0,0,1,0
7294,56.4427121016809,30.75,36.606,0.104664590693228,3.80814185818915,0,1,0,0
7295,61.0834646898555,24.91,34.161,0.179566566615837,3.79579968910831,1,0,0,0
7296,74.173649924281,11.52,27.384,0.0954712351181301,3.78304115277557,0,1,0,0
7297,69.3314637878284,31.92,34.005,0.104447974781204,3.51528664338105,0,1,0,0
7298,61.7684049545968,27.83,15.728,0.0829190409739661,3.55276991334203,0,1,0,0
7299,61.8067381689466,29.04,46.732,0.194586893443248,3.31504951090181,1,0,0,0
7300,49.0256104848564,24.8,25.035,0.11508141849626,3.26512447244925,1,0,0,0
7301,60.9435126075474,31.42,16.547,0.0851174396891503,3.30618256092408,0,1,0,0
7302,61.8415397642031,5.49,6.902,0.282165278257995,3.53944314964031,0,0,0,1
7303,42.6421218656102,18.08,24.566,0.362488213128454,3.0249929306976,0,0,0,1
7304,57.1561343207534,37.3,3.62,0.3079465873058,3.60295416276457,0,0,0,1
7305,61.6614832042982,19.7,13.877,0.156495049312878,4.28887611414972,1,0,0,0
7306,48.0566549468398,32.93,15.568,0.128724798476984,3.71448390159998,0,1,0,0
7307,53.6452818656103,11.18,9.647,0.148201197676003,2.90353309648758,0,0,1,0
7308,66.5081230384736,23.81,42.096,0.304171064984365,3.45483642302111,0,0,0,1
7309,61.0293062949492,29.18,40.341,0.288674565686491,3.27099050760964,0,0,0,1
7310,69.9517390834078,7.06,30.796,0.102319284516695,3.51367394474108,0,1,0,0
7311,51.8394264141773,6.4,3.125,0.0635578478811548,2.95855318924669,0,1,0,0
7312,43.660642713437,15.9,5.469,0.364848733802043,2.52541787642731,0,0,0,1
7313,65.5409202072321,24.41,13.274,0.125184593508744,3.37801780217928,0,1,0,0
7314,50.7566273757184,31.49,30.365,0.0985267858142108,3.17469030116934,0,1,0,0
7315,69.2403332288077,27.44,39.048,0.1791043847659,3.81754264161576,1,0,0,0
7316,66.4373869182052,7.24,17.038,0.123106120677743,3.67342206580251,0,1,0,0
7317,59.5985397848604,30.31,28.253,0.114015564472048,3.2903712419464,0,1,0,0
7318,70.2789122880755,14.87,23.621,0.0511140612480832,3.6947851708821,0,1,0,0
7319,66.9774268205564,10.6,8.143,0.0993373160564108,3.64613378998394,0,1,0,0
7320,64.8440152384705,33.84,8.143,0.34168540937644,3.45917404172904,0,0,0,1
7321,68.7363728373533,13.76,18.504,0.24966116217294,2.88259721958241,0,0,0,1
7322,48.3064028063635,25.42,32.676,0.193575491192188,3.38902283355669,1,0,0,0
7323,66.3051107366268,24.38,10.896,0.192685504843393,4.03015107883966,1,0,0,0
7324,66.809550579669,33.92,24.302,0.0924748844137897,3.42685989341096,0,1,0,0
7325,53.3607129929643,5.55,5.072,0.360323895554994,2.98064054097606,0,0,0,1
7326,67.0507343986405,22.88,37.376,0.238488570010862,3.83821398941428,1,0,0,0
7327,64.3936660987859,20.88,10.252,0.122650966631703,3.55689884458258,0,0,1,0
7328,71.7029196352738,12.94,18.874,0.127739645196973,3.91373272549636,0,1,0,0
7329,44.3584292701659,15.91,1.409,0.320846922559408,3.16775003852318,0,0,0,1
7330,70.9133848053036,6.24,12.426,0.0851873737746734,3.67971513229373,0,1,0,0
7331,38.5857069594036,32.16,8.545,0.194594122566831,2.46128102369628,1,0,0,0
7332,44.3103601460931,23.2,35.901,0.0904138695646584,2.7804986034349,0,1,0,0
7333,56.0750973293845,23.15,18.801,0.0941812866783818,3.59443934336891,0,1,0,0
7334,66.6914144546341,23.11,8.908,0.340105370155011,3.56690010672497,0,0,0,1
7335,70.2020351411714,26.58,4.426,0.186176771793681,3.40985554996474,0,0,1,0
7336,51.9591948187763,9.74,5.694,0.258838813350993,2.55292732263591,0,0,0,1
7337,55.7010481125748,28.47,30.337,0.097180461147488,3.88306756789359,0,1,0,0
7338,57.0441189599789,28.17,7.822,0.24897431229414,3.07181048838497,1,0,0,0
7339,70.0416228832049,7.98,11.418,0.307025939487908,3.5904987372242,0,0,0,1
7340,83.3215506047712,12.1,8.945,0.451146930444268,4.45211890933045,0,0,0,1
7341,69.3808863342679,31.64,24.37,0.260721699018422,3.16295495917546,1,0,0,0
7342,66.1863809694368,25.77,41.606,0.106269024599808,4.03849300602738,0,1,0,0
7343,66.7415378708227,16.08,12.51,0.0811164586120619,4.25383652666876,0,1,0,0
7344,67.9018693338407,23.32,18.839,0.138911899817679,3.0704214952417,0,1,0,0
7345,67.4134202109577,20.05,1.632,0.24072652973035,3.30348192500431,0,0,0,1
7346,64.0330190600362,21.5,18.544,0.215618112293819,3.36658624885292,0,0,0,1
7347,66.6762074681242,9.64,16.848,0.0925099608312598,3.73431834502028,0,1,0,0
7348,61.6896786902577,24.67,34.143,0.119669600621565,3.40629027652207,0,1,0,0
7349,69.0551703306588,30.32,15.37,0.0861272562548345,4.02798655113548,0,1,0,0
7350,63.4065309175814,32.75,28.742,0.0993050457297476,3.84730100629855,0,1,0,0
7351,73.5549487993601,27.01,17.807,0.0910854087317015,3.82835012483463,0,1,0,0
7352,68.5033672138955,30.17,16.182,0.210890084674564,4.27260598374544,1,0,0,0
7353,65.916103983044,33.9,28.263,0.193944796933732,3.3874357730693,1,0,0,0
7354,55.9074065945664,34.49,39.367,0.185508543131061,3.80064125065555,1,0,0,0
7355,66.1196173841633,9.22,12.534,0.113048871305222,3.87858621338585,0,1,0,0
7356,68.167158980981,13.77,23.087,0.196311896976059,3.34211820408648,0,0,1,0
7357,63.3211151055134,32.34,0.422,0.156654557248071,3.59511486731476,0,0,1,0
7358,47.3878611930655,3.72,5.172,0.333196046577573,3.54097133018375,0,0,0,1
7359,63.3406126129204,28.63,23.964,0.0857250116917082,3.67735012915521,0,1,0,0
7360,66.2419489321858,7.99,21.67,0.101789282001214,3.13037883085715,0,1,0,0
7361,65.103664578968,29.57,51.678,0.199412720807282,3.90854888839643,1,0,0,0
7362,60.7794333258754,20.91,9.072,0.317590555398852,3.69941594119351,0,0,0,1
7363,46.768272466935,29.32,32.114,0.219921481819628,3.18016838554678,1,0,0,0
7364,71.946670397571,5.48,5.47,0.260739524589986,3.91397142778969,0,0,0,1
7365,67.1446389173389,28.82,22.766,0.234216430600868,3.97031002694044,1,0,0,0
7366,68.8815282319382,25.2,1.078,0.191644774526801,3.87988786256762,1,0,0,0
7367,61.6595942916587,3.32,1.059,0.349762438867922,2.77046260798103,0,0,0,1
7368,62.9706635584168,34.13,27.586,0.259911734962359,3.43897123997898,0,0,1,0
7369,64.4025058435936,26.98,19.289,0.081328489661772,3.31218241125098,0,1,0,0
7370,70.7104310367785,5.87,13.007,0.0887762311338662,4.12939403284185,0,1,0,0
7371,59.7241925285831,37.2,32.772,0.0870792553105746,3.32961374116946,0,1,0,0
7372,68.9512794004225,14.95,23.999,0.232377593663251,4.07785422683019,0,0,1,0
7373,63.436715510866,20.52,11.36,0.145818696058066,3.87319559421687,1,0,0,0
7374,57.6884168006837,42.05,47.616,0.136489530088171,3.27134349164794,1,0,0,0
7375,66.0598701416925,3.37,5.727,0.351470053660188,2.58009451264574,0,0,0,1
7376,52.5432982999584,31.82,24.552,0.219704980660685,2.58538679976079,1,0,0,0
7377,71.5686479929098,12.3,33.98,0.277212402181323,4.18779066786066,0,0,0,1
7378,64.6876036172311,5.47,14.76,0.284622098570626,3.75279054383812,0,0,1,0
7379,61.5473653080277,36.35,21.65,0.0481116698187854,3.38841583132107,0,1,0,0
7380,54.0392609122909,21.38,28.682,0.0988690704694601,3.32752593497871,0,1,0,0
7381,65.3287015771634,23.65,19.642,0.0618197886034788,3.64437985549727,0,1,0,0
7382,61.0882821161325,6.07,9.546,0.356892817578367,3.76632343859245,0,0,0,1
7383,60.5201108096325,23.84,31.49,0.136085025429884,3.75361338522646,1,0,0,0
7384,63.6175119032748,8.34,5.442,0.0971578907885637,3.79449387544213,0,1,0,0
7385,61.4907197726826,18.02,11.632,0.0808274901124527,3.0265227077851,0,1,0,0
7386,70.8090701475421,32.87,10.614,0.234472894800711,4.5073692353488,0,0,0,1
7387,57.0893659409609,14.4,17.686,0.198049679567726,3.15094554323714,1,0,0,0
7388,66.0670471870579,32.41,23.679,0.225426847351348,3.53547697583307,1,0,0,0
7389,44.7592597408999,17.17,5.833,0.345984396326493,3.02148735925269,0,0,0,1
7390,45.5912407345888,33.51,37.161,0.19932629966711,3.18990089237209,1,0,0,0
7391,53.2917209239061,33.54,27.424,0.106341655451419,3.53911571579847,0,1,0,0
7392,70.8841521147623,28.41,20.398,0.0999440491063489,4.05378474683857,0,1,0,0
7393,59.4465611189106,25.28,20.897,0.115090308614576,3.30671491777594,0,1,0,0
7394,64.0000630710915,35.93,36.739,0.0618393713841839,3.64160629591012,0,1,0,0
7395,43.4015822080226,35.57,28.069,0.171797320327562,3.22162948007268,1,0,0,0
7396,70.0867678009138,8.06,7.477,0.284084775966174,3.23038535860666,0,0,0,1
7397,53.9757104896296,25.13,28.197,0.174547110342328,3.59457380871234,1,0,0,0
7398,60.0880583851663,29.96,24.87,0.212590556489023,3.39032310731311,1,0,0,0
7399,62.6011485473646,32.56,9.74,0.352416724665481,4.48335750046742,0,0,0,1
7400,62.5440163792421,14.28,9.611,0.219971905402278,3.31083607397941,0,0,1,0
7401,50.2070018487861,22.7,42.077,0.0781175104917247,3.18197327898062,0,1,0,0
7402,69.0588392709244,10.94,29.066,0.0919401315084707,4.13649565159638,0,1,0,0
7403,60.6508206985518,32.72,49.023,0.185250629743552,3.3541924327743,1,0,0,0
7404,71.3206902296996,21.03,41.607,0.0964601841634934,4.71107136422454,0,1,0,0
7405,45.2131026575552,34.03,47.752,0.126567444421591,3.06583367284161,0,1,0,0
7406,47.3763212971553,7.03,7.829,0.35132045315782,3.62891133882277,0,0,0,1
7407,67.2066431768936,15.23,12.886,0.351217680848751,3.93191620233138,0,0,0,1
7408,68.968538804261,37.94,2.616,0.193797998095089,4.07056347813442,1,0,0,0
7409,49.9071681768559,29.03,16.736,0.181644505960939,3.42637312007331,1,0,0,0
7410,58.469949583348,39.07,45.633,0.094460928229526,3.29653548067842,0,1,0,0
7411,60.2569154345986,34.36,26.27,0.200756975349204,3.74893676922702,1,0,0,0
7412,64.6696440544319,12.52,17.988,0.24747048569934,3.13863889374319,0,0,1,0
7413,65.9699288139649,23.13,6.279,0.0998361404332161,4.57932961752703,0,1,0,0
7414,61.1144829760592,31.31,40.211,0.218338895799819,3.48999971407121,1,0,0,0
7415,45.0319214363668,31.35,23.502,0.10447602045223,2.95650585161143,0,1,0,0
7416,57.4325814838208,6.05,5.543,0.300043216591984,3.41744413461365,0,0,0,1
7417,63.376535943468,14.86,18.549,0.318346194747206,3.11497992256862,0,0,0,1
7418,64.7197186569142,31.55,34.879,0.230299980572811,3.75229718301245,1,0,0,0
7419,62.0974695549669,36.71,20.857,0.17898410968616,3.68789937909165,0,0,1,0
7420,69.6127150653065,5.87,34.712,0.362494149822342,3.91882334516676,0,0,0,1
7421,46.6906991539903,4.51,0.219,0.229460578078709,3.14643708242172,0,0,0,1
7422,67.020095957754,23.39,6.61,0.225560929154307,3.94401486632106,1,0,0,0
7423,56.5985498816087,36.16,35.159,0.182507279092689,3.74292695554468,0,0,0,1
7424,59.7356655621549,30.89,5.851,0.214485227720024,3.89087646131321,0,0,1,0
7425,66.5007705292614,28.33,13.345,0.162013776550313,4.09077793006317,0,0,1,0
7426,60.8357769438573,29.39,33.197,0.226853027823308,3.83197619753386,1,0,0,0
7427,68.3935353353178,39.0,30.392,0.108223935562207,3.39115290664716,0,1,0,0
7428,53.3353037123155,35.22,32.641,0.179993381341165,3.27332637440192,0,0,1,0
7429,63.9763117849522,27.4,0.551,0.236596163452435,2.93952792367115,0,0,1,0
7430,60.3192329761946,24.62,10.587,0.125546141807379,3.29447765778606,1,0,0,0
7431,67.1520726358238,11.83,16.422,0.096323496961186,3.85105922531725,0,1,0,0
7432,54.4234790424763,6.49,5.253,0.399385651774581,2.82139792157461,0,0,0,1
7433,56.3552013204036,36.16,20.089,0.108127338307622,4.09381745510061,0,1,0,0
7434,50.4044636651287,35.92,31.932,0.173210609522961,3.19437000954842,1,0,0,0
7435,68.2441104087751,29.61,34.503,0.16289011968616,3.5420571363053,1,0,0,0
7436,64.863439134181,35.75,21.874,0.21781735632772,3.47837808309814,1,0,0,0
7437,47.0418346717524,31.38,30.251,0.185841402987805,2.49892829039561,1,0,0,0
7438,46.3117153071614,31.8,18.133,0.223319344269995,2.8168372005601,1,0,0,0
7439,47.2404021342066,35.1,46.646,0.247302129372643,2.2509764404126,1,0,0,0
7440,75.2739630158155,10.87,3.593,0.140293208931953,3.58629731841118,0,1,0,0
7441,69.0592623746223,6.99,4.178,0.204253478383932,3.40573374821218,0,0,0,1
7442,63.8808889130034,32.12,24.726,0.0748387179247824,4.44779944216852,0,1,0,0
7443,58.1596726674656,27.06,25.675,0.10784204515365,3.52005182044991,0,1,0,0
7444,57.9003430304823,34.33,27.381,0.146419710100984,3.3653738593192,1,0,0,0
7445,58.6612848679193,8.83,8.361,0.329336273785009,2.77984556215849,0,0,0,1
7446,70.5166184039813,34.46,24.081,0.106767058053173,3.56714875457182,0,1,0,0
7447,66.2951359561375,29.93,9.633,0.260738943489429,3.70528662097283,0,0,0,1
7448,62.4447047064786,7.76,11.518,0.10055127072209,3.36486434198147,0,1,0,0
7449,45.3399142022402,9.75,0.621,0.297431483109222,3.21969376894168,0,0,0,1
7450,66.1464183205644,5.48,4.344,0.270012485280574,3.60486289460288,0,0,0,1
7451,68.9311162915902,6.81,24.15,0.107816781418825,4.19717161260309,0,1,0,0
7452,60.8752379024325,32.36,21.416,0.309521865088179,3.57282979703992,0,0,0,1
7453,65.1989465603956,38.67,15.142,0.214190965211703,2.73798504353246,1,0,0,0
7454,69.2429231549692,14.45,26.132,0.105471495434233,4.10376389259397,0,1,0,0
7455,70.4064892673488,13.56,19.305,0.102953438848121,3.92344104018656,0,1,0,0
7456,64.7354014517823,38.48,22.193,0.154243447068578,3.57696041852728,1,0,0,0
7457,61.2788225896682,9.53,3.426,0.316335676273692,3.69535110905504,0,0,0,1
7458,66.546134134499,6.9,0.624,0.243142814019753,3.78263495806319,1,0,0,0
7459,57.5739808229101,15.36,11.209,0.267921358574361,3.23460516301992,0,0,0,1
7460,60.2320547051707,38.21,15.561,0.193256192572409,4.29410074959883,1,0,0,0
7461,48.2618037954323,22.84,27.774,0.127025894231977,3.3872933677281,0,1,0,0
7462,49.8464244095328,22.43,36.33,0.190780807306001,2.98205342323074,1,0,0,0
7463,56.1023408043779,33.9,32.449,0.124882948548095,4.07378627214178,0,1,0,0
7464,60.4263349964888,14.51,11.555,0.2574331098832,3.7555429578633,0,0,0,1
7465,62.1317770961791,30.16,13.517,0.173028480555364,3.34065834412646,0,0,1,0
7466,59.5149105239619,32.06,22.154,0.246082050741519,3.13480646327217,0,0,0,1
7467,71.9539557009646,5.05,25.837,0.118011899424717,4.20554071719031,0,1,0,0
7468,62.750162056081,30.1,7.076,0.0845908599052362,3.61920148071418,0,1,0,0
7469,59.1474950416404,14.64,9.368,0.0988841693656527,3.50258354395619,0,1,0,0
7470,64.153827118299,25.27,8.224,0.218641728830773,4.31042907506139,0,0,1,0
7471,53.5718882591216,30.17,33.673,0.0847697466176048,3.35434089547895,0,1,0,0
7472,68.8895049791788,7.61,24.553,0.0755718158357068,3.84104313420387,0,1,0,0
7473,66.9337201427073,30.48,9.666,0.132764421920275,3.14817272905747,0,1,0,0
7474,57.2516949271806,14.99,4.302,0.233731596021257,3.94470339208771,0,0,0,1
7475,64.4573601402713,25.84,8.24,0.195251787011539,3.38041249060919,0,0,1,0
7476,58.1867194357682,28.72,21.939,0.18628427097139,2.66116967209868,1,0,0,0
7477,66.4570653105942,12.21,20.177,0.293414262336146,3.76779776479536,0,0,0,1
7478,68.4976106804578,31.68,26.802,0.0700282951107244,3.82852536108165,0,1,0,0
7479,64.6805357234476,14.27,22.427,0.347905319920336,3.91254949355861,0,0,0,1
7480,62.7925679393733,21.48,21.88,0.168069979338625,3.83138105065514,1,0,0,0
7481,60.1492684305011,22.14,4.604,0.076347821768829,3.9838198180966,0,1,0,0
7482,47.4012925100818,30.9,27.741,0.139184741957859,3.0561524464197,1,0,0,0
7483,68.4669815887888,36.84,19.693,0.17487799159342,3.98813259114076,0,0,0,1
7484,63.3613875505708,20.86,28.115,0.275550323505589,3.00165743793552,0,0,1,0
7485,64.2506476816191,23.51,25.971,0.2039203910541,3.52772326204151,1,0,0,0
7486,60.4732437907474,21.48,13.005,0.274576563280123,3.5472727643947,0,0,0,1
7487,61.2043478919853,28.62,25.213,0.221998752176985,3.94373702326552,1,0,0,0
7488,56.1887952253656,27.14,22.857,0.393008800854414,3.39856321636436,0,0,0,1
7489,58.3082219079474,39.67,14.969,0.289876882295996,3.81271671852039,0,0,0,1
7490,61.8978056415202,20.38,16.617,0.308364247211109,3.80093560203556,0,0,0,1
7491,62.0970160859537,4.76,10.812,0.0910042387939702,3.76378385386938,0,1,0,0
7492,40.8267902889049,36.62,29.615,0.171524871925803,3.22654573701485,1,0,0,0
7493,63.2987645179295,25.5,8.333,0.170016348510605,3.74661680727348,0,0,1,0
7494,68.30397060045,6.17,9.405,0.0768517465086651,3.85272418963232,0,1,0,0
7495,68.3702525812726,33.86,29.085,0.229025020629669,3.71849678646819,1,0,0,0
7496,49.3905950414793,20.1,48.109,0.223568500458482,3.05760835458924,1,0,0,0
7497,62.1084077489182,26.48,21.328,0.202088439794406,3.74768205488029,1,0,0,0
7498,64.5029136356331,29.39,22.943,0.297052117929693,3.8778958203592,0,0,1,0
7499,60.2803552864197,5.53,7.783,0.250691556135273,3.63448498279482,0,0,0,1
7500,66.7313282351444,10.16,30.697,0.138381263348338,3.37442035218485,0,0,1,0
7501,61.3263709105992,4.92,9.507,0.268995765338564,3.5960540003513,0,0,0,1
7502,63.0455521235617,19.09,6.783,0.224762852204297,4.1697523372118,1,0,0,0
7503,50.8461677799585,27.58,21.188,0.200014329699395,3.13015900464384,1,0,0,0
7504,68.9856013778518,12.49,10.935,0.224810161959732,4.08479290042139,1,0,0,0
7505,64.6325766957142,25.72,27.233,0.205291630952492,3.20251999135319,1,0,0,0
7506,65.8545081438013,27.85,30.105,0.203951875255563,3.4498902695871,1,0,0,0
7507,71.7564920080316,4.38,0.549,0.275542836511368,3.46951224817436,0,0,0,1
7508,50.8840324251586,36.39,18.287,0.169794658446756,3.27346864302907,1,0,0,0
7509,62.7850299647371,18.66,6.065,0.195634261348156,3.51450045701309,0,0,1,0
7510,64.0296547137335,5.01,19.0,0.103422332437025,4.07045521333835,0,1,0,0
7511,58.8078804026113,13.95,8.98,0.328685910977458,2.55223126437837,0,0,0,1
7512,46.1592574916937,24.9,34.705,0.220617411134047,2.66346949822994,1,0,0,0
7513,57.2416339103788,20.93,17.14,0.0825504550221192,3.44747548189784,0,1,0,0
7514,66.2242125904961,23.12,27.532,0.249217697862429,3.60504210895287,1,0,0,0
7515,44.5975224068083,23.76,28.845,0.236513449126571,3.26423827405964,0,0,1,0
7516,71.0458544615333,7.99,30.382,0.0812148487195645,3.67487135627066,0,1,0,0
7517,70.7754199308467,6.6,24.034,0.184521255865036,3.44439707166621,0,0,0,1
7518,62.339447583374,33.13,32.728,0.157444391252741,3.28829857969053,1,0,0,0
7519,60.4918749483413,23.58,27.911,0.303529195942664,3.58406215520931,0,0,0,1
7520,71.8385168459767,11.71,18.791,0.125913146796205,4.16883841837179,0,1,0,0
7521,66.3158085252669,31.37,4.646,0.08789738515403,3.88490768220249,0,1,0,0
7522,51.434432842858,20.87,33.651,0.186625464802619,2.85228024138502,0,0,1,0
7523,55.2798537522419,28.55,37.211,0.215739152931742,3.28940156102915,1,0,0,0
7524,58.5593204700945,26.27,29.895,0.270198274882158,3.33172768811815,1,0,0,0
7525,66.1079200437009,28.0,32.616,0.245108939643957,3.36366201698439,0,0,1,0
7526,65.8205056461129,33.45,16.824,0.344514711487735,3.28517661960471,0,0,0,1
7527,37.669075245902,6.87,3.56,0.260094006025184,2.76538113049742,0,0,0,1
7528,62.5602412742485,14.84,3.867,0.0920637515821071,3.31504376755898,0,1,0,0
7529,64.7257784144523,22.24,4.852,0.151421184352271,3.63700779465796,0,0,1,0
7530,62.1576116260188,19.19,18.742,0.203976477529004,2.70091192990404,0,0,0,1
7531,58.0582395480047,24.61,16.023,0.0714459990166223,3.42296029861551,0,1,0,0
7532,57.6125976214516,15.62,8.273,0.187805292599317,3.59267171292312,1,0,0,0
7533,66.4085416516632,35.32,2.377,0.0376285572559873,3.2584752428782,0,1,0,0
7534,58.3594108730805,25.67,24.29,0.12025317077381,3.18944284303115,0,1,0,0
7535,64.7672253619887,30.3,33.691,0.175707699365513,3.89831329850091,1,0,0,0
7536,67.5403038729452,8.69,25.72,0.0995336936221108,3.19926551048398,0,1,0,0
7537,65.6158670415005,8.5,18.679,0.183917227992047,3.32360380971803,1,0,0,0
7538,51.0890482057415,6.09,9.103,0.283848798717155,3.4212502438074,0,0,0,1
7539,58.4089873952561,21.77,2.494,0.151798368091092,3.78195890403465,1,0,0,0
7540,55.1002469597568,20.19,11.919,0.347444393557523,3.5017015845813,0,0,0,1
7541,54.6604633833517,27.35,0.802,0.198134380374696,2.96580666291001,0,0,1,0
7542,49.6328296730384,25.92,36.449,0.0790755168972564,3.1153817835818,0,1,0,0
7543,61.5655000688743,27.87,35.675,0.165076022916935,3.47458586666467,1,0,0,0
7544,45.899462790291,31.27,29.167,0.076812754162836,2.81611824967959,0,1,0,0
7545,55.0321867739177,25.13,18.765,0.192970011560802,3.3813551917567,0,0,1,0
7546,48.1931445244247,31.24,27.731,0.279862182372475,2.81113945182107,1,0,0,0
7547,58.506213294271,13.31,0.044,0.215258541473517,3.70425802592385,1,0,0,0
7548,63.9421930463959,6.65,3.638,0.270367786388917,3.76784875679779,0,0,0,1
7549,49.6654719460211,6.29,0.565,0.0905876485473082,3.74953969824635,0,1,0,0
7550,49.6716120757639,34.51,18.187,0.0928896076441822,2.96187348500179,0,1,0,0
7551,66.3432180387501,11.33,27.849,0.302214826379079,4.22323982786995,0,0,0,1
7552,66.8862007548816,7.34,24.58,0.0656535887371697,3.63047861518126,0,1,0,0
7553,69.7143429129555,21.64,9.921,0.199056468391073,3.48752952542849,1,0,0,0
7554,62.630610667984,34.8,28.379,0.0903346682539022,3.25906103584328,0,1,0,0
7555,50.3160665667101,4.56,9.102,0.304973300634213,3.50686007806244,0,0,0,1
7556,66.1750634658659,32.8,36.838,0.170017589240635,3.77194409763081,0,0,1,0
7557,57.2841826831021,12.68,34.709,0.100235718897366,3.10111278651595,1,0,0,0
7558,54.1727067771935,8.31,8.561,0.243132921229844,3.19951633922446,0,0,0,1
7559,46.9864139771693,34.02,23.993,0.0961870133620219,3.4256452511891,0,1,0,0
7560,52.1146757117479,22.18,23.145,0.170735757840092,3.26197962756187,1,0,0,0
7561,72.1660276287465,11.27,34.316,0.28274086774778,3.90597721181442,0,0,0,1
7562,47.2553673751023,30.98,27.021,0.176065663465592,3.31413802405781,1,0,0,0
7563,56.5136222397678,6.89,5.044,0.361466581993309,3.20777624062045,0,0,0,1
7564,61.9948709388512,36.87,26.087,0.255418746249143,3.44471990220409,0,0,1,0
7565,58.4192106341843,4.73,5.148,0.248020684063579,3.04941678252923,0,0,0,1
7566,69.2829359810631,27.46,20.869,0.114972325488892,3.56612646196777,0,1,0,0
7567,48.7162264198166,7.33,0.579,0.289820273726172,2.51608984264766,0,0,0,1
7568,58.8006651424751,27.68,36.216,0.100735688076985,3.29600636354276,0,1,0,0
7569,74.9839846300523,21.5,10.544,0.14670524400615,3.53660685425209,0,0,1,0
7570,67.5233289998341,27.82,27.257,0.175960193313293,3.73383941115807,1,0,0,0
7571,57.2363688334668,26.73,13.804,0.190236031517325,3.42244163285515,0,0,1,0
7572,61.143479320448,31.79,41.548,0.062247043761618,2.61058587261758,0,1,0,0
7573,62.2733125893738,24.09,19.373,0.174768561153661,4.16728619413417,1,0,0,0
7574,52.5315508984937,8.18,1.759,0.351603312749974,3.13952755987426,0,0,0,1
7575,44.2759465711696,7.16,3.546,0.325834489939241,2.93024400577606,0,0,0,1
7576,74.6216377591491,27.05,4.186,0.288847179455694,3.67377776119954,0,0,0,1
7577,64.2993619431796,28.0,19.881,0.201856887499878,3.09755609594821,1,0,0,0
7578,55.120580058357,19.08,44.099,0.178479212847085,2.84706770702693,1,0,0,0
7579,68.0612832683988,6.7,20.738,0.0958739800745741,3.77835803559459,0,1,0,0
7580,71.8249863891688,13.62,12.17,0.0577938317520077,3.75889603920067,0,1,0,0
7581,59.165735128873,3.91,0.07,0.297535109458242,4.17050016832755,0,0,0,1
7582,68.8116029575523,8.17,11.452,0.0815931697169635,3.61545481823349,0,1,0,0
7583,47.6128545678479,24.65,34.173,0.2109495342111,2.86889718909933,0,0,1,0
7584,48.3333359140184,28.38,28.081,0.0893854400493831,3.33186405873557,0,1,0,0
7585,62.7860179214253,8.45,12.963,0.160838821279424,3.88942933649266,0,0,1,0
7586,59.2296664340203,28.53,33.911,0.117035706736137,3.18733251643983,0,1,0,0
7587,55.4733233061059,7.02,3.085,0.277251624767965,3.41714073413855,0,0,0,1
7588,68.715086014753,17.72,3.591,0.24644564117483,3.13032391812496,1,0,0,0
7589,54.557668806104,30.34,22.031,0.221725601563234,3.4383727036288,1,0,0,0
7590,65.86701918841,34.81,28.311,0.0985415022225428,3.34578737041068,0,1,0,0
7591,68.1104419398933,12.62,21.696,0.0739663857644193,3.65262653968178,0,1,0,0
7592,59.242232821676,31.62,15.906,0.123856262425426,3.88965793023857,0,1,0,0
7593,59.2088021164916,27.41,37.643,0.168487605567002,3.65825423462186,1,0,0,0
7594,64.2574696293765,20.98,10.654,0.222398043293433,3.26034075050207,1,0,0,0
7595,48.0723418131308,30.52,10.547,0.255722399284384,3.04880446769365,1,0,0,0
7596,64.2719715028023,7.35,10.409,0.104037498067399,3.7905422625671,0,1,0,0
7597,47.7881227745866,29.48,25.927,0.276505917947896,2.77278915790245,1,0,0,0
7598,63.9991734543169,7.75,32.837,0.109917942347624,3.63688495260932,0,1,0,0
7599,50.3391848987123,35.89,19.746,0.106197339632508,3.55964009854769,0,1,0,0
7600,69.2720544285215,27.15,23.064,0.106889736886484,3.63189581685847,0,1,0,0
7601,43.298010268499,17.12,33.242,0.198208615111036,2.98668423348303,1,0,0,0
7602,69.7909691947558,26.52,30.469,0.36964504081289,3.13041224209477,0,0,0,1
7603,71.3396429976334,8.28,14.056,0.25393768874297,3.88759577228084,0,0,1,0
7604,43.8997266772504,26.01,34.731,0.23428545315649,2.94520639913913,1,0,0,0
7605,37.03569128564,29.47,0.698,0.240492053305651,2.69609640164772,0,0,0,1
7606,61.4010952488832,10.21,22.542,0.251463958730992,3.21365054062201,0,0,1,0
7607,59.7941916953601,36.95,9.677,0.297620287859508,3.98500709259436,0,0,0,1
7608,62.2100910110948,16.88,19.825,0.144149561072644,3.08894092990148,0,0,1,0
7609,65.4291593866563,20.83,2.352,0.212586872952677,3.93423589729915,0,0,1,0
7610,57.8366085418467,29.69,43.077,0.21592167168519,3.31957454402608,1,0,0,0
7611,55.3761696641555,24.68,8.307,0.201557875008854,3.36124539090165,1,0,0,0
7612,59.4749502992582,27.46,22.07,0.0646310887799432,3.79133281882194,0,1,0,0
7613,71.984592568665,37.52,30.707,0.179121204129739,3.48032717684289,1,0,0,0
7614,58.7364511301224,24.75,26.784,0.297735521091221,3.30592843461364,0,0,0,1
7615,70.0603331673336,5.72,17.483,0.299147397788437,3.98425122501082,0,0,0,1
7616,59.3809649848213,16.52,14.554,0.23943963042517,3.35496069905423,1,0,0,0
7617,64.4298133814187,13.76,8.784,0.0705759097826547,3.84068000066439,0,1,0,0
7618,64.1911580159698,30.91,26.699,0.361057542208836,3.89159157920785,0,0,0,1
7619,49.5811754321783,28.34,38.563,0.166535653953896,2.71513132139135,1,0,0,0
7620,65.7052860053468,12.95,8.265,0.332377358295078,3.22117213352529,0,0,0,1
7621,66.7685534832541,20.4,21.546,0.234034553521589,3.91217235143628,1,0,0,0
7622,66.9564050740259,9.09,11.186,0.112458941658029,4.3531770202883,0,1,0,0
7623,63.7401184240758,23.71,30.855,0.198405815220288,3.84137925991552,1,0,0,0
7624,67.2288046367576,12.66,9.581,0.189375477999525,3.85055403714996,0,0,0,1
7625,68.7683469689409,36.11,41.999,0.333771309766957,3.39105080728767,0,0,0,1
7626,66.9257529995167,9.85,14.448,0.231939307889255,4.21706589861968,1,0,0,0
7627,65.9480481295427,11.46,0.725,0.362932991575356,4.30167260982524,0,0,0,1
7628,70.1608994261741,9.89,19.363,0.251348996701582,3.86474758496609,0,0,0,1
7629,66.7950755705944,23.9,34.705,0.220406183082198,3.69081438281474,0,0,0,1
7630,58.2040098312856,22.24,40.874,0.244704813798648,2.69575666268636,1,0,0,0
7631,60.8534689008341,12.19,2.225,0.268183809069176,3.0963976965151,0,0,0,1
7632,62.4345760367625,13.56,21.502,0.0550684005497867,3.66671362630502,0,1,0,0
7633,62.134919907547,22.63,39.057,0.204966010893841,3.12188700963635,1,0,0,0
7634,65.4577423996411,15.29,6.546,0.115691541883684,3.9443754489836,0,1,0,0
7635,68.9557146280151,10.91,11.873,0.368827411422698,4.28383337624354,0,0,0,1
7636,62.5264806598178,22.95,3.398,0.110645489827875,3.74884108759184,0,1,0,0
7637,60.4074151207611,25.76,12.357,0.197279568946021,3.33226197879193,0,0,1,0
7638,62.2603376575191,23.27,16.66,0.244369319292144,3.17165474314568,0,0,0,1
7639,72.0248241860428,12.8,5.465,0.324493157700669,3.79586140393922,0,0,0,1
7640,73.7429043391278,35.51,27.074,0.179734443564165,3.79959998422416,1,0,0,0
7641,64.1836101590473,7.15,21.941,0.259360420156497,3.63152868055428,0,0,0,1
7642,64.5705794758575,28.61,9.471,0.111960178989164,4.55784975171009,0,1,0,0
7643,71.9092676437804,12.82,27.085,0.268888363063199,3.46562833518286,0,0,0,1
7644,55.5561874906306,3.84,3.622,0.293501678460352,3.90005442174655,0,0,0,1
7645,70.7292506882291,8.51,19.822,0.310369773286459,3.83703564126699,0,0,0,1
7646,68.6915095267673,10.84,30.921,0.296847951841782,3.65599331720644,0,0,0,1
7647,35.0258993248984,12.75,1.005,0.319642386242013,3.03771956412135,0,0,0,1
7648,43.1645622782879,24.03,44.019,0.218097809940871,3.29257132702113,1,0,0,0
7649,68.3460830427946,10.59,25.789,0.0349885380696121,3.71921120331282,0,1,0,0
7650,65.7811713391868,6.59,29.554,0.249333239713238,3.34412729282985,0,0,1,0
7651,62.1499352948505,21.27,21.803,0.120889593431046,4.16532086883527,0,1,0,0
7652,62.0789101977771,32.23,37.961,0.15591172173011,3.90333038558665,0,0,1,0
7653,53.2253877792154,38.81,29.155,0.124213002470968,2.52123957212258,0,1,0,0
7654,60.7630891343488,10.52,5.537,0.198419561932607,3.47113157475072,1,0,0,0
7655,65.4557410704116,24.5,12.935,0.207138124412486,3.10703288034517,0,0,1,0
7656,54.0923375169452,31.96,32.726,0.176161109897768,3.36604496716875,1,0,0,0
7657,57.5434867553337,7.58,6.439,0.248083468622074,3.94148873551468,0,0,0,1
7658,59.872983676045,36.51,29.207,0.12210159026638,4.05471423389708,0,1,0,0
7659,43.6983080959232,32.27,31.467,0.277182296531606,2.67677565171646,0,0,0,1
7660,48.6728565836539,34.2,24.216,0.248779706616555,2.9412943788029,1,0,0,0
7661,58.3454097628447,20.16,5.635,0.371328697021725,3.1786066556322,0,0,0,1
7662,48.0183471815967,23.25,23.844,0.2064721479241,3.08611520197107,1,0,0,0
7663,44.1156181438432,3.68,3.62,0.373756559621427,3.29969503790415,0,0,0,1
7664,65.8980187504468,22.18,13.828,0.270623707521298,3.62693708069302,0,0,0,1
7665,67.4265921418326,10.92,15.388,0.19449179617208,3.52985899761911,1,0,0,0
7666,45.6712964088788,28.88,37.943,0.107889476038962,3.0277971993742,0,1,0,0
7667,60.8484188975378,18.85,4.339,0.150140028596904,2.86250027174014,0,1,0,0
7668,62.4915938056796,35.92,30.193,0.271009949777824,4.02384311188611,1,0,0,0
7669,61.4864811351669,25.02,16.224,0.178720893686273,3.81900137825475,1,0,0,0
7670,62.2734805786791,21.21,9.247,0.174981166947396,3.38507190279329,0,0,1,0
7671,67.0587872629265,9.11,9.889,0.282759552505959,3.88732444561739,0,0,0,1
7672,75.5171573353281,32.44,31.448,0.176919521557443,4.32809843695274,1,0,0,0
7673,53.2990984473879,34.37,24.279,0.184743514221853,3.35814590906055,1,0,0,0
7674,58.2366476224574,37.34,21.995,0.370316958727417,3.4869067088615,0,0,0,1
7675,60.5612275479243,22.58,3.565,0.0943150664955454,3.01772599618872,0,1,0,0
7676,74.0683674939861,6.05,18.97,0.307678353312199,3.79450943432253,0,0,0,1
7677,63.4360578005391,12.38,3.661,0.141250009256678,3.14270989821163,0,0,1,0
7678,47.1294679909609,35.32,29.645,0.164519876976239,3.62132394294762,1,0,0,0
7679,52.2957121193248,22.55,10.974,0.190997900089939,3.43058841269129,0,0,1,0
7680,68.9157837248598,5.85,34.787,0.0997554932136249,3.65551783187472,0,1,0,0
7681,61.3547627948107,20.79,6.33,0.223840707229993,3.20152859549155,0,0,1,0
7682,70.739756289029,7.93,28.432,0.322642655642971,3.36550695289432,0,0,0,1
7683,61.9778069796813,19.15,17.743,0.143489772102662,2.96367306784335,0,1,0,0
7684,58.1799643301905,36.98,38.012,0.22533623460881,3.03858434061241,1,0,0,0
7685,58.2981440522622,29.1,33.278,0.103047871929503,3.73852660210635,0,1,0,0
7686,65.7376693452999,8.61,29.4,0.289570500838645,3.59963465289497,0,0,0,1
7687,47.6829576229338,24.17,18.299,0.0828908124728242,2.69877545781953,0,1,0,0
7688,60.2702638189191,31.79,46.252,0.126272569851875,3.47863940224459,1,0,0,0
7689,48.4854392243897,6.3,3.595,0.288961575899605,3.25104687076174,0,0,0,1
7690,62.4144215284991,27.47,51.848,0.203042572907831,3.61587176330989,1,0,0,0
7691,58.725280807369,34.6,14.997,0.0930419312860198,3.16486027681599,0,1,0,0
7692,53.070646907812,33.83,5.568,0.0932470364385863,3.76075764849617,0,1,0,0
7693,57.0606553757623,13.36,9.439,0.218432088808153,3.15436991582351,1,0,0,0
7694,69.9184176704215,13.82,26.781,0.114828476552724,3.90245614009944,0,1,0,0
7695,67.5825660114463,8.56,31.289,0.215680779876565,3.11133655276253,1,0,0,0
7696,48.3756306148445,30.5,22.527,0.130266381096689,2.84250572250759,0,1,0,0
7697,66.036749788771,11.01,9.556,0.100726348677724,3.66788505909128,0,1,0,0
7698,50.8269427296012,10.0,5.736,0.107064282222675,3.40517541062222,0,1,0,0
7699,58.9524636695927,14.18,1.289,0.179280100372149,3.76018418553798,0,0,1,0
7700,65.045328270273,40.39,27.216,0.165055936820056,3.38758574906331,0,0,1,0
7701,65.7308916706769,9.5,19.036,0.0959908047824721,3.48729983481663,0,1,0,0
7702,65.8655477255507,19.64,22.544,0.100046119036292,3.98027409795061,0,1,0,0
7703,64.8371893735014,5.23,27.364,0.144027232978578,4.59574427222228,0,1,0,0
7704,60.5740405170465,22.34,14.155,0.148095577670147,3.42858963667825,1,0,0,0
7705,46.8727619528863,29.63,37.643,0.141167186193249,2.69753214105594,1,0,0,0
7706,63.2201908949098,35.15,14.277,0.326554650763852,3.44128716695042,0,0,0,1
7707,53.8715405632673,29.4,30.366,0.15849218969031,3.52550617912897,1,0,0,0
7708,42.9890549406287,30.32,29.225,0.27240128638645,3.19584861386033,1,0,0,0
7709,48.146762821311,28.32,34.92,0.0805678481985455,3.53373145506888,1,0,0,0
7710,62.5718047258099,27.06,6.944,0.224848952660891,2.96820213754183,1,0,0,0
7711,61.7398321294209,12.36,11.022,0.121419878482273,3.62990633216966,0,0,1,0
7712,51.4077916867106,26.53,22.492,0.0981381176700235,3.23374483409008,0,1,0,0
7713,43.1112955186742,34.15,23.526,0.242274294426997,3.10317437006078,1,0,0,0
7714,59.2910435907491,37.43,36.801,0.165431834886931,3.65841376890831,1,0,0,0
7715,65.7673268900207,25.0,30.958,0.184672773417897,3.78034746561335,0,0,1,0
7716,60.2969703102005,31.72,22.033,0.182410337387583,3.24006149415329,1,0,0,0
7717,54.6149976373668,36.13,28.085,0.103809162357915,3.18711045856709,0,1,0,0
7718,47.6904222089886,28.05,37.402,0.0793655531609796,2.83053394488329,0,1,0,0
7719,63.3491274155996,32.43,22.182,0.22833048091976,3.17552371597548,0,0,1,0
7720,70.2850263277075,6.78,22.722,0.0919770874761799,3.55032597837572,0,1,0,0
7721,47.0703888931955,31.9,29.897,0.332362571022433,2.27090807679995,0,0,0,1
7722,64.3627250178851,14.5,3.212,0.249350632196383,4.12055985308617,0,0,0,1
7723,66.2226044309202,5.73,21.538,0.221646075842631,3.97560539918781,0,0,0,1
7724,68.2992598499438,8.8,22.253,0.292371106899371,3.48872585630875,0,0,0,1
7725,66.4980339053701,13.09,2.567,0.237449399773114,3.32407560212172,0,0,1,0
7726,49.9964531123498,11.51,7.827,0.368561483512465,2.83439404674326,0,0,0,1
7727,62.6043685588139,35.04,39.683,0.0925785180745242,3.48103409186793,1,0,0,0
7728,68.0923678974076,6.12,7.158,0.21332642231855,3.76950481594814,0,0,0,1
7729,72.0442307972087,23.39,28.059,0.253783124341842,3.83288964541236,1,0,0,0
7730,53.2709343462119,10.21,7.849,0.366491450652592,3.45257991164069,0,0,0,1
7731,65.0879662863811,21.32,6.19,0.0982711741544194,3.85692892443163,0,1,0,0
7732,63.3491679404218,10.36,23.98,0.211771168345337,3.41190529246591,0,0,1,0
7733,43.5309039558245,31.25,31.186,0.287132576092135,3.01040637647196,0,0,0,1
7734,59.8906680868854,8.55,10.103,0.192159322269548,2.82508665812987,0,0,1,0
7735,69.4781472292521,5.36,10.758,0.0820175751638295,4.35092558822079,0,1,0,0
7736,66.1319233066248,8.17,12.358,0.353236551736719,3.98895518348704,0,0,0,1
7737,56.5104743093275,17.79,37.83,0.200626493516946,4.06720914327618,1,0,0,0
7738,59.4266088308726,25.8,20.996,0.117607100288883,3.57663735070029,0,1,0,0
7739,67.5166194622604,23.43,23.709,0.175383110010154,3.48152625895422,0,0,1,0
7740,68.6666407209188,8.41,32.818,0.188676861980183,2.60747969656062,0,0,1,0
7741,68.5508236513859,22.53,3.428,0.143442133544832,3.13362971225357,0,0,1,0
7742,58.506867948545,23.89,13.312,0.228214619145096,3.3010032482491,0,0,0,1
7743,50.7127601048742,20.76,34.644,0.229852315378628,3.35193940651504,1,0,0,0
7744,54.9506336087274,26.38,16.3,0.188782031711076,2.91201205909436,0,0,1,0
7745,66.4940234384788,25.74,40.902,0.224855637085621,4.48564255015244,1,0,0,0
7746,58.3264158222742,32.01,31.661,0.133551721218711,3.2986436291037,1,0,0,0
7747,66.1891464810438,14.82,10.825,0.107784907930608,2.98096410638101,0,1,0,0
7748,65.485293850273,15.85,3.583,0.168819521829103,4.26297981408606,0,0,0,1
7749,60.764134467216,3.14,1.715,0.409131530728126,3.60663832218154,0,0,0,1
7750,66.6742217332637,28.98,35.865,0.195715755343453,4.06706895951188,0,0,1,0
7751,45.2504239522403,9.13,5.166,0.196810581829003,2.59170659322674,0,0,0,1
7752,60.3221882682776,35.67,38.199,0.139963318370871,3.63896428057629,1,0,0,0
7753,61.8911495667392,28.36,6.654,0.198237696623652,3.72152019916783,1,0,0,0
7754,41.4820005303222,26.27,44.019,0.245880500409817,2.89609436577291,1,0,0,0
7755,60.5823754036557,36.29,28.891,0.167365818911027,2.94753195067327,1,0,0,0
7756,66.6611097308574,13.74,14.876,0.152741746541191,3.76465386620835,0,1,0,0
7757,64.1663312335717,31.82,28.256,0.112508199728538,3.24624920098328,0,1,0,0
7758,66.6837591916931,17.5,4.619,0.095558865800603,3.65312215720601,0,1,0,0
7759,58.8453273585487,35.31,21.489,0.195936230876557,3.73959126953895,1,0,0,0
7760,65.7923142304731,26.46,10.951,0.218961445514611,4.41740431912033,0,0,1,0
7761,68.3664391687384,30.08,21.954,0.19528514617243,3.92342362444983,1,0,0,0
7762,66.0495273292061,7.35,32.361,0.0833951760377005,3.82858320975364,0,1,0,0
7763,61.0198855883036,11.13,16.214,0.068617777433945,3.42114078464096,0,1,0,0
7764,67.4106726723481,8.93,11.844,0.411274479830227,2.76235847103257,0,0,0,1
7765,66.2552279134216,18.11,14.525,0.214514589987354,3.13381194787432,0,0,1,0
7766,53.0307693500621,27.77,41.033,0.115681804506417,3.24394129776704,1,0,0,0
7767,56.6272569618788,29.83,40.659,0.095948307978933,3.70395029003472,0,1,0,0
7768,55.7469690901035,18.05,8.626,0.18083385235821,3.25440951258282,1,0,0,0
7769,51.5421880271,29.78,23.72,0.159190446263577,2.94300459471971,1,0,0,0
7770,45.3966163941916,23.32,34.885,0.346332085178818,2.85247115492964,0,0,0,1
7771,51.8486478759021,3.05,3.298,0.132898687792217,3.2897463130739,0,1,0,0
7772,55.4924377168998,29.22,22.285,0.183661757547759,3.59033342141424,0,0,1,0
7773,69.0791133021322,13.81,23.901,0.0962792156175105,3.72654659197102,0,1,0,0
7774,60.4480226797726,29.92,0.423,0.201416442453321,3.59431428061383,0,0,1,0
7775,53.7341697419201,12.66,9.746,0.206754545305768,3.18369206149113,0,0,0,1
7776,64.9198174992009,13.11,27.714,0.225990211795067,3.61297881309179,0,0,1,0
7777,62.9106312435678,16.54,5.431,0.0478928275406178,4.11456730699595,0,1,0,0
7778,66.3754184669978,17.32,11.191,0.218510538112784,3.7742297564482,0,0,0,1
7779,62.4490154744472,28.59,27.255,0.225399221357979,3.81174645284075,1,0,0,0
7780,65.2997344693319,17.76,7.148,0.224467307432848,4.31267446633834,0,0,0,1
7781,67.3440915073488,18.76,16.107,0.246900451484849,3.63180120896596,1,0,0,0
7782,54.8574320008122,8.76,7.782,0.435102802104448,3.17717023313548,0,0,0,1
7783,60.6365077466693,20.12,12.141,0.292083806415495,3.90587746353118,0,0,0,1
7784,65.6704829264113,12.03,13.031,0.274175612088107,3.58072221591648,0,0,0,1
7785,43.3499332841956,6.5,0.323,0.253790522416025,2.75425147662355,0,0,0,1
7786,60.8838100784606,29.23,34.744,0.0934579360561467,2.81541983849307,0,1,0,0
7787,52.6008817871581,18.97,16.209,0.222350478928915,3.1151184827628,1,0,0,0
7788,49.4770526046235,34.77,30.471,0.179222985505183,2.81399743882938,1,0,0,0
7789,41.8998592431448,24.97,26.416,0.179674802919657,2.98567593717879,1,0,0,0
7790,60.7311258163221,25.37,20.905,0.216891754746899,3.84920530382824,0,0,0,1
7791,63.8376293703408,19.39,11.255,0.26335470122084,3.26369977604512,1,0,0,0
7792,62.8623852762498,30.95,20.889,0.102145875126798,3.18258033878145,0,1,0,0
7793,62.4911277662664,29.25,32.103,0.198683860916585,3.15218717369442,1,0,0,0
7794,46.7457883138847,6.99,1.285,0.364035244530572,3.14716639174924,0,0,0,1
7795,59.1137241131538,8.59,6.849,0.290894802173453,3.12371970796294,0,0,0,1
7796,44.5356884900083,8.78,8.603,0.243240026573315,2.9601170457803,0,0,0,1
7797,45.4312965827994,23.86,32.134,0.0897356222312583,2.89556529673083,0,1,0,0
7798,64.4310934729834,17.72,16.734,0.185158411654135,3.72931787652427,1,0,0,0
7799,61.2928598320514,34.49,32.431,0.0862384898653325,3.25850257098808,0,1,0,0
7800,53.1938695821238,31.4,28.721,0.0994712868646801,2.68107754441122,0,1,0,0
7801,57.8942991597615,20.81,15.903,0.123452740271182,3.48198340808047,0,1,0,0
7802,60.7760036634011,37.3,24.763,0.116259197507281,4.17435113065459,0,1,0,0
7803,64.1485343898649,32.7,27.582,0.223216544567229,3.5256164601548,1,0,0,0
7804,72.465248866715,5.46,31.151,0.250262280309137,3.87350685812505,0,0,1,0
7805,51.1317107602859,33.87,34.634,0.0871899973287901,3.21377581798424,0,1,0,0
7806,69.6238647574969,37.05,31.753,0.230249446320008,3.17070599437828,1,0,0,0
7807,60.4584093114893,4.39,8.81,0.289791459032646,3.68258785926051,0,0,0,1
7808,57.1723799597035,12.82,7.274,0.362351444626504,3.48432114864318,0,0,0,1
7809,59.5099491101539,21.0,15.556,0.239313044106047,3.35376289675121,1,0,0,0
7810,46.1211165025467,32.37,37.493,0.0908514427818385,3.24194440776771,0,1,0,0
7811,40.3996514153101,13.93,9.929,0.268853167869265,2.89481424531854,0,0,0,1
7812,66.9093246602265,19.19,6.225,0.16901687717001,3.303842134807,0,0,1,0
7813,61.5973024296163,22.18,4.781,0.224436618707867,2.96743668155366,1,0,0,0
7814,60.7627647907238,20.82,18.857,0.225646921062908,3.7432341100421,1,0,0,0
7815,50.8095586635051,22.3,4.892,0.129356673877041,3.29439449514338,0,1,0,0
7816,62.6842584669337,32.2,35.561,0.28833836010957,3.64306140987248,1,0,0,0
7817,54.428524693853,30.24,38.947,0.224096770486601,3.58914201614405,1,0,0,0
7818,61.3686468022331,16.95,8.761,0.258565420364042,3.59938632309622,0,0,1,0
7819,59.9018828065424,17.79,17.318,0.0925182566579957,3.64335812220875,0,1,0,0
7820,60.9162552156691,19.91,21.832,0.0805307645997282,3.2065400463285,0,1,0,0
7821,70.1897732372725,13.25,14.32,0.134675872779133,3.74284444282986,0,1,0,0
7822,62.256853371218,33.66,29.901,0.225032174939725,3.35953638210452,0,0,1,0
7823,61.5490886209219,23.11,9.503,0.205453686466175,3.51501732615503,0,0,1,0
7824,59.3586584361904,29.68,28.476,0.167922542303811,3.04389094191785,1,0,0,0
7825,61.6433299974136,27.55,45.34,0.0736462755421209,3.6189294052364,0,1,0,0
7826,59.357346214693,35.62,16.658,0.255931863915826,3.42019218272848,0,0,1,0
7827,67.721547453853,7.92,13.967,0.305015166425769,3.47161313372446,0,0,0,1
7828,58.7292658893775,27.47,16.896,0.164244356793407,3.17389046610116,0,0,1,0
7829,57.0357500023954,29.33,8.373,0.0988193257935407,3.4372203536978,0,1,0,0
7830,44.8866341421991,22.25,36.126,0.198658692407057,2.93594337433288,1,0,0,0
7831,68.1148076799107,12.0,21.886,0.335274934500863,3.84522827539131,0,0,0,1
7832,48.5942104631207,3.81,9.21,0.304381686309091,2.62268362637149,0,0,0,1
7833,45.0025005778757,26.85,31.54,0.20279546085607,2.53598164714613,1,0,0,0
7834,61.1172123420838,15.93,17.279,0.198077078942798,3.81917255113097,0,0,0,1
7835,59.818604210027,36.8,29.349,0.37507320572006,3.73897353843515,0,0,0,1
7836,45.1260090993582,30.76,35.569,0.208475857877355,2.10228116943834,1,0,0,0
7837,76.4884348707401,8.3,4.594,0.317830261526537,3.63944168469117,0,0,0,1
7838,49.571477256123,37.09,22.933,0.188956691756463,3.27300112591212,0,0,1,0
7839,61.9166831263853,21.78,19.592,0.227581805756836,3.31818702838828,0,0,1,0
7840,57.3781795356776,7.94,2.402,0.337601573077144,3.79905678677495,0,0,0,1
7841,67.9139294140315,21.88,22.881,0.0915882153667028,3.67008981686419,0,1,0,0
7842,66.3955023879378,22.07,30.63,0.103516367468436,3.676998982135,0,1,0,0
7843,49.2646598774292,33.59,18.519,0.218443932180669,3.5521429798243,1,0,0,0
7844,47.1864457851669,31.26,23.246,0.204372963440865,3.29887869367941,1,0,0,0
7845,62.388290798208,26.62,31.201,0.124446025094407,3.4753598620442,0,1,0,0
7846,60.4309615002285,20.99,9.21,0.262933650533488,3.75801042688929,1,0,0,0
7847,54.9230234205716,33.96,22.595,0.123130765152051,2.99818297134969,1,0,0,0
7848,44.5957178483956,19.31,30.203,0.201951825306129,2.98870097952408,1,0,0,0
7849,67.6344499973977,21.52,8.848,0.26394857285502,3.05521948479489,1,0,0,0
7850,55.7151566923693,6.08,4.159,0.376962798341613,3.25534100215953,0,0,0,1
7851,61.7521140172007,24.67,38.854,0.124424234039491,3.39293451286313,0,1,0,0
7852,69.4930709286181,12.98,4.527,0.288879333166263,3.73869037028929,0,0,0,1
7853,49.0014809813005,5.9,7.417,0.290668472193474,3.05154931654749,0,0,0,1
7854,58.4433745778453,20.72,9.269,0.190562073130274,3.21826446578492,0,0,1,0
7855,62.9809541274444,8.11,25.787,0.462748689916406,4.32401806629491,0,0,0,1
7856,51.5609298364294,19.26,16.062,0.200947267762849,3.08953079413135,0,0,1,0
7857,66.5816713730631,6.4,21.57,0.102749675974346,3.77446041986481,0,1,0,0
7858,57.8128565082864,5.11,7.07,0.278091588059516,3.83417340706022,0,0,0,1
7859,63.0183402362127,4.73,18.203,0.170374368882874,3.61712570141243,1,0,0,0
7860,63.5748635128436,22.09,5.283,0.172304116157079,3.73702060276552,0,0,1,0
7861,45.9117843044014,3.06,7.875,0.247566581793711,2.67516914492074,0,0,0,1
7862,50.6288814279916,4.63,1.327,0.154633747086402,3.43753793148348,0,0,1,0
7863,66.5968530250626,39.58,13.327,0.412388808704557,3.57028034271319,0,0,0,1
7864,60.2920240535646,17.86,18.284,0.134397854291513,3.16195858781071,1,0,0,0
7865,65.5554271301802,12.71,26.127,0.155891032962187,4.10497942738771,0,0,1,0
7866,58.6315180337616,11.9,4.356,0.167178282272139,3.7129058871969,0,0,1,0
7867,65.4478959606202,36.24,2.61,0.10625958577643,4.09936321640345,0,1,0,0
7868,61.2125856060684,8.99,16.01,0.087007325630121,3.51542406602501,0,1,0,0
7869,56.7589341358085,32.71,20.746,0.0950100950902908,3.43088670239674,0,1,0,0
7870,63.8863637712181,32.55,29.496,0.218786058100138,4.01416816324519,0,0,0,1
7871,51.7209593487709,6.26,3.717,0.317552276909986,3.55422316606821,0,0,0,1
7872,69.4074650972316,6.34,28.509,0.327951528233054,4.25285576266666,0,0,0,1
7873,75.9927464689429,8.14,13.626,0.0815052863514042,3.84961674306152,0,1,0,0
7874,63.5369998454052,22.61,30.03,0.085077238352325,3.45003012850081,0,1,0,0
7875,64.6077518150078,11.61,23.845,0.316529007365756,3.05855076648917,0,0,0,1
7876,68.6802695533001,9.45,20.399,0.0866974911518115,3.75047795911883,0,1,0,0
7877,55.2771600145546,18.51,4.308,0.214281241317105,3.00499340645505,0,0,0,1
7878,65.9184364332237,23.71,12.899,0.170499676308933,3.69385749796889,0,0,1,0
7879,64.4689076181647,25.69,10.066,0.0681707959020074,3.19023798117922,0,1,0,0
7880,64.284627827453,27.22,34.25,0.1877273524382,3.59139826912481,1,0,0,0
7881,61.1752077729106,8.19,4.192,0.258566105314579,3.07932344581692,0,0,0,1
7882,64.997024633969,15.38,5.272,0.250137577742349,2.8111062170313,0,0,1,0
7883,47.6495308104824,33.26,32.229,0.201351353647486,3.46966521099909,1,0,0,0
7884,52.8174029690955,8.34,7.736,0.276539282032806,3.69099485836601,0,0,0,1
7885,64.198157222569,22.72,6.453,0.0954177331707197,3.58904501248823,0,1,0,0
7886,65.4689969067714,30.91,3.199,0.25337742833623,3.84137095965001,0,0,0,1
7887,63.9854436898068,30.19,23.54,0.375611943411029,3.51751618077079,0,0,0,1
7888,60.2532747023129,22.27,3.685,0.165169956147523,3.69998829969233,0,0,1,0
7889,64.0607196553222,27.57,27.667,0.169888627707881,3.73331600243374,0,0,1,0
7890,60.6991982284174,39.18,14.853,0.35037893047682,3.58596038122277,0,0,0,1
7891,64.9646866570907,33.61,18.069,0.180166629313849,3.27714097238162,1,0,0,0
7892,64.5088215626212,14.92,18.916,0.204227186595696,4.09327389255172,0,0,1,0
7893,61.0803820777294,24.8,40.718,0.143180645013045,3.50296587853126,1,0,0,0
7894,65.826230379176,31.24,20.022,0.197637990613488,4.21880113265847,0,0,1,0
7895,71.9420212888352,14.0,34.074,0.0845250070981586,4.32550332568501,0,1,0,0
7896,59.1484028971637,12.25,5.082,0.0804809025302475,3.08084593492264,0,1,0,0
7897,67.0169408171972,5.5,0.489,0.424042592974977,3.87729517639612,0,0,0,1
7898,58.9366058419887,22.13,15.057,0.183713483776818,3.93318173976307,1,0,0,0
7899,70.4817534759942,13.83,16.015,0.123940984687457,3.66163195812074,0,1,0,0
7900,47.3429541425842,34.55,25.446,0.0870794990799041,2.97476517673742,0,1,0,0
7901,65.9029333927255,31.66,19.998,0.146682913798546,3.56488005062843,1,0,0,0
7902,63.9068095069177,9.48,27.695,0.38619620671907,3.71492360751257,0,0,0,1
7903,66.3946498738726,16.65,2.602,0.139693362961643,3.8157268723615,1,0,0,0
7904,46.4089139345408,37.82,21.639,0.178004536281922,3.33933538085974,1,0,0,0
7905,60.7771073595718,22.8,35.563,0.299637785732582,3.36532396791452,1,0,0,0
7906,68.096109509312,6.5,26.997,0.198511991340472,2.57109136933326,0,0,0,1
7907,58.0928001054119,20.23,5.539,0.116572079862415,3.41811816801554,0,1,0,0
7908,66.8701402958147,31.78,11.157,0.220364918282369,3.76455353360821,1,0,0,0
7909,70.4615117241001,7.62,34.261,0.123206740483172,3.16773258223909,0,1,0,0
7910,65.5044633700768,34.15,20.635,0.0742831042290799,3.47982420890078,0,1,0,0
7911,64.3129924542642,34.84,27.327,0.180011009812594,4.04539594437812,1,0,0,0
7912,53.3677010478964,8.28,6.178,0.36205417166835,3.50532488487287,0,0,0,1
7913,63.880724909879,18.69,13.271,0.168383144675014,3.32437428237914,0,0,1,0
7914,69.2141456487087,13.23,3.286,0.178041717685576,3.70350649733735,0,0,1,0
7915,40.9321629245436,6.13,4.623,0.164379494133058,2.92119645486766,0,0,1,0
7916,65.5715044863745,26.01,23.197,0.0889344466060324,3.88175476763889,0,1,0,0
7917,67.3397857208949,16.9,13.637,0.120818377808016,3.91219278686337,0,0,1,0
7918,68.084293665822,8.57,8.055,0.173976950788138,3.71121973663545,0,0,1,0
7919,52.5766391058967,6.59,3.712,0.42525565892388,3.10315317780028,0,0,0,1
7920,64.218185589017,34.34,9.201,0.323832386189187,3.24252625566757,0,0,0,1
7921,67.4191699682476,26.6,31.23,0.204631373148789,3.29258747870621,1,0,0,0
7922,48.2603490672787,25.87,21.817,0.250443022435121,3.4913817280059,0,0,1,0
7923,64.3069287024923,14.68,8.076,0.158165925540828,4.14348959785573,1,0,0,0
7924,68.9945657202169,14.04,8.123,0.113270864476964,3.6298891288422,0,1,0,0
7925,52.7873920952144,9.68,14.411,0.238738409219825,3.3327687455732,0,0,1,0
7926,61.7685763820206,35.94,27.679,0.164760623150725,3.75602160922805,1,0,0,0
7927,68.5621507581823,30.76,34.929,0.173940433633965,3.2834062860212,1,0,0,0
7928,65.2833145527237,17.01,14.742,0.0997973036312051,3.76107505637747,0,1,0,0
7929,62.5878167331486,11.75,34.022,0.0880582219675115,3.29140238654944,0,1,0,0
7930,57.9809363480962,17.24,14.691,0.21968972433666,3.42048910725439,0,0,1,0
7931,64.7695466034002,33.37,21.375,0.286862393674148,3.58916477358928,0,0,0,1
7932,64.3496133380834,27.04,10.756,0.121139306411112,3.94837898947172,0,1,0,0
7933,74.4249379151789,7.74,31.632,0.337602760356196,3.88824508647909,0,0,0,1
7934,58.1590484991694,14.91,9.977,0.178788620033417,3.45698048933388,0,0,1,0
7935,49.0723440374696,21.77,24.743,0.111024278925715,2.85704065909178,0,1,0,0
7936,63.4623069660694,35.86,28.142,0.192754905098748,3.94053851372768,0,0,1,0
7937,42.359798107672,39.92,41.193,0.182337648464899,2.66439059020203,1,0,0,0
7938,60.9004391157691,14.4,22.802,0.116021524018622,3.49459121589384,0,1,0,0
7939,48.7252868486426,35.3,29.366,0.256118371409674,2.40251352880481,1,0,0,0
7940,65.7109019877125,16.86,3.444,0.235620794869637,3.73832908873324,1,0,0,0
7941,54.0318078127669,19.51,14.461,0.0887385668986547,3.1047121649023,0,1,0,0
7942,65.2640607574228,7.03,30.233,0.0916813304509031,3.38754091824046,0,1,0,0
7943,50.061095035178,9.64,5.162,0.200887528971678,2.95305178537455,0,0,1,0
7944,56.1165595280531,8.26,2.443,0.333422922626181,3.0843604082401,0,0,0,1
7945,69.4046443355291,28.99,27.9,0.204259234370904,3.89010652216757,1,0,0,0
7946,49.6461840142482,7.63,3.277,0.356061684030109,3.57733911532759,0,0,0,1
7947,58.7254966503753,35.16,18.909,0.119021620792201,3.8933426475359,0,0,1,0
7948,64.3134384922181,31.85,3.933,0.332670011448746,3.11911981165259,0,0,0,1
7949,57.4304255679472,30.78,30.65,0.181958047301511,3.50678401632268,1,0,0,0
7950,61.0492581236562,11.18,15.782,0.191800821341044,3.74056974177563,0,0,1,0
7951,58.7839468948689,25.96,26.065,0.129197989230126,3.46799770119632,0,1,0,0
7952,71.5392235449409,8.8,14.849,0.102651115418058,4.29406306597347,0,1,0,0
7953,56.220749435666,5.4,5.533,0.201606317151711,3.70285013026142,1,0,0,0
7954,62.9186671648877,30.71,53.318,0.297022508152076,3.4333881318266,1,0,0,0
7955,63.7484272116873,31.62,32.73,0.0985744028006324,2.79725481643442,0,1,0,0
7956,57.7316086912805,30.9,29.553,0.092829994267532,3.20503318017122,0,1,0,0
7957,47.0304803148173,27.26,26.167,0.238330040897012,2.67472300537016,0,0,0,1
7958,68.7815613371164,9.97,34.192,0.0935846563939483,4.1731730808683,0,1,0,0
7959,45.9229916878898,34.7,31.837,0.22029990468384,3.03929875745313,1,0,0,0
7960,54.0700522912609,5.61,5.865,0.145656611721517,2.64119516351424,0,0,0,1
7961,53.2868905612958,19.8,4.324,0.147186638333723,2.75005683892106,1,0,0,0
7962,45.9808473835642,35.01,20.459,0.176071520096098,2.8823949311201,0,0,1,0
7963,64.5473405438795,33.81,14.142,0.135663174381016,3.57428975818035,1,0,0,0
7964,60.7874509215018,31.03,25.426,0.190655262403021,3.72657391122063,1,0,0,0
7965,62.4047150070813,16.89,7.359,0.219653117448889,3.58813509053694,0,0,1,0
7966,61.4745809566303,20.76,11.133,0.199672195123987,3.10290348417461,0,0,1,0
7967,69.5572457118471,5.66,19.835,0.0629643354886928,3.46145482654524,0,1,0,0
7968,70.0514655797432,30.46,32.579,0.301291186543816,3.61709685061347,0,0,0,1
7969,60.4600008054286,15.22,37.86,0.158364825715578,3.30686213586827,1,0,0,0
7970,68.6729704165645,19.94,24.352,0.0878525695649827,3.01738564032345,0,1,0,0
7971,63.2076363342365,26.49,35.942,0.115726919826503,2.69851563707628,0,1,0,0
7972,63.7927584983858,32.13,5.597,0.257844284035722,3.61319799762882,0,0,0,1
7973,59.6359875105084,29.61,47.457,0.167741214980264,2.88541532028627,1,0,0,0
7974,70.0414551205782,12.51,28.74,0.101039298245528,3.4812999929492,0,1,0,0
7975,61.8034183953619,32.65,26.454,0.147223153427535,3.09758825740049,1,0,0,0
7976,70.901244433811,7.55,17.238,0.0739064905696949,3.85450805509523,0,1,0,0
7977,48.5482013084639,19.17,38.299,0.194853960474236,2.91601824939233,1,0,0,0
7978,45.0325115557437,32.3,39.269,0.334605676606123,2.98972737732605,0,0,0,1
7979,60.7696713352596,26.04,1.782,0.19448261017667,3.64483636268535,1,0,0,0
7980,69.2326170122164,14.82,18.248,0.211316348223858,3.11539353115388,1,0,0,0
7981,45.3726307320326,31.9,30.016,0.200540979571479,3.32687901613142,0,0,1,0
7982,66.975744875943,12.38,30.565,0.140753263653058,3.28532572019498,0,0,1,0
7983,63.6986166456764,35.55,12.084,0.0826311056682697,3.49148791690947,0,1,0,0
7984,59.8377866767059,20.21,0.557,0.182476009340038,3.47887827724717,0,0,1,0
7985,63.7711140045957,18.4,6.385,0.283660440253584,2.5079080391914,0,0,0,1
7986,62.1580979371937,10.9,6.431,0.200389813298527,3.78248279356229,0,0,1,0
7987,45.0055171046303,5.24,7.588,0.284716736357974,2.97291612391457,0,0,0,1
7988,58.4440628722151,16.69,9.818,0.182510482026161,3.34215725197499,1,0,0,0
7989,56.1157370920256,8.41,9.814,0.331084897514142,2.97681707068375,0,0,0,1
7990,60.2358370485205,6.48,3.494,0.259265503439217,3.51953286737066,0,0,0,1
7991,60.8702637535438,36.08,9.202,0.191789555935511,3.55464754114537,0,0,0,1
7992,58.6497988110545,24.15,8.713,0.0900302411437239,3.28942324541278,0,1,0,0
7993,65.1262018193654,14.94,5.04,0.159708663526842,3.56912820104114,0,0,1,0
7994,57.8814636758499,12.39,0.727,0.251530441222404,3.4882538565998,0,0,0,1
7995,67.6611394650264,19.34,13.671,0.166666033319905,3.50942169593489,1,0,0,0
7996,68.2299960172176,31.41,33.565,0.142732743586447,3.25161443739799,0,0,1,0
7997,38.7646787484963,26.6,30.834,0.193461390109491,2.78574324964067,1,0,0,0
7998,50.9476998430921,24.84,11.449,0.11051111135438,3.25618747424414,0,1,0,0
7999,63.2015166338516,9.07,2.029,0.0869521144885551,3.16897375306131,0,1,0,0
8000,55.2002514468463,29.76,35.398,0.201144102244079,3.22447229038787,0,0,1,0
8001,47.3531724365204,27.15,17.616,0.258610537594106,3.11300317713527,0,0,0,1
8002,36.4529420137507,14.18,6.482,0.214971898696259,2.40168905641101,1,0,0,0
8003,61.617194930175,26.58,12.949,0.0937900830308569,3.79232849805719,0,1,0,0
8004,70.3990557012254,12.95,0.68,0.250869951098245,3.85030437735907,0,0,1,0
8005,59.4091636528274,14.48,8.668,0.238296429677017,3.7488820177729,1,0,0,0
8006,68.9247077625004,23.37,9.823,0.189808214280677,3.74800666056921,1,0,0,0
8007,54.3990401621983,25.33,33.847,0.13395635800612,3.59167184825872,0,1,0,0
8008,61.0249576683898,18.81,19.144,0.16309503522248,3.93242828561783,0,0,1,0
8009,63.0663430442677,35.66,30.957,0.225261700419077,3.66310728290849,1,0,0,0
8010,68.5163173370822,7.74,8.938,0.257350759238826,3.8539960284133,0,0,0,1
8011,61.0552061842384,21.9,38.649,0.168802274041731,3.29291104339027,1,0,0,0
8012,44.8170712073475,32.35,35.362,0.236153879375417,2.58267634520651,1,0,0,0
8013,48.3574651756612,28.97,19.995,0.205562072337534,3.1414119010913,1,0,0,0
8014,61.641628318148,14.5,12.426,0.160999868509894,3.53166417317816,0,0,1,0
8015,65.9340040269176,15.51,4.464,0.218953053464209,3.0846383740627,1,0,0,0
8016,40.635345230764,13.88,1.172,0.390353431158757,3.16983612171426,0,0,0,1
8017,47.7507503200217,36.33,29.814,0.296299751981877,3.40494073335983,0,0,0,1
8018,65.9865772851463,16.35,6.383,0.151561175739969,4.19325118903705,1,0,0,0
8019,62.6632028967455,29.89,16.861,0.182422209840574,3.45101504794316,1,0,0,0
8020,47.4041587679823,27.17,28.35,0.244562783899646,3.25948804028914,1,0,0,0
8021,46.3257714172027,25.72,19.197,0.209047709838068,2.91761007120293,1,0,0,0
8022,69.4126947511075,17.58,4.956,0.180181213714372,3.99938568805044,0,0,1,0
8023,55.3241848811568,37.17,34.945,0.231578411226028,3.48677843218643,1,0,0,0
8024,67.9718134315755,29.73,26.984,0.230938330181518,3.63679951061204,1,0,0,0
8025,58.8330056323159,8.11,15.146,0.0795535635830583,3.63574311539247,0,1,0,0
8026,62.79449730905,22.12,39.824,0.220133654955328,2.97064046810014,1,0,0,0
8027,55.7023906223813,3.7,2.651,0.245235352946428,3.43363757334911,0,0,0,1
8028,65.0842203293123,23.1,36.591,0.235865594137624,2.96411854811998,1,0,0,0
8029,45.7084198041667,16.69,4.798,0.202452922411091,2.86754139776362,0,0,0,1
8030,60.8418857153331,21.66,5.816,0.331366874331802,3.49675119679368,0,0,0,1
8031,73.0402944041091,42.02,27.126,0.0925464748523046,4.37848083269328,0,1,0,0
8032,49.9602185986536,36.18,37.173,0.152283532908077,2.89673934486957,0,0,1,0
8033,57.2677342326517,19.65,1.072,0.275519255081439,3.14589488889166,1,0,0,0
8034,62.5966706912584,35.93,7.081,0.0765734151968958,3.73858429666866,0,1,0,0
8035,68.7349989821745,8.93,26.193,0.225664403161272,2.87764339938965,1,0,0,0
8036,49.5986010492337,11.79,9.772,0.361595459049661,3.2173646184016,0,0,0,1
8037,74.2709728232849,14.88,30.479,0.312595090943826,3.7148326658107,0,0,0,1
8038,64.3843681618109,21.03,5.09,0.18057696404153,3.62514811984539,0,0,1,0
8039,58.9244340506255,32.9,40.361,0.085374680612563,3.70369419750715,0,1,0,0
8040,63.9728257480349,26.12,31.306,0.101026131895478,3.36802843574589,0,1,0,0
8041,56.9886430070259,3.71,1.009,0.385624113621286,3.3538364658573,0,0,0,1
8042,62.0216792472963,28.64,24.815,0.342935143605154,3.49086261578289,0,0,0,1
8043,59.0636973382635,27.63,33.805,0.169775982448298,3.39154197282244,1,0,0,0
8044,62.403845256983,25.82,37.168,0.120081080639942,3.30563569541556,0,1,0,0
8045,47.0747197324745,33.33,24.055,0.175539817975548,3.06714554173193,1,0,0,0
8046,61.2473240033629,38.41,34.782,0.299487274541723,2.86559885867738,1,0,0,0
8047,62.2286331945217,22.98,6.1,0.114286610456447,3.11862772316604,0,1,0,0
8048,44.8173745702963,28.81,12.654,0.131321329604721,2.8407168284644,1,0,0,0
8049,46.1762634772186,35.72,20.152,0.293137975199044,3.26182214209764,0,0,0,1
8050,59.9849044188748,7.95,7.915,0.258475687187432,3.37092720991841,0,0,1,0
8051,62.0595253160893,6.53,9.962,0.24702906380332,3.71240365181829,0,0,0,1
8052,58.4692723531645,18.96,0.648,0.211481635117378,3.06686219643033,0,0,1,0
8053,64.9009678669698,24.99,29.827,0.188810643024733,3.21372848281473,1,0,0,0
8054,51.9092219576143,28.03,36.825,0.21889091448732,3.78483411180485,0,0,0,1
8055,50.1426858146162,6.9,2.45,0.304652754412733,2.77482107412407,0,0,0,1
8056,63.530415035301,5.09,9.572,0.407075591447766,3.56876112623818,0,0,0,1
8057,70.3083706477708,30.46,20.631,0.109568845076751,3.55301948289355,0,1,0,0
8058,58.8853908653554,27.14,24.943,0.123002090259415,3.35825654432177,0,1,0,0
8059,67.6730312178965,12.94,19.766,0.0981970542823479,3.94802351958271,0,1,0,0
8060,71.207571433915,39.55,23.228,0.0754161895675113,3.1495841662961,0,1,0,0
8061,71.4196001636825,12.99,11.789,0.0807886927414423,3.31081646202561,0,1,0,0
8062,63.232037361004,28.18,32.169,0.188695149656396,2.95293330244075,1,0,0,0
8063,61.3254149883785,11.89,4.984,0.352136025654606,3.67665196716063,0,0,0,1
8064,67.0837795938814,7.5,13.109,0.125859857227751,3.0849541863202,0,1,0,0
8065,71.3015769048211,14.42,15.111,0.388799691537912,4.40434301904387,0,0,0,1
8066,65.3647601610306,35.74,33.136,0.216236990356038,3.42175423713357,1,0,0,0
8067,72.8386147500852,30.05,29.524,0.0954761094326895,4.30790581643538,0,1,0,0
8068,62.8634399752423,30.08,23.578,0.104892948501252,3.8859978418029,0,1,0,0
8069,61.5893028013111,26.47,42.236,0.091678654668872,3.16261472895928,0,1,0,0
8070,53.7984772380167,19.74,4.161,0.336932122266758,3.9627140282335,0,0,0,1
8071,68.0459634510462,14.44,9.073,0.0957657092595523,3.52593021401092,0,1,0,0
8072,70.3474184738744,32.09,36.512,0.142247128295557,3.61487094467214,1,0,0,0
8073,63.6636603404703,23.12,6.489,0.104413432841912,3.64989751537962,0,1,0,0
8074,68.8077797293157,8.68,11.974,0.10667072899853,4.17081247458774,0,1,0,0
8075,77.2210613227169,35.46,23.025,0.0723002516250115,3.45859071346749,0,1,0,0
8076,48.1031530605946,24.15,21.327,0.16451315937296,3.4453668306128,1,0,0,0
8077,45.208755643128,8.81,7.037,0.391729693108888,3.2718704914225,0,0,0,1
8078,59.9001405696911,23.96,28.081,0.211103066759661,3.59154023722563,1,0,0,0
8079,58.4506357719245,25.42,31.33,0.103635398935566,3.13009395771891,0,1,0,0
8080,47.2857177670971,35.31,39.067,0.21779799461624,3.25244705927033,1,0,0,0
8081,61.4648121942484,24.32,8.396,0.22440504670812,3.80754667183884,1,0,0,0
8082,65.3720399639576,31.41,26.445,0.175583661971576,3.65089801821024,0,0,1,0
8083,60.0791617980709,16.14,17.463,0.0913580316127372,3.6682867928762,0,1,0,0
8084,52.1288922210532,29.06,35.813,0.212214370179847,3.33164897828636,1,0,0,0
8085,60.1605452936414,8.25,23.319,0.304905162515757,3.895933417535,0,0,0,1
8086,62.7152070085989,24.54,26.931,0.0508174696673297,3.61615787569888,0,1,0,0
8087,70.0802960820604,12.4,10.91,0.33080279417774,4.13418783420314,0,0,0,1
8088,63.3531351617491,36.89,38.887,0.118423413396103,3.4570232166178,0,1,0,0
8089,43.6471007464724,7.85,7.068,0.203578706390129,2.23303260274663,0,0,0,1
8090,59.8077349334805,24.74,21.865,0.103387177941687,3.62789356822641,0,0,1,0
8091,66.4598954053789,22.7,18.477,0.0877859765504249,3.60835784551161,0,1,0,0
8092,64.4879045911457,5.41,1.335,0.366805418575623,3.52738015718019,0,0,0,1
8093,58.7201183459688,8.62,8.479,0.281927216667405,2.76969235919811,0,0,0,1
8094,54.0438591166755,7.73,9.306,0.117848699447529,3.39857358111315,0,1,0,0
8095,53.1446680246706,4.63,0.746,0.286872404393192,4.07720062318499,0,0,0,1
8096,48.8701185071187,36.1,34.721,0.256242401615847,3.05878177259019,0,0,0,1
8097,71.5705644345046,5.45,26.91,0.301929820167531,4.09608163354055,0,0,0,1
8098,62.9394415368305,14.16,6.722,0.214844567626643,3.79019363792548,0,0,0,1
8099,67.5957479659907,10.1,30.46,0.205296439191226,3.51290152015383,0,0,1,0
8100,57.0159335034188,27.34,36.265,0.387114155896218,3.13295665368593,0,0,0,1
8101,59.5920600800337,26.83,3.908,0.16839982008566,3.40915013453467,0,0,1,0
8102,65.1156684913529,31.46,8.368,0.0775566548048521,3.58173988508753,0,1,0,0
8103,53.1334474885668,6.05,5.584,0.25604288354901,3.57985800696195,0,0,0,1
8104,59.5558364819942,21.04,6.741,0.220821056531733,3.55228627884517,1,0,0,0
8105,43.5338129169473,7.16,3.125,0.397073531480362,2.78316451245425,0,0,0,1
8106,73.1220235825839,4.62,0.557,0.185243815546646,3.26484491814407,1,0,0,0
8107,61.344525325309,29.92,2.453,0.0880640228582933,3.79270628723899,0,1,0,0
8108,43.5110734868354,6.39,0.275,0.258787068578335,3.1502887619642,0,0,0,1
8109,60.6937270629556,34.09,12.284,0.25361116210549,3.57812237046232,0,0,0,1
8110,57.1419243207663,32.16,37.082,0.0777839440508872,3.45876337456041,0,1,0,0
8111,67.6978243555574,28.52,14.338,0.106639939171048,4.7300997242487,0,1,0,0
8112,40.0010406111481,23.66,47.023,0.183968071129361,2.9867509884746,1,0,0,0
8113,66.3886825277105,20.72,8.784,0.246508492985638,3.33440873272295,0,0,1,0
8114,59.5699568184212,15.95,12.723,0.150909969761418,3.79652655859608,0,0,1,0
8115,70.1388610993901,6.44,9.192,0.29622971904219,3.18190615379301,0,0,0,1
8116,67.2099870304858,16.55,5.584,0.216801681143547,3.02022115141483,1,0,0,0
8117,68.1791871640318,10.48,32.268,0.273541052951771,4.07112870273398,0,0,0,1
8118,65.4794074960121,7.05,33.061,0.0986536731072056,3.39538038512162,0,1,0,0
8119,44.3509839302474,30.73,39.094,0.255180626120947,3.30608927699708,0,0,0,1
8120,56.5076916621526,4.4,5.374,0.212333895277203,3.23950616187609,1,0,0,0
8121,63.6797810492303,4.94,2.931,0.0756414304280282,3.71658465080636,0,1,0,0
8122,47.482370353187,27.09,27.365,0.240011323289888,3.04550477460613,1,0,0,0
8123,49.3384547225391,6.17,6.387,0.35517502499257,2.95922594663733,0,0,0,1
8124,61.4754146489944,27.92,21.259,0.275092345392594,3.5949579734601,0,0,0,1
8125,50.9837167838269,7.58,9.902,0.358254646916321,3.33997369016697,0,0,0,1
8126,48.3945352572161,31.91,27.649,0.208400265396265,2.87504550361686,1,0,0,0
8127,66.1149715622247,26.11,34.094,0.215844632047414,3.07508375039749,0,0,1,0
8128,60.4949307044754,23.26,0.037,0.179133308194906,2.96437170376065,1,0,0,0
8129,59.1055035256714,27.78,11.736,0.277945619879967,3.29272891550212,1,0,0,0
8130,51.0344742709763,28.4,13.765,0.0842258107164519,3.24321645303431,0,1,0,0
8131,47.2794093395067,31.13,28.75,0.217813763292847,2.62171737530873,1,0,0,0
8132,47.1322011138534,28.88,35.818,0.2200864088605,2.65357021051635,0,0,1,0
8133,64.0962553905909,28.11,5.181,0.205412647568654,3.62843520530529,0,0,1,0
8134,44.1404703269883,24.94,26.422,0.122801622723227,2.8676897322487,0,0,1,0
8135,66.1658453441739,31.01,26.048,0.14454840985183,3.99834828127209,1,0,0,0
8136,65.4025733568866,5.62,16.878,0.239478292050621,3.46590345867634,0,0,1,0
8137,66.6441556085738,42.07,10.545,0.267386868267678,3.46661040314936,0,0,0,1
8138,67.6438697383701,21.99,23.38,0.250316954835306,3.85519345875492,0,0,1,0
8139,61.5797519140699,16.07,3.562,0.223527772686714,3.16129675680064,1,0,0,0
8140,60.96368693852,37.27,22.631,0.101231426360799,3.73502143801803,0,1,0,0
8141,44.3478135337012,7.32,1.852,0.213951886045358,2.66635892683481,0,0,0,1
8142,57.0130160512915,19.75,29.765,0.253600990724325,3.54451238738961,0,0,0,1
8143,44.9869513076029,30.77,43.303,0.286414725615161,2.7398233842134,1,0,0,0
8144,58.1089781839131,31.58,50.123,0.20130002739034,3.31236018591716,1,0,0,0
8145,63.9976678211314,30.18,33.552,0.240590066594351,4.31227188428064,1,0,0,0
8146,55.8209169503783,5.4,4.788,0.214163301995799,3.36991485712478,0,0,0,1
8147,61.4082308245463,37.54,23.03,0.101749195312563,2.73682766877227,0,1,0,0
8148,64.8172960247046,16.23,16.102,0.106205137650132,3.54869949779322,0,1,0,0
8149,63.2333932670315,22.65,35.458,0.213241745041627,3.58649475381963,1,0,0,0
8150,52.7187845961872,6.26,8.419,0.300519048403182,3.93554147896573,0,0,0,1
8151,61.6826736543447,15.93,11.143,0.148134961569706,3.66686162261519,0,0,1,0
8152,58.4158919583864,28.03,16.959,0.139612213636205,3.49880638846315,0,1,0,0
8153,59.6600064838962,20.15,15.425,0.208378919850987,3.10664344442902,0,0,1,0
8154,57.0001909693338,33.62,37.717,0.207232081684282,3.7900237908332,0,0,1,0
8155,64.5704473059513,20.21,37.896,0.225729801085506,3.38102674198273,1,0,0,0
8156,50.410812612277,4.33,8.968,0.309393974104314,2.97109684563405,0,0,0,1
8157,69.8063876483289,20.3,12.224,0.191540403677127,3.73236429722679,1,0,0,0
8158,69.3189937297202,30.3,3.049,0.278371023825316,3.63292046014778,0,0,0,1
8159,44.0598943009548,22.18,31.45,0.227631622191512,2.81148337031767,1,0,0,0
8160,66.5395754965187,11.22,2.534,0.351777536944224,3.9860705204462,0,0,0,1
8161,64.9136852155316,22.95,3.628,0.236226587994627,4.1814256009818,0,0,0,1
8162,59.0471311444169,34.14,37.669,0.239483472330803,3.68919289472191,1,0,0,0
8163,67.3239370791317,6.92,31.507,0.303202779104003,3.92762758469189,0,0,0,1
8164,68.9200943003705,13.8,9.54,0.120103742026028,3.84764409639432,0,1,0,0
8165,64.5094784003052,26.25,43.192,0.318132272716795,3.31723637536246,0,0,0,1
8166,51.9022110782827,13.39,0.074,0.115269706679135,2.99506414789727,0,1,0,0
8167,60.8382841672611,14.37,11.991,0.17341354059499,2.59266333707933,0,0,1,0
8168,65.92580192208,26.54,19.132,0.260369804130088,3.55412076377307,0,0,0,1
8169,51.5120988455261,3.69,4.284,0.281349466213789,2.75917204009678,0,0,0,1
8170,65.8194869317788,30.15,21.51,0.119844570859742,3.59935017820939,0,1,0,0
8171,75.9822898627259,4.67,7.43,0.238741130574106,3.78431768711562,0,0,0,1
8172,49.6986164219656,36.58,21.712,0.110010583208349,3.26078499470588,0,1,0,0
8173,58.735399853091,34.92,26.576,0.186112231272153,3.96165768954898,1,0,0,0
8174,57.4173566099999,26.12,27.366,0.108914622722679,3.54078861800299,0,1,0,0
8175,47.5207782046889,38.84,39.602,0.190158993384628,2.77330532999734,1,0,0,0
8176,53.601439304026,4.69,2.254,0.298805006616625,2.71061082980792,0,0,0,1
8177,65.1993184469103,8.73,15.654,0.268280461685353,4.07851734947111,0,0,0,1
8178,60.1416683939436,17.61,15.621,0.23478281513457,3.63759259191557,0,0,1,0
8179,62.9553909154998,3.45,9.418,0.275517531631804,3.96180672928181,0,0,0,1
8180,67.7110667901798,37.68,9.868,0.177828577322813,3.3668717644605,1,0,0,0
8181,70.4795201268468,27.13,16.629,0.121601360886291,4.19655320636463,0,1,0,0
8182,65.1944153989703,30.47,38.378,0.219391411421254,3.7900553897614,1,0,0,0
8183,67.8224987028476,29.92,6.197,0.165516040287563,3.401481087377,0,0,1,0
8184,65.4736767302768,39.43,32.241,0.0871928679981035,3.49224642791466,0,1,0,0
8185,58.0586088718469,4.74,3.447,0.279550934335289,3.48848370677314,0,0,0,1
8186,63.8555689131175,18.12,0.379,0.122984607518004,3.23952566598671,0,0,1,0
8187,59.8114048732708,29.05,27.173,0.19003273109915,3.13042805887628,1,0,0,0
8188,42.7253878562051,33.73,29.78,0.149841387500124,2.92930724766549,1,0,0,0
8189,65.2851743457587,8.37,30.472,0.283956150780625,3.30158902648446,0,0,0,1
8190,62.7041475259126,14.96,16.752,0.198823373534811,3.43475173185855,1,0,0,0
8191,51.4158424971227,29.47,31.351,0.266973237849211,2.83763961759239,0,0,1,0
8192,68.6813323923465,25.41,7.504,0.199650040588886,3.65397499666005,0,0,1,0
8193,66.3503505896435,15.82,11.617,0.101282312823198,3.15326493647046,0,0,1,0
8194,43.4965971155317,4.96,8.509,0.255589092291024,3.16064468338093,0,0,0,1
8195,54.6838989759328,6.06,1.615,0.23635126499909,2.83301342451138,0,0,0,1
8196,45.2060936571082,29.58,15.76,0.217967514675761,2.73668668136241,1,0,0,0
8197,69.3487630039794,32.98,28.297,0.186964984883254,3.45380434461325,0,0,0,1
8198,70.3713690617262,5.66,26.709,0.160519054729798,3.5677115797194,0,0,1,0
8199,52.1988425242906,31.0,26.016,0.17079083245402,2.8787180586885,1,0,0,0
8200,72.9853482804635,13.38,25.346,0.10371363234184,4.20504201152622,0,1,0,0
8201,57.519666142023,26.35,17.74,0.225370048736994,4.12939696889373,0,0,1,0
8202,75.9583841359973,23.38,1.886,0.301539755106452,4.04788859881408,0,0,0,1
8203,64.8986750993792,19.51,11.863,0.171518691098246,3.61445517322844,0,0,1,0
8204,62.8494692133768,21.94,0.656,0.268118017083384,3.48663034243243,1,0,0,0
8205,60.4922195800358,34.99,31.135,0.344478274913193,3.60506257314199,1,0,0,0
8206,48.0290277209768,30.68,27.685,0.0419117089567156,2.91055323370474,0,1,0,0
8207,53.8316221581,4.34,0.337,0.19896965734839,3.0320883152116,0,0,0,1
8208,64.5995166657551,14.58,12.089,0.121459095182228,3.72126018390849,0,1,0,0
8209,44.048198649522,30.45,43.022,0.15167977692234,3.09879763918378,1,0,0,0
8210,48.4416983208613,4.6,3.975,0.341656787995285,3.21648658301856,0,0,0,1
8211,65.240364533899,19.47,32.304,0.179283267753459,4.12927012060529,1,0,0,0
8212,66.1113545411463,26.3,19.035,0.156865599090313,3.61939294512849,0,0,1,0
8213,55.1684295224333,23.85,3.487,0.233943567312185,2.82066894612155,0,0,1,0
8214,66.4821108155115,15.54,3.909,0.211982703663331,4.17911358090705,1,0,0,0
8215,69.638634932111,11.49,21.998,0.104726115833381,3.35365026263771,0,1,0,0
8216,69.8569072133973,8.51,34.677,0.292211497502552,4.13119377680042,0,0,0,1
8217,66.6925391446328,8.69,17.24,0.0772719924452964,3.72704599461112,0,1,0,0
8218,59.6080924197836,31.09,36.401,0.269215154617168,3.44761381529634,1,0,0,0
8219,54.9608821805123,7.69,1.909,0.192952792414709,3.2362317503736,0,0,0,1
8220,51.337120610395,33.31,30.097,0.261133878166433,3.86332480693554,1,0,0,0
8221,59.0344021508307,17.36,4.488,0.176359457389766,3.32513137260611,1,0,0,0
8222,53.1906912790761,5.24,0.002,0.333019772895845,3.33903672479774,0,0,0,1
8223,62.4246379626928,22.12,13.193,0.151044776732099,3.5363155234901,1,0,0,0
8224,68.5785024428692,9.48,27.935,0.15014480886779,3.48625509684878,0,0,1,0
8225,60.303953811895,22.03,18.505,0.183697904782725,3.52202611880643,1,0,0,0
8226,46.9961362626003,30.7,30.977,0.197625805866321,2.99693646004828,1,0,0,0
8227,70.0938459404857,6.63,10.415,0.342017865292486,4.16919002719484,0,0,0,1
8228,58.3321807605583,30.45,13.485,0.244202934229174,3.28914276686682,0,0,0,1
8229,59.0987780318035,26.8,19.623,0.0879259967631884,3.70998373908341,0,1,0,0
8230,54.5813574557901,34.2,6.781,0.314635130885777,2.68860353095237,0,0,0,1
8231,45.8654194372219,30.24,29.185,0.131030548424003,2.9683085915014,1,0,0,0
8232,60.3660650791492,19.06,18.538,0.214789511127889,3.61406586368234,0,0,1,0
8233,57.5902141597516,19.4,6.524,0.140758608189461,3.82385991449541,1,0,0,0
8234,47.9086426853961,6.85,7.374,0.276277929701438,3.45299680467851,0,0,0,1
8235,64.3590613897033,17.47,1.42,0.0747520299255956,3.97235203460528,0,1,0,0
8236,66.6047068435932,15.43,12.918,0.344169852443901,3.89201910780525,0,0,0,1
8237,63.873375394283,29.73,20.484,0.166677086312572,3.25943958331061,1,0,0,0
8238,68.4471636116767,21.02,24.043,0.245239623494801,3.78260234564437,0,0,0,1
8239,54.5275876958842,30.86,31.556,0.10077738258992,3.49804950419235,0,1,0,0
8240,60.7267070017408,22.63,19.85,0.249521687388389,3.71866542485466,0,0,0,1
8241,54.8222589345329,19.2,14.712,0.108038792512955,3.5064014185788,0,1,0,0
8242,53.2726687156132,6.62,7.256,0.268751033846282,3.45884921397344,1,0,0,0
8243,62.9794126042311,21.26,13.67,0.0958233884825633,3.83493385940504,0,1,0,0
8244,46.7972098597516,3.37,3.929,0.24391220612703,2.68066983327537,0,0,0,1
8245,59.4151307906028,26.87,35.372,0.0977912285460372,3.67754038535654,0,1,0,0
8246,61.499554069452,24.77,7.536,0.172429632333019,3.42756696325257,0,0,1,0
8247,63.4848158851809,13.31,2.901,0.13471797754471,2.98908540140319,0,0,1,0
8248,65.8567395902422,6.24,18.261,0.251598864822938,3.51161829164187,0,0,0,1
8249,63.6118990730122,18.71,4.212,0.181574869120115,3.51238343719705,1,0,0,0
8250,61.9086984724772,25.92,28.236,0.126684103700245,3.28730351322958,0,1,0,0
8251,67.4391062108763,11.26,30.615,0.110311114069774,3.64726542621365,0,1,0,0
8252,48.1073044636733,3.37,2.721,0.0899069271886598,3.24880386577278,0,1,0,0
8253,68.5357717365785,26.13,19.247,0.155574657631568,3.55498522803468,1,0,0,0
8254,66.0268532295747,29.55,20.159,0.0958873062005739,3.67747429790188,0,1,0,0
8255,68.1198308331652,30.21,29.587,0.195675386814434,3.49825656758848,1,0,0,0
8256,44.8273293628783,25.66,30.251,0.100045152246666,3.32129438880695,0,1,0,0
8257,65.6091924970683,20.24,10.884,0.207899370023658,3.9049043070408,1,0,0,0
8258,65.7827414246695,6.2,1.579,0.278088985996707,4.01015238197531,0,0,0,1
8259,71.3560624058532,11.32,23.15,0.276752143209843,4.29061784687327,0,0,0,1
8260,65.7931130501698,22.1,2.825,0.0815244448547484,4.3040125372385,0,1,0,0
8261,73.4692577595192,8.03,33.903,0.224395270231788,3.47272882686058,0,0,1,0
8262,60.7915401093907,22.65,5.041,0.183203550318366,3.26107834839641,0,0,1,0
8263,75.1915200854103,26.62,18.551,0.0936606766935172,3.25398118328991,0,1,0,0
8264,59.6669875793883,18.36,22.973,0.286788173469109,3.39721044641087,0,0,0,1
8265,65.9444517730341,13.46,24.681,0.0843663219158783,3.42002171486678,0,1,0,0
8266,61.8032497718487,17.9,1.648,0.147762782764018,2.94574467532609,0,0,1,0
8267,60.7687233978002,29.39,35.053,0.102598972489466,3.38905785634176,0,1,0,0
8268,63.9122454395183,10.14,28.306,0.181743725829181,3.76287341683358,0,0,1,0
8269,70.5165871902261,30.07,18.076,0.158134355764381,4.08938634741052,1,0,0,0
8270,64.9795472200456,28.15,17.4,0.177867222902375,3.371777145001,1,0,0,0
8271,49.1552086114008,11.19,9.59,0.29444568458153,2.9247325708668,0,0,0,1
8272,56.2324124491772,26.58,10.801,0.20611833008859,3.23566523233296,0,0,1,0
8273,63.1970321134113,28.45,21.957,0.321880990192052,2.53592826621725,0,0,0,1
8274,53.9392476783522,31.09,47.566,0.0764944427185796,3.35956729076714,0,1,0,0
8275,50.5602804445033,29.25,33.396,0.246572730120651,3.64196725485989,1,0,0,0
8276,48.0969643219841,27.74,28.698,0.282644655314898,2.98349376164403,1,0,0,0
8277,66.6958782234023,38.19,40.548,0.128360073511432,4.17953616186222,0,0,1,0
8278,49.7816702063936,38.94,36.279,0.210856208779398,2.88186005446765,1,0,0,0
8279,50.9719802900492,21.51,28.281,0.090971959489682,3.2370723158081,0,1,0,0
8280,56.5492250174408,23.22,14.65,0.0777948052787718,3.41591566827931,0,1,0,0
8281,43.2734926856634,26.1,26.752,0.0977834169935491,2.90934154928353,0,1,0,0
8282,48.9585596852968,3.13,2.828,0.103029967357598,3.44367997183663,0,1,0,0
8283,60.6825889363402,11.84,3.804,0.171590710758842,2.99935409994336,1,0,0,0
8284,70.3769744251333,20.55,10.011,0.0728082230907148,3.71318029856841,0,1,0,0
8285,54.4333190213341,9.28,6.614,0.329744195932643,3.81842302442681,0,0,0,1
8286,48.9377049131774,34.01,29.412,0.122500288413299,3.41119118652975,1,0,0,0
8287,69.6995765896723,24.92,13.573,0.108078685192106,3.62057120565269,0,1,0,0
8288,64.4295713270791,25.28,12.736,0.194383422059974,3.65354529871472,1,0,0,0
8289,64.632837087986,12.67,2.273,0.185680150610541,4.14896600695952,0,0,1,0
8290,53.4329989139251,25.0,29.92,0.124022548714822,3.02872928420423,1,0,0,0
8291,60.9860826216062,34.47,40.42,0.199357661021348,3.66566360314258,0,0,0,1
8292,54.5412833239787,13.94,8.617,0.207205736027371,3.17487078117877,0,0,1,0
8293,59.7130908127227,32.92,27.874,0.224036627554723,3.16967528319854,1,0,0,0
8294,66.4504097298858,28.04,13.593,0.285561857742359,4.67348733100946,0,0,0,1
8295,60.9077367385163,17.01,5.239,0.2954485528389,3.31071283746057,1,0,0,0
8296,53.327459445708,16.68,5.796,0.233426256463681,3.13095864443911,1,0,0,0
8297,66.0358456377654,26.91,38.885,0.178845458346962,3.94719445092362,0,0,1,0
8298,63.6695769802321,21.85,13.11,0.210508314113354,3.69469984508888,1,0,0,0
8299,65.9106983034847,30.2,29.18,0.209455911613129,3.59767694988335,0,0,1,0
8300,49.1299932450929,29.58,42.214,0.215745668621325,3.0936770239058,1,0,0,0
8301,39.7036599920803,5.51,8.362,0.265635692906429,2.54290256105925,0,0,0,1
8302,63.7807411206018,30.33,31.562,0.302823505354562,3.9421468322748,0,0,0,1
8303,45.5067223702607,17.02,26.76,0.219501851716421,2.86192890980214,1,0,0,0
8304,57.7577200832136,24.1,23.356,0.102714208904857,3.72155859369128,0,1,0,0
8305,65.303596356787,31.66,26.546,0.151928288423142,3.91643973507453,1,0,0,0
8306,67.4642486658713,13.6,11.895,0.248100540101261,3.54564388660538,0,0,1,0
8307,67.8644551333585,34.99,19.288,0.206780119632234,3.75208060200018,1,0,0,0
8308,63.0268892241589,20.03,8.948,0.115744883722797,3.42221207362592,0,0,1,0
8309,56.3269081565946,19.15,13.277,0.203865110193094,3.05397931242349,1,0,0,0
8310,41.7980409124975,29.25,33.035,0.0879936246065895,2.86038422600386,0,1,0,0
8311,69.2290726074211,28.9,15.037,0.163505762641038,3.54833648462497,0,0,1,0
8312,46.8846592947932,4.22,0.484,0.281019904202666,2.83564808540266,0,0,0,1
8313,57.446349693604,20.79,17.232,0.090079118762314,3.19202548040321,0,1,0,0
8314,53.7109770295972,3.83,9.938,0.295100347227994,3.53532277549554,0,0,0,1
8315,52.6046720315521,8.66,9.757,0.3772672769653,3.62826041287725,0,0,0,1
8316,69.1514300463912,31.71,22.969,0.129613747289326,3.83503964985402,1,0,0,0
8317,69.136032254341,28.56,11.572,0.213612919066391,3.7801484165966,1,0,0,0
8318,64.1195423980667,34.44,24.999,0.148358212252747,4.02365392252899,1,0,0,0
8319,66.056934026935,11.81,18.402,0.0929892475951066,3.2273061181563,0,1,0,0
8320,68.7954753518717,9.27,24.882,0.106011261717866,3.99655682126639,0,1,0,0
8321,44.9339186175396,33.79,29.045,0.207975573057619,3.19143170309955,1,0,0,0
8322,59.1189930052814,17.42,9.899,0.0945743761950014,2.89289218156019,0,1,0,0
8323,37.9974248341965,30.57,20.541,0.212956130305615,2.90211644245812,0,0,1,0
8324,47.180039343689,3.48,9.109,0.267187101986969,2.85218041346994,0,0,0,1
8325,66.9744075737291,9.66,12.703,0.298001820306334,3.79254592509206,0,0,0,1
8326,66.1862461978468,32.69,28.496,0.305126724479246,3.58792697674865,0,0,0,1
8327,61.1506844238326,27.75,27.933,0.16505415652337,2.91516013294144,1,0,0,0
8328,59.1621645297637,43.53,35.298,0.285095747894322,3.44800768838476,0,0,0,1
8329,68.9063837945698,13.3,34.747,0.0714036101572671,4.26425601079668,0,1,0,0
8330,63.8892168260336,25.52,10.503,0.19586019167878,3.67182289167364,0,0,1,0
8331,74.5839885149245,13.44,3.238,0.0618915968832834,3.49121241803129,0,1,0,0
8332,65.2366689273648,25.45,38.042,0.261756107254389,3.91008399988681,1,0,0,0
8333,64.6082086024501,22.52,21.994,0.0879957010948282,4.1390177200049,0,1,0,0
8334,53.7244803117824,37.49,35.782,0.0897138720135666,3.51131052769214,0,1,0,0
8335,47.2686899514472,31.17,27.545,0.349748050846482,3.24161587153412,0,0,0,1
8336,52.4557480561581,35.63,24.716,0.113098235099082,2.91211872685011,0,1,0,0
8337,69.036274839226,7.37,22.994,0.0846673244664593,3.57097741472769,0,1,0,0
8338,64.5124858551388,19.03,1.6,0.21747978867899,3.17009730469325,0,0,1,0
8339,48.962586955755,31.95,31.673,0.0974260835930312,3.04278031630341,0,1,0,0
8340,61.2364097420093,26.0,39.878,0.260057274495923,3.81696102981094,1,0,0,0
8341,63.9565316823674,17.96,6.665,0.124860300925826,4.25519400371213,0,1,0,0
8342,58.9102313253884,32.42,13.273,0.0681303512535406,3.05721190816054,0,1,0,0
8343,52.6227592560176,30.0,23.699,0.135289077643964,3.47441406533232,1,0,0,0
8344,48.7657873282584,39.26,35.627,0.221112971366659,3.52372654237139,0,0,0,1
8345,65.7730739112374,10.79,34.343,0.171136114576516,3.28096442299855,1,0,0,0
8346,66.0531211595491,29.52,30.996,0.15689470066102,3.72782797665434,0,0,1,0
8347,61.1130077681018,7.81,18.512,0.248305406110195,3.75034108379615,0,0,1,0
8348,66.443648161594,6.94,19.673,0.129647518840621,4.08261276962071,0,1,0,0
8349,72.6972453532011,19.25,12.958,0.1553774104933,3.738706665612,1,0,0,0
8350,59.9858011681785,33.55,28.954,0.106052233494187,3.76426037189659,0,1,0,0
8351,67.7741939989906,5.61,6.676,0.158856812117433,3.67595667247246,0,0,1,0
8352,52.2465695911092,9.73,1.604,0.289474677601033,3.68285527095388,0,0,0,1
8353,67.176492221669,17.22,3.853,0.245575487133399,3.391000342337,0,0,1,0
8354,58.386519399066,15.11,11.471,0.430335627722717,2.93643238974885,0,0,0,1
8355,66.7974590070136,9.71,33.045,0.295615132993159,3.39589530304708,0,0,0,1
8356,66.5621302977105,35.98,40.023,0.222233637956177,3.29264444666351,1,0,0,0
8357,45.6362539149256,30.3,21.142,0.165017916461955,3.00478379599228,1,0,0,0
8358,43.0816430738737,14.7,8.958,0.302828118917861,2.97704556989598,0,0,0,1
8359,65.0756925011544,7.75,12.487,0.0741381563143546,3.31720462681178,0,1,0,0
8360,60.5825165662913,16.89,19.513,0.165603505970127,2.68325791143526,1,0,0,0
8361,62.8123842639296,7.93,24.837,0.0948531285974192,4.2122264340056,0,1,0,0
8362,60.6587788533912,26.08,12.802,0.182848376325226,3.49229759233786,1,0,0,0
8363,68.7617986203832,23.2,11.597,0.0869445323523209,4.35251622135388,0,1,0,0
8364,61.7147883752463,28.51,50.871,0.0897905131370771,3.42068193992862,0,1,0,0
8365,51.2044041751244,27.75,13.126,0.179890910095428,2.61353645048122,1,0,0,0
8366,59.9557673435111,18.67,7.214,0.319868547287548,2.84640610535443,0,0,0,1
8367,65.0736113063829,14.43,25.511,0.0893034340190008,3.94152108748047,0,1,0,0
8368,48.9992609979417,34.44,30.158,0.087003859164196,3.11183381364995,0,1,0,0
8369,61.4514948684957,33.16,37.536,0.070053794950035,3.48612971250719,0,1,0,0
8370,68.3584423199474,23.13,10.245,0.191823924530637,4.11388324291795,0,0,1,0
8371,61.8990038360616,26.63,40.212,0.202111129828646,2.64438267201885,1,0,0,0
8372,67.5077768038063,22.01,5.057,0.193457290126073,3.81706106865251,1,0,0,0
8373,62.7836437438773,7.16,8.329,0.0655097743206725,4.20319368687892,0,1,0,0
8374,47.9260323179751,29.25,28.309,0.200528319885425,3.50451848092428,1,0,0,0
8375,70.922783686696,10.99,23.727,0.154211072326835,3.15623176535441,0,0,1,0
8376,43.574875884319,26.08,23.055,0.207771619968178,2.60727975492425,1,0,0,0
8377,50.4089362232392,26.37,22.743,0.19145582716354,2.73494761777914,1,0,0,0
8378,45.6533642953901,29.77,27.955,0.21690241916877,3.35098549984659,1,0,0,0
8379,52.7653992220854,16.41,30.207,0.210610215516848,3.29115730304567,0,0,1,0
8380,61.3903054393334,8.32,9.961,0.198519609464703,3.97935783347684,1,0,0,0
8381,64.6593719580283,25.39,17.942,0.088677529347187,3.95625541204905,0,1,0,0
8382,49.5890623406087,8.13,3.578,0.274028731689061,2.69391030085341,0,0,0,1
8383,65.8648584991357,5.95,14.001,0.0788613632734169,3.80227780915806,0,1,0,0
8384,62.2303796302855,34.38,32.629,0.208414565963249,3.4275471186295,0,0,1,0
8385,70.7754087197365,7.31,12.003,0.296308653596258,4.23445699996453,0,0,0,1
8386,61.246679791864,30.79,7.75,0.257911905464906,3.78656086621953,0,0,1,0
8387,57.2454971757099,17.57,4.972,0.199015619864188,4.00631716731951,0,0,1,0
8388,59.8469963789211,29.23,36.799,0.196619050743509,4.10846505007931,1,0,0,0
8389,66.1166591197404,34.13,27.389,0.0545053335321667,3.61302177330268,0,1,0,0
8390,70.7092295943565,5.04,18.811,0.170320609001298,3.57788527407512,0,0,1,0
8391,58.9944695346365,16.48,22.017,0.312113085774096,2.86120706157919,0,0,0,1
8392,60.405848523952,19.51,9.729,0.13463757275752,3.38204057283216,1,0,0,0
8393,68.9001201632255,8.6,20.69,0.0884282195534618,3.47635675450797,0,1,0,0
8394,50.7644841023205,39.29,39.933,0.158931663189696,3.00116292616548,0,0,1,0
8395,54.3516193551961,31.81,25.178,0.19675032440145,3.47417040483714,0,0,1,0
8396,57.6896906114943,25.96,8.608,0.0917597341306055,3.03318746852988,0,1,0,0
8397,64.02693728361,24.49,3.314,0.235858682157369,3.13224955375624,0,0,1,0
8398,54.0145948428755,26.25,52.581,0.232873409965549,3.50232511668182,1,0,0,0
8399,49.917525345423,9.86,8.054,0.280675525051764,3.4895659072968,0,0,0,1
8400,45.4527966974696,34.99,27.724,0.262486883904836,2.9512131875638,1,0,0,0
8401,61.2925158570768,33.16,23.793,0.182510078365259,3.49226368472456,1,0,0,0
8402,68.6363189033148,9.81,14.833,0.286308151021903,3.20449662095579,0,0,1,0
8403,60.1946037089707,28.17,20.863,0.315094880342954,3.16888750655855,0,0,0,1
8404,63.7440686129363,26.67,15.163,0.149073689679558,2.8838240201677,0,1,0,0
8405,60.4126149536826,38.02,30.337,0.183362346879446,3.19253834219132,1,0,0,0
8406,73.5584958400037,6.11,16.313,0.0686568355336936,3.66748467906225,0,1,0,0
8407,44.3305658725702,3.22,7.464,0.193812550264957,2.78802170160469,0,0,1,0
8408,66.5543157436941,8.29,21.245,0.314880167480581,3.92360228128826,0,0,0,1
8409,64.9006543839286,33.56,32.172,0.204635628999837,3.95059908115717,1,0,0,0
8410,64.6878854276721,33.25,30.234,0.0921533753514911,3.64509246316953,0,1,0,0
8411,56.1121089756338,21.72,20.539,0.0836408017672431,2.62351490344252,0,1,0,0
8412,66.9663022841763,27.62,22.955,0.160224024572209,4.12180147415514,1,0,0,0
8413,66.3738846496503,9.17,25.083,0.0805051937901773,3.96260998218928,0,1,0,0
8414,46.587915208702,27.65,30.974,0.155899951612508,2.66778793952201,1,0,0,0
8415,62.9359828514801,10.41,31.08,0.243892101559005,3.05728239894271,0,0,0,1
8416,52.7223380526711,16.83,2.244,0.197603992241,3.04973077384163,0,0,1,0
8417,59.0275042519103,36.42,29.147,0.105174677618246,3.44590239135695,0,1,0,0
8418,57.4050294448228,14.7,7.019,0.32889813029634,3.32712778232846,0,0,0,1
8419,61.7066823873303,8.19,14.41,0.239080816347648,3.48116674769786,0,0,0,1
8420,63.2782788792458,27.03,19.734,0.163593207238104,3.94626277107334,1,0,0,0
8421,59.7623515986809,40.25,27.021,0.122616767168905,3.2620063213994,0,1,0,0
8422,48.0140178157018,28.36,34.286,0.21445556035296,3.18572555070362,1,0,0,0
8423,60.5502938698192,27.86,29.397,0.178437259907265,3.53525220045977,1,0,0,0
8424,67.5908579300722,14.91,31.613,0.0810116935060193,2.76100445689127,0,1,0,0
8425,55.3181496360733,35.95,27.032,0.104283352274353,3.21158697448326,0,1,0,0
8426,62.7404915895671,16.58,22.144,0.294878665801769,3.39541785903545,0,0,0,1
8427,64.1623250583852,18.27,39.832,0.249861738025705,3.38270274174215,1,0,0,0
8428,63.1898750710236,23.76,16.976,0.292545815981271,3.44622718972178,0,0,0,1
8429,68.756218746052,12.75,24.465,0.112285472001064,3.0207728768814,0,1,0,0
8430,63.4339106671416,13.84,9.267,0.135609625532079,4.23617555177934,0,1,0,0
8431,64.7145534185021,9.82,1.945,0.398782658093865,3.71617152639336,0,0,0,1
8432,70.0573773389922,23.77,26.639,0.22697132455057,4.12968996260393,0,0,1,0
8433,69.2680800208838,36.77,15.029,0.257521966520823,3.13853690522624,0,0,0,1
8434,75.8502866085325,12.83,16.776,0.230705042446251,3.72576966460727,1,0,0,0
8435,54.0334854836466,33.29,29.172,0.262917383402355,3.18378783267133,0,0,1,0
8436,56.9170348731998,6.21,9.333,0.381128133559219,3.57023896316139,0,0,0,1
8437,60.0008134464438,29.71,37.964,0.176151108131258,3.33983914198982,1,0,0,0
8438,58.2847149373572,20.74,12.726,0.160138707758732,3.16173788051183,1,0,0,0
8439,46.3548403095548,25.99,27.024,0.325922115277766,3.17303055175463,0,0,0,1
8440,49.7726005288962,31.36,42.709,0.088824254784574,3.30435547866668,0,1,0,0
8441,57.3050190396442,22.57,8.984,0.222293774430491,3.61476731507394,0,0,1,0
8442,56.8220511470433,3.38,0.67,0.316580798295224,2.98336392501759,0,0,0,1
8443,53.3049926693225,7.93,1.118,0.121952012274723,3.82661605505607,0,0,1,0
8444,47.1510937219019,11.33,3.407,0.215858434322479,2.60338152553504,1,0,0,0
8445,61.2052993247509,9.18,0.681,0.248569304194521,3.40999288788345,0,0,0,1
8446,67.112129086334,15.64,24.125,0.209864903768773,3.87508434692307,1,0,0,0
8447,58.4407414549082,23.54,37.513,0.171453590474564,3.11931648574302,1,0,0,0
8448,63.0678360112687,39.09,2.963,0.131636547339144,3.42654422014565,0,1,0,0
8449,60.2764742794459,5.67,2.426,0.309252658890616,3.97971922857239,0,0,0,1
8450,64.7237734983434,9.13,20.197,0.102333443466145,3.28020494415369,0,1,0,0
8451,66.7342365939274,5.76,16.233,0.245085668593348,4.561368057775,0,0,1,0
8452,65.3372573418624,40.49,29.49,0.260548710412332,3.55775712347986,0,0,0,1
8453,51.24432055555,3.68,5.346,0.283047907281413,3.14471976169883,0,0,0,1
8454,74.3144948018632,8.49,31.397,0.0985067517085234,3.965148471661,0,1,0,0
8455,51.9197710345794,5.14,9.155,0.270784190128555,2.82101018608539,0,0,0,1
8456,73.2758370879872,8.0,12.955,0.203945641117175,3.79796480388168,1,0,0,0
8457,66.3379546354272,23.59,15.055,0.129326299497379,3.22138778238718,0,1,0,0
8458,44.2954336598123,28.8,35.323,0.107639883433574,2.9706730551825,0,1,0,0
8459,63.9876943348342,31.84,28.202,0.0813188996683031,3.76201988007359,0,1,0,0
8460,70.7966892785043,5.83,23.362,0.117166450754383,3.46948929256076,0,1,0,0
8461,61.9225791136616,29.33,44.637,0.212100033656262,3.08868175230854,1,0,0,0
8462,57.3232365055011,33.23,24.886,0.309654295774929,2.95888321328278,0,0,0,1
8463,48.4308236778545,30.62,45.748,0.239017029543051,3.20903702050955,0,0,1,0
8464,67.3175146108416,25.14,9.904,0.175635573721037,3.17410464186795,0,0,1,0
8465,67.4753206496081,10.48,18.413,0.188185146725692,2.49937952653846,1,0,0,0
8466,63.6842700085708,20.64,14.253,0.200775231429153,3.40944430186812,0,0,1,0
8467,53.41063189675,19.07,6.206,0.419855426252526,3.32826288701486,0,0,0,1
8468,46.2955050382416,35.93,35.208,0.0804115950856436,2.86339719787621,0,1,0,0
8469,65.1843103847337,21.28,0.884,0.268050845777395,3.84610084070421,0,0,1,0
8470,51.7722475177891,12.66,9.033,0.196352166401741,3.1009130019555,0,0,0,1
8471,64.5725033333779,30.82,7.453,0.13722156780924,3.45318611244775,0,0,0,1
8472,57.2537064033437,30.89,12.922,0.219958983908527,3.19096233402785,0,0,1,0
8473,67.0984590264005,35.58,25.106,0.169303996962747,3.20120054583959,1,0,0,0
8474,58.6213394857961,33.28,18.535,0.147970637118929,3.56109561911214,1,0,0,0
8475,50.7333721304199,5.46,7.147,0.10159968361348,3.70664596071644,0,1,0,0
8476,62.2473031414348,30.99,37.715,0.0761575913643603,3.72521298113902,0,1,0,0
8477,58.2332237869028,28.38,18.536,0.29363020359158,3.38554160186092,0,0,0,1
8478,55.6823828490983,25.23,35.964,0.236351220203812,3.38268752378964,1,0,0,0
8479,69.7143618423453,11.97,20.086,0.333534110391095,3.14209212990924,0,0,0,1
8480,59.9816736095318,26.4,19.947,0.309465699040648,3.2806402520255,0,0,0,1
8481,56.2784273320789,15.78,10.307,0.228770418245374,3.17153910582384,0,0,1,0
8482,44.283984004514,41.34,25.645,0.190279354616496,2.95756527463292,0,0,1,0
8483,66.6680341094829,35.79,2.086,0.112501009413513,3.75613857339184,0,1,0,0
8484,62.7371643565278,23.78,18.451,0.319557425892669,3.41381271030447,0,0,0,1
8485,72.1132868201128,31.29,17.52,0.156822718867282,3.48580029652154,1,0,0,0
8486,60.925064789539,23.44,2.181,0.102463408541998,3.0678810655258,0,1,0,0
8487,60.1354246701308,30.23,20.957,0.0843879430127737,3.44472000893592,1,0,0,0
8488,51.0793955307252,37.29,25.497,0.215591158858362,2.61543438610982,1,0,0,0
8489,49.9796866506078,14.86,8.969,0.30154016088358,3.26685957212343,0,0,0,1
8490,54.26620487997,35.37,41.407,0.200236787243702,2.90383798419227,1,0,0,0
8491,70.1767222668776,10.71,14.382,0.117379375119546,3.39553574117578,0,1,0,0
8492,71.0569665898967,32.91,32.261,0.188699504897413,3.32679010978139,0,0,1,0
8493,63.2106592758642,31.2,34.411,0.256651547108899,2.7826683887399,1,0,0,0
8494,52.3185022930039,28.52,6.081,0.246078110849327,3.06914380151656,0,0,0,1
8495,68.0363052369243,28.81,2.565,0.175140805824646,3.22810372772197,1,0,0,0
8496,61.3042359659836,26.35,35.675,0.196772397143629,3.61400888188497,1,0,0,0
8497,48.6391791132227,29.74,25.239,0.210858672048141,3.03658706517095,0,0,1,0
8498,67.6661162258335,20.98,16.076,0.239781609207337,3.44693255826662,1,0,0,0
8499,49.6218145482342,27.24,16.145,0.199391079545652,2.52749788602838,1,0,0,0
8500,55.6539122089737,29.32,27.1,0.102843264846699,3.22831893255197,1,0,0,0
8501,63.2954962988045,34.06,12.402,0.205463088769607,3.05699692203682,1,0,0,0
8502,68.6445462209692,9.26,17.207,0.29286516431067,3.68980472505794,0,0,0,1
8503,62.1530064236987,38.74,26.852,0.175430343172685,3.2350776326116,1,0,0,0
8504,63.7136310048072,7.35,6.799,0.289618393087453,2.96750428604661,0,0,0,1
8505,67.2888149777954,32.04,27.228,0.14686086709911,3.91428271001082,1,0,0,0
8506,64.0964438508777,30.24,23.248,0.123461680137494,3.83134981363463,0,1,0,0
8507,64.0368976967329,37.12,28.257,0.210292862767437,3.57639454485676,1,0,0,0
8508,59.427195344531,5.93,2.85,0.408756391964227,3.27595315105913,0,0,0,1
8509,64.2224159753578,32.54,25.564,0.233361373082229,3.32828251465429,1,0,0,0
8510,61.1739508896049,20.01,29.448,0.0817072692273836,4.55525343861351,0,1,0,0
8511,69.0154427280788,31.68,28.031,0.196039384078453,3.67842128732374,1,0,0,0
8512,66.438677156871,14.75,10.342,0.248457955252149,3.65999771765395,0,0,1,0
8513,53.3802166615985,13.62,1.732,0.266186855546713,3.06227979423842,0,0,1,0
8514,71.2827567808838,12.38,16.051,0.223926967346812,3.73925001833538,0,0,1,0
8515,69.5889698902985,9.21,20.731,0.324584484821977,3.19951223125007,0,0,0,1
8516,61.1323318123797,6.26,4.349,0.1452533679828,3.41248572170762,1,0,0,0
8517,58.8789849023431,3.45,6.39,0.202078713282373,3.44449246873623,0,0,0,1
8518,63.4880610277765,38.57,33.121,0.173055423733839,3.14935454071043,1,0,0,0
8519,44.801470395206,27.51,30.041,0.254655893053191,2.76599977354263,0,0,1,0
8520,45.9951821990207,26.24,27.352,0.224662211746692,3.24689419238482,1,0,0,0
8521,65.7941564046967,24.31,9.477,0.0733573343056632,3.93668272903389,0,1,0,0
8522,57.9696979409825,10.19,0.254,0.343712620949169,3.07660548882071,0,0,0,1
8523,48.8160326182539,22.95,14.237,0.373351647354683,3.02338605505499,0,0,0,1
8524,65.7605859229482,24.43,34.427,0.122725073053358,3.27936867061927,1,0,0,0
8525,39.0543566745354,6.14,9.748,0.193452833123464,3.25114348321285,1,0,0,0
8526,62.7195171825612,28.31,44.583,0.355003959134611,4.38196678649818,0,0,0,1
8527,54.3805023580466,6.11,2.535,0.36542290201154,3.76654544598662,0,0,0,1
8528,55.7301948659262,12.32,7.349,0.13458435842257,3.09592370595474,0,0,1,0
8529,50.7278150233489,31.03,32.05,0.190885097508517,2.72516430166238,0,0,1,0
8530,49.8877722948764,23.33,22.441,0.201379972068912,2.65028632248246,1,0,0,0
8531,45.5979383371044,30.15,29.024,0.191714596098754,3.06645885785251,0,0,1,0
8532,43.0350231668083,28.53,32.576,0.197839827475339,2.82096979119423,1,0,0,0
8533,56.3674855302301,35.56,22.241,0.267177245614906,4.05755989359834,1,0,0,0
8534,61.7172263749856,28.79,28.038,0.254345376244157,3.57720809921198,0,0,1,0
8535,42.9912304492859,29.66,32.82,0.117506824602291,3.10255721011305,0,1,0,0
8536,40.2224586701874,10.31,4.578,0.213853451784253,2.99460161495406,0,0,0,1
8537,48.0444065843342,25.23,30.05,0.095073587061291,2.89528642418759,0,1,0,0
8538,52.2985049508875,7.38,4.5,0.119226598397894,2.90538811901616,0,1,0,0
8539,64.4327503845097,25.93,37.644,0.305034541398903,3.94520593326122,0,0,0,1
8540,72.0548389674561,8.48,26.085,0.227002146493192,3.68184980077018,0,0,1,0
8541,58.6626389016834,24.05,43.07,0.104243427752637,3.5212816561826,0,1,0,0
8542,42.697529988795,10.94,2.911,0.4514539048813,2.65277544923436,0,0,0,1
8543,56.1838108121718,26.69,32.371,0.118401280158509,3.51202467549008,0,1,0,0
8544,77.6104944666255,20.93,8.338,0.328261437808044,3.78721706514064,0,0,0,1
8545,47.9790017171981,3.97,2.57,0.0890408783313061,3.05861087632879,0,1,0,0
8546,60.6716492559643,29.02,1.605,0.322701680225425,3.53669178356888,0,0,0,1
8547,69.604335266245,29.5,25.814,0.188134402275419,3.22225393760646,0,0,1,0
8548,68.5408527087561,17.25,16.154,0.14821066644313,3.13689011949626,1,0,0,0
8549,69.8737146024329,31.04,24.252,0.0997560657093661,3.94776060015671,0,1,0,0
8550,55.5263810725203,14.87,8.814,0.355162584616764,2.84985974349573,0,0,0,1
8551,65.9480488173807,14.81,21.682,0.264043828853824,3.55802958567718,0,0,0,1
8552,64.9728516809983,18.92,18.221,0.221435393535401,3.86474045164065,0,0,1,0
8553,48.6444750735496,36.87,27.629,0.0851887458912441,2.50662681761139,0,1,0,0
8554,67.0929381260629,29.28,35.754,0.274290003005856,3.46424158519187,1,0,0,0
8555,56.9662499012393,24.49,39.821,0.255530702921015,3.37624866943341,0,0,1,0
8556,66.4580493786432,30.19,44.255,0.0885427937655008,3.95985557034983,0,1,0,0
8557,57.838349663489,32.87,24.668,0.0978528014636146,3.54233002070317,0,1,0,0
8558,59.281736898081,13.36,10.872,0.0872461724521577,3.59613680350355,0,1,0,0
8559,64.6052835258481,9.61,1.941,0.0993837651639436,3.3248379780141,0,1,0,0
8560,44.1260744691644,8.44,4.758,0.0843973895698862,3.34827246466944,0,1,0,0
8561,62.2385402907199,22.32,5.056,0.21025880949784,3.67652662687084,1,0,0,0
8562,57.8604079531056,22.28,19.147,0.237689866327688,3.5991827509904,1,0,0,0
8563,58.8265779611097,21.14,17.909,0.258726920765825,3.77397262227663,1,0,0,0
8564,66.4939407738759,13.65,13.166,0.188364538873032,3.18366296117999,1,0,0,0
8565,58.7073446251998,21.57,11.783,0.252738716249317,3.67134284482707,0,0,1,0
8566,35.1554471333576,9.34,6.242,0.143759939391524,2.67426792283207,1,0,0,0
8567,67.7713794591472,23.95,13.909,0.272089674423316,4.06548594404432,1,0,0,0
8568,63.4979635025037,22.06,17.165,0.193245647195171,3.28496366423397,0,0,1,0
8569,69.6691670562015,14.96,26.813,0.0976465286624346,4.01902727084802,0,1,0,0
8570,57.6495294057388,35.57,32.55,0.17405386369069,3.92512673274454,1,0,0,0
8571,63.7793987201597,15.22,8.982,0.135301262192618,3.75437932599788,0,1,0,0
8572,68.6284170833134,12.26,30.638,0.371133556805355,3.06250543264901,0,0,0,1
8573,48.0847102236396,31.84,35.961,0.258301754019578,3.31272104423739,1,0,0,0
8574,69.0710740470271,13.87,10.641,0.0971867218407593,3.8250612317206,0,1,0,0
8575,52.951240866311,8.93,0.001,0.358864732839719,3.46005983383638,0,0,0,1
8576,68.0341997171183,7.87,12.88,0.168786275081173,3.82119404788032,0,0,1,0
8577,55.758693793089,28.82,18.664,0.237335502873871,2.79807659431643,1,0,0,0
8578,63.8611797404542,6.71,8.207,0.0841486947656086,3.68354385361655,0,1,0,0
8579,61.3196087897973,14.04,9.055,0.0823511332960697,3.74526107785478,0,1,0,0
8580,54.4859064841924,32.5,2.919,0.304368638139901,3.72748440777655,1,0,0,0
8581,64.1739334960918,21.33,16.008,0.249913176616309,3.82253062706519,0,0,1,0
8582,47.66394079434,32.81,36.223,0.238146780778318,3.10257817242962,1,0,0,0
8583,69.6855895553754,11.93,18.27,0.235602271421765,4.34485300242032,0,0,1,0
8584,70.153783591384,20.95,6.61,0.158799072784872,3.18811387056663,1,0,0,0
8585,57.0023226423815,9.79,2.327,0.126300550393453,3.69080577599061,0,1,0,0
8586,61.7502325447142,17.31,16.913,0.12517134525554,3.78392600374527,1,0,0,0
8587,53.1342862877392,33.33,29.026,0.0655397647950537,3.14623170570794,0,1,0,0
8588,54.7552275815378,10.65,19.753,0.19995876984211,2.91836388735096,1,0,0,0
8589,48.195583673498,32.42,20.253,0.102639518116771,3.29254645654092,0,1,0,0
8590,68.9585354488501,10.26,10.324,0.0941285904152594,3.89158247755633,0,1,0,0
8591,48.3575902493997,28.53,32.233,0.109848360246338,3.05327858681682,0,1,0,0
8592,52.9862362304881,26.58,26.919,0.110648090367477,3.38284894553836,0,1,0,0
8593,74.8027765882079,35.45,7.967,0.0881302557424934,4.28908684845483,0,1,0,0
8594,49.5708232231408,28.4,32.554,0.123501111148413,3.22726636630908,1,0,0,0
8595,53.6792658549469,39.6,27.827,0.167160701950962,2.89258825396044,1,0,0,0
8596,77.7577992837871,26.23,23.228,0.138542983132243,4.08294651364146,0,1,0,0
8597,61.4779105293592,28.38,45.874,0.127579965004992,3.69399953318828,1,0,0,0
8598,51.5810494833127,42.29,32.629,0.0614922171415004,3.20871209870269,0,1,0,0
8599,68.628129381357,19.26,6.356,0.173586330565437,3.92632365897004,0,0,1,0
8600,40.1686832696154,34.4,19.541,0.193673904880543,2.68966909199968,1,0,0,0
8601,62.4318578330381,36.97,20.959,0.22435764426369,3.38264121681275,1,0,0,0
8602,58.1613358024944,36.68,44.651,0.22332662833306,3.1349041726824,0,0,0,1
8603,52.8882745294017,24.38,24.3,0.155779458801661,2.93852913794103,1,0,0,0
8604,47.4636658165241,30.27,46.217,0.0924966939183141,3.60737976125693,0,1,0,0
8605,65.1349936685216,29.55,31.549,0.0920309251033419,3.44615342567178,0,1,0,0
8606,49.4510149486796,33.66,43.42,0.109350428804016,3.30650847966039,0,1,0,0
8607,42.3756004875154,30.6,26.199,0.27599172137278,3.08016837860882,0,0,0,1
8608,48.8894936620465,33.04,41.329,0.154549135671153,3.72127011168436,1,0,0,0
8609,66.2008725020062,27.71,38.735,0.170113280313947,3.70158305195848,1,0,0,0
8610,58.12231473246,37.75,21.069,0.105003998219857,3.95641014321299,0,1,0,0
8611,70.705607966413,34.21,20.865,0.229363280250605,3.6225806635439,1,0,0,0
8612,43.990999985724,30.94,38.87,0.273301916741933,3.33013409682762,1,0,0,0
8613,44.8511025140379,28.71,24.359,0.191827220825139,2.88185739349991,1,0,0,0
8614,50.4695283776471,4.35,3.992,0.317206848447987,3.066240182685,0,0,0,1
8615,64.3191565861949,12.9,7.262,0.284305406882394,3.56518521861912,0,0,0,1
8616,61.8040487601421,9.04,25.54,0.316629841554224,4.15538891465475,0,0,0,1
8617,68.1661343716058,12.39,20.495,0.118682691585443,4.08851317813084,0,1,0,0
8618,68.2169225869144,20.06,14.231,0.161345258482634,3.67941223106507,0,0,1,0
8619,70.9184073532868,14.54,21.924,0.33035597929579,3.33921106624342,0,0,0,1
8620,46.0851198481075,33.47,32.898,0.0938536005402503,3.44525925288025,0,1,0,0
8621,63.6549719314326,32.33,34.87,0.215174577427076,3.86621255643867,1,0,0,0
8622,62.448368255616,21.29,35.2,0.333484931393932,3.27991517479019,0,0,0,1
8623,72.9362016616561,14.28,16.554,0.186448138520905,3.86824320610799,0,0,1,0
8624,59.4606819056726,40.32,23.595,0.187097140573379,3.73336545989844,1,0,0,0
8625,64.166644756077,32.12,17.412,0.167321122456084,3.62075462954313,1,0,0,0
8626,39.2055712221643,37.23,53.585,0.121737825261826,2.81031939982993,0,1,0,0
8627,65.6642176040562,26.29,19.547,0.171116081627933,3.58744209974742,1,0,0,0
8628,53.7375906935299,18.04,24.533,0.189571119362023,3.31424304683351,1,0,0,0
8629,70.6486932720018,13.52,18.385,0.127306617361122,4.40362432818627,0,1,0,0
8630,70.1049304608774,42.63,35.047,0.347599288510956,3.56915201825818,0,0,0,1
8631,66.0818672871604,12.67,27.428,0.161055925053474,3.52578347291138,1,0,0,0
8632,71.9234013452978,11.53,29.363,0.191287057688443,3.71498644057747,0,0,1,0
8633,51.9170653927889,4.44,2.068,0.0990438974309996,3.11113870329895,0,1,0,0
8634,60.9917479314565,23.0,1.791,0.196100858257159,3.18338344422604,1,0,0,0
8635,59.4268838447484,19.57,6.903,0.259094969357465,3.69238919697979,1,0,0,0
8636,63.9681006889639,6.87,11.709,0.358709355205491,3.45057259466018,0,0,0,1
8637,46.9711583982319,46.06,19.844,0.292861416423877,3.05018478124357,0,0,0,1
8638,71.2270805882153,25.71,24.685,0.0712999904334498,3.18408902584125,0,1,0,0
8639,41.0169981694203,8.05,8.69,0.275768175549665,2.99407397416654,0,0,0,1
8640,60.2014811885611,14.41,6.809,0.150312407619405,3.42641298706543,1,0,0,0
8641,48.3716244004001,19.73,25.552,0.205817949480923,2.95600581555984,1,0,0,0
8642,61.3636627544252,7.58,7.132,0.46622538646434,2.93150986750219,0,0,0,1
8643,61.7191972231869,21.52,14.368,0.182618389470914,3.92745961159153,0,0,0,1
8644,70.9161070967643,12.39,8.217,0.320829663200114,3.16177979621804,0,0,0,1
8645,50.2039859688957,33.15,20.851,0.214555321531562,3.04046592393509,1,0,0,0
8646,67.3026741943317,5.14,10.935,0.265594746842726,3.58862061755926,0,0,0,1
8647,57.6896828685532,28.46,45.408,0.205625003644289,3.33404231960738,1,0,0,0
8648,45.7046082548721,29.9,26.9,0.208575948516591,2.69276639887749,0,0,0,1
8649,63.9635666773912,15.72,14.937,0.114270416441987,4.1488774683904,0,1,0,0
8650,72.1894215398897,5.15,21.327,0.171474841087784,3.55008985532781,0,0,1,0
8651,60.4967606129483,20.71,5.352,0.312906299996996,3.97050172567351,0,0,0,1
8652,45.3903742845062,21.92,38.553,0.202440581897608,2.56959702481718,0,0,1,0
8653,42.7553164639182,37.44,31.751,0.306439431327587,3.01351076328596,0,0,0,1
8654,59.7440898021474,24.28,17.915,0.158302489628146,3.93581979347041,1,0,0,0
8655,65.7328715854126,5.79,17.566,0.147768334282387,3.62742490589894,0,1,0,0
8656,68.0863773851753,12.18,24.738,0.293860979489438,3.60525470223348,0,0,0,1
8657,64.5028537730921,25.22,29.946,0.222496130188907,3.90317876295878,1,0,0,0
8658,64.0749633270552,26.88,17.487,0.0901434892352137,3.60607071643048,1,0,0,0
8659,67.3450728600309,5.69,21.311,0.180345126741207,3.50053495605034,0,0,1,0
8660,71.0318332610751,5.11,13.066,0.11562915409102,3.55917107666712,0,0,1,0
8661,59.6279897579605,6.21,5.068,0.276364062628615,3.08480817839192,0,0,0,1
8662,65.3840740303138,23.36,31.18,0.0769499570713307,2.9899617583446,0,1,0,0
8663,67.7342896075843,9.41,10.986,0.146250172580559,4.12152600126594,0,1,0,0
8664,55.800408770631,4.82,2.145,0.26232314317684,3.81010041445049,1,0,0,0
8665,66.0072123233028,39.49,7.734,0.33759716283436,3.86299992495326,0,0,0,1
8666,42.0570969737443,4.95,7.627,0.322556162233501,3.06183585316322,0,0,0,1
8667,63.1926533135822,16.71,5.461,0.160392967124494,3.36431261299108,1,0,0,0
8668,69.9184111080555,16.0,2.607,0.0949615378977999,3.95829661429313,0,1,0,0
8669,59.0064630608116,32.49,28.482,0.114602372255058,2.98752491166841,0,1,0,0
8670,47.9496228716034,20.15,25.518,0.104841089360249,3.0728579340199,0,1,0,0
8671,62.3116175013036,17.68,5.691,0.170032657330869,3.51594573590271,0,0,1,0
8672,65.3338865973007,24.49,29.877,0.181910225092695,3.57474077804269,1,0,0,0
8673,70.3802804696135,16.44,9.216,0.327331365088894,4.16721018942096,0,0,0,1
8674,68.4297547925549,11.06,31.339,0.287779808576935,3.21781409189585,0,0,0,1
8675,57.522227823438,7.35,9.673,0.092376345581739,3.18213387292764,0,1,0,0
8676,61.5850298361265,25.27,35.012,0.258520672061013,3.82892064852578,1,0,0,0
8677,59.2979114876,17.24,29.854,0.105320247786456,3.29824833240779,0,1,0,0
8678,66.2453381689364,38.81,2.586,0.358887655675355,3.24473472573113,0,0,0,1
8679,67.6386063543521,21.02,5.701,0.209554277734028,3.74792598220982,1,0,0,0
8680,69.6112120295809,27.86,10.12,0.0693450726396283,3.75131628177861,0,1,0,0
8681,67.2382182527442,20.75,3.104,0.306441341072457,3.24864601622279,0,0,0,1
8682,59.6734652014343,26.62,28.178,0.0921497160356091,2.99749288501104,0,1,0,0
8683,44.0101081633995,9.6,8.759,0.282616211808443,3.10353287070939,0,0,0,1
8684,61.8036620385269,25.36,15.186,0.246207098380972,3.30289374934783,1,0,0,0
8685,65.3972850724005,6.23,18.582,0.096511343696526,3.44233126498505,0,1,0,0
8686,55.9901594841213,13.8,3.8,0.193046063656356,3.44001107047715,1,0,0,0
8687,42.2662201659196,31.65,39.823,0.300601305318843,2.92225440252724,1,0,0,0
8688,52.6969789138343,3.26,7.187,0.311150454407813,3.38187863849691,0,0,0,1
8689,46.306257178399,24.88,37.304,0.212180910464836,3.43293955695596,0,0,0,1
8690,55.9513931416491,30.0,25.63,0.16169407151583,3.26889136241475,1,0,0,0
8691,56.0018399734371,9.0,8.28,0.322318462812593,3.65289671411117,0,0,0,1
8692,61.3207874437685,29.08,25.349,0.237641261284718,4.20167656058561,0,0,1,0
8693,74.5037940363309,9.11,9.426,0.0625174833888591,3.7086853806293,0,1,0,0
8694,48.3195521104533,24.16,32.835,0.173623113281278,2.8448769860424,0,0,1,0
8695,68.205824316383,13.94,29.163,0.298084234703813,3.79840572211003,0,0,0,1
8696,64.3064083891943,14.43,8.35,0.235099140605965,3.20763752232426,0,0,1,0
8697,68.3589285358761,12.75,2.215,0.155333114068686,3.52810044215406,1,0,0,0
8698,65.8475913890639,29.05,23.419,0.26017066575018,3.16142049510922,1,0,0,0
8699,66.2053992507418,13.08,17.268,0.201511741946662,3.03354265800154,0,0,1,0
8700,59.3969519020246,16.39,15.336,0.215282032048715,3.94997773292984,1,0,0,0
8701,57.5545939054475,25.01,6.846,0.14911494934093,3.58960025013258,0,0,1,0
8702,40.5832784880054,29.46,20.197,0.0864857347280637,3.23612426871072,0,1,0,0
8703,68.4587451270273,6.37,32.706,0.199244315374278,3.95563009068819,0,0,0,1
8704,62.1297477677844,16.51,5.491,0.206679606219224,3.22244625507081,0,0,1,0
8705,63.1696682980601,37.02,32.584,0.20342179151144,3.31089921247051,1,0,0,0
8706,61.801083111095,38.17,21.031,0.242970665361249,3.87823759846152,0,0,0,1
8707,59.6969788209413,14.66,17.614,0.289547184217488,3.16623752477674,1,0,0,0
8708,62.8798850606262,33.83,21.852,0.0835100331673409,3.86508641147483,0,1,0,0
8709,56.7057962156093,31.6,8.236,0.0791487134476762,3.48113503691004,0,1,0,0
8710,67.6737557621766,9.79,9.873,0.0891099348793398,3.47421600077218,0,1,0,0
8711,60.1158691680743,29.21,40.577,0.143838735626242,3.61963625009915,1,0,0,0
8712,63.7359157125208,9.24,19.259,0.147021832617661,3.243906886326,0,0,0,1
8713,61.7561098021378,17.55,3.219,0.105962170609902,2.69150747744989,0,1,0,0
8714,64.1165460468102,41.76,31.173,0.17202288120443,3.01844910135015,1,0,0,0
8715,63.1166456987821,15.15,17.744,0.170681800206722,3.50287214082173,1,0,0,0
8716,57.6121478147823,28.29,7.409,0.131816941576617,3.27994091486063,0,1,0,0
8717,63.4335980950099,18.71,27.236,0.232520245011762,3.53104153973514,1,0,0,0
8718,71.1871204143773,30.85,31.985,0.104775114252126,3.57596697761005,0,1,0,0
8719,61.411256905326,21.35,0.673,0.225903621639086,3.79439164919314,1,0,0,0
8720,73.0031272349201,17.42,15.49,0.0518472758554837,3.70053391338814,0,1,0,0
8721,60.3631260706717,18.35,11.948,0.146357904710481,3.45190509829046,0,0,1,0
8722,74.9338478261009,12.89,17.477,0.122697829299106,3.07902911867631,0,1,0,0
8723,67.7638671937033,16.95,14.117,0.197123736337576,4.03500979361944,1,0,0,0
8724,65.6905801918207,35.9,47.436,0.0958698420943711,3.78495198567285,0,1,0,0
8725,61.9316241490963,27.67,20.612,0.183789047998908,4.00295936466297,1,0,0,0
8726,58.1106667724077,5.94,0.737,0.184298897578275,3.12496587211685,0,0,0,1
8727,50.8987170608508,6.14,2.777,0.308085193414783,3.11934579949389,0,0,0,1
8728,60.3964312001422,18.67,15.425,0.197110200857482,4.2211404748066,0,0,1,0
8729,68.625154739808,6.94,21.84,0.0968145063019652,4.1116606534793,0,1,0,0
8730,45.5575234075341,26.48,35.023,0.313657418669991,2.88687085093541,0,0,0,1
8731,61.9084105176781,34.5,35.925,0.222406632390297,3.32815911153859,1,0,0,0
8732,59.9481220342069,19.51,3.734,0.1562344056104,3.57615528188076,0,0,1,0
8733,48.82553392999,24.4,35.699,0.0862921204407529,2.84983759242044,0,1,0,0
8734,52.0867126044983,9.34,2.401,0.215469447571009,2.90850310320911,0,0,0,1
8735,59.9161365355583,16.63,0.246,0.178226565493998,3.08622336955841,0,0,1,0
8736,60.6912058509633,40.13,34.966,0.183801753693536,3.8122015678868,1,0,0,0
8737,52.5627186064359,27.82,32.94,0.24573783180396,3.25252584635501,1,0,0,0
8738,55.8927683565955,4.15,2.879,0.257530938498649,3.53621774384198,0,0,0,1
8739,46.0327933930106,28.54,23.747,0.0941462977724932,3.36183535062906,0,1,0,0
8740,63.6645196726636,17.5,15.649,0.112837261934278,3.21849631038984,0,1,0,0
8741,61.0142575839789,30.66,38.662,0.216413636268554,3.49825738565218,0,0,1,0
8742,64.4602440058055,12.59,16.959,0.23019076187474,3.67447889357885,0,0,1,0
8743,56.6616281927491,4.68,9.574,0.25756616487261,2.79136691121846,0,0,0,1
8744,68.2640677284367,12.78,15.761,0.0854434590286712,3.87372552963718,0,1,0,0
8745,69.0304321473308,11.31,17.579,0.104901106143818,3.54269900100917,0,1,0,0
8746,62.0287739601432,20.79,12.312,0.182977191268667,3.34451188273312,1,0,0,0
8747,54.4914585224873,4.96,1.012,0.383000842715885,3.58379992862963,0,0,0,1
8748,65.1771489971583,32.18,35.391,0.176888399328122,2.68464681100416,0,0,1,0
8749,65.1018718268172,24.72,11.648,0.161911465265861,3.57157500424397,1,0,0,0
8750,68.5206762864245,31.33,16.438,0.116983527286454,4.38370144338127,0,1,0,0
8751,66.2776377347649,9.72,19.7,0.098812664930499,3.79775444328279,0,1,0,0
8752,54.2366575960882,8.62,1.407,0.375297151035105,3.06826152090028,0,0,0,1
8753,61.60167480394,30.63,6.996,0.268503097152995,3.94270775412309,0,0,0,1
8754,57.3842132557121,13.82,12.464,0.279660200713596,3.49832548465968,0,0,1,0
8755,63.4539967238774,28.11,34.237,0.182718969817675,3.1338204175398,1,0,0,0
8756,39.5744201878286,35.41,51.667,0.148975292338386,2.42801598847278,1,0,0,0
8757,64.26035222393,39.27,42.599,0.354459508517024,3.93127056844046,0,0,0,1
8758,73.2793765565686,8.98,1.773,0.312510769944784,4.34700197461495,0,0,0,1
8759,59.7450970738371,27.05,12.616,0.0707795845945592,3.52852731117137,0,1,0,0
8760,61.203064866659,20.58,11.785,0.105082283634194,3.46959305333316,1,0,0,0
8761,67.3530970682967,7.18,22.189,0.36078893710143,3.74115883461348,0,0,0,1
8762,58.8024122957388,23.48,38.328,0.303797034263465,3.01344302809926,1,0,0,0
8763,65.7079523519537,18.93,1.678,0.249153618832832,3.82447118145702,0,0,1,0
8764,61.7549988183835,19.47,18.132,0.136240414447916,2.84439748196469,0,1,0,0
8765,64.6013241306485,10.7,8.864,0.266541938036375,3.93877499400478,0,0,0,1
8766,60.4526546351038,12.55,2.661,0.397950437838759,3.35616101044298,0,0,0,1
8767,64.4288980203196,14.73,28.247,0.133438065544068,3.53549386429614,0,1,0,0
8768,67.9673370319674,7.41,27.986,0.273838249594375,3.80026761539115,0,0,0,1
8769,60.8800509037965,13.38,8.293,0.269933769762483,3.76132089618489,0,0,0,1
8770,64.2324605589205,13.77,10.128,0.138596262556899,4.08112750190462,0,0,1,0
8771,50.6087554531189,30.86,14.181,0.0778470802355526,3.16274304835246,0,1,0,0
8772,63.212654380174,21.94,38.656,0.0969449417558304,3.69355885842941,0,1,0,0
8773,66.3259287813435,19.33,16.056,0.196638586399301,2.73900454542882,0,0,1,0
8774,61.0550286561368,23.47,30.411,0.194295644322487,2.9283836304696,1,0,0,0
8775,59.3978463113689,15.28,10.969,0.107763954920529,3.39949072448088,0,1,0,0
8776,60.2731926339268,5.48,9.592,0.262387463507381,3.81380115503144,0,0,0,1
8777,60.8704006806563,17.49,18.381,0.183112656392901,3.71400827598952,1,0,0,0
8778,60.8216618395008,19.83,19.173,0.214339224684299,3.18817834518831,1,0,0,0
8779,61.3522085079551,24.47,32.145,0.199658860411896,3.55379084283195,1,0,0,0
8780,47.0316617931385,34.82,18.028,0.166059456493508,3.15772620025657,0,0,1,0
8781,54.4443155754134,37.36,22.799,0.418655577301393,3.20518334801488,0,0,0,1
8782,67.2276325458485,33.42,31.973,0.224825112183939,3.15354773101763,1,0,0,0
8783,59.0720370699504,25.31,8.142,0.261464364231714,3.54449301979696,0,0,0,1
8784,64.3194308621126,34.31,36.429,0.0673711922928499,3.81930008367238,0,1,0,0
8785,63.8727265043253,5.18,32.747,0.099285358106079,3.20635750729293,0,1,0,0
8786,65.6413588850913,27.42,36.676,0.200230030561373,3.41302287609005,1,0,0,0
8787,71.8192736125102,11.34,25.168,0.110300897420344,4.04173280306834,0,1,0,0
8788,65.6280254608286,24.28,30.196,0.136830267911493,3.19872004088874,0,1,0,0
8789,67.9402722119305,25.05,33.304,0.137433149258556,3.8480477033962,0,1,0,0
8790,67.7031731138175,8.26,19.25,0.0886048494928784,3.92957727335476,0,1,0,0
8791,50.1668096235827,30.68,45.147,0.251412583307963,3.06392086441705,1,0,0,0
8792,65.154060444064,35.85,23.713,0.164296232042383,3.42089388185995,0,0,1,0
8793,59.3329532885423,29.41,35.378,0.113019815390749,3.49617495353067,0,1,0,0
8794,71.1915072210122,8.12,10.276,0.229577290633131,4.14217582007554,0,0,0,1
8795,59.9770945721924,27.46,1.952,0.20254610553437,3.25198269544999,1,0,0,0
8796,67.0113560691045,5.56,25.249,0.102690795512716,3.67891228336851,0,1,0,0
8797,64.3233582831611,25.87,17.415,0.177918269350041,3.33104755982619,0,0,1,0
8798,66.2661586591782,7.95,11.877,0.0823997719964173,3.86144050275645,0,1,0,0
8799,66.3433700983204,6.56,12.155,0.108890025488901,3.85560182125543,0,1,0,0
8800,64.6250250510408,12.96,13.843,0.117987507101716,3.62202004858807,0,1,0,0
8801,62.7419711070161,19.2,17.28,0.173488672792888,2.99144130046417,0,0,1,0
8802,54.7559795718072,5.2,4.764,0.290638116949602,2.77680552087386,0,0,0,1
8803,63.0602362347412,24.86,31.872,0.15693895746279,3.53897995320682,1,0,0,0
8804,58.4491833532631,23.82,7.275,0.211424350008307,3.46908317848761,0,0,1,0
8805,65.107012326195,20.6,5.923,0.22616716376191,3.66539903098684,0,0,1,0
8806,66.6982648012826,12.31,25.839,0.233866078134658,3.79729709666749,0,0,0,1
8807,67.8973629712865,11.69,8.413,0.190759512017467,4.1787551657234,1,0,0,0
8808,58.4930892630563,5.73,6.146,0.357233583706397,3.0920463248555,0,0,0,1
8809,60.6155380489419,18.82,22.754,0.0811812796350556,3.72494387823953,0,1,0,0
8810,59.7831873039561,32.7,10.901,0.126402347671384,3.62566950053012,0,1,0,0
8811,63.986511796894,14.28,12.435,0.277094300785639,3.49906998338903,0,0,0,1
8812,69.8632759205566,12.24,26.922,0.0752253839936837,3.97824237787587,0,1,0,0
8813,58.4725424578505,19.36,16.05,0.163153495068302,2.97260765584543,1,0,0,0
8814,65.379081643475,29.67,29.721,0.078160594252001,3.75799104622106,0,1,0,0
8815,60.852593655648,34.47,32.507,0.175805813647242,3.14143059950039,1,0,0,0
8816,63.2099992089728,3.76,3.302,0.208649657123873,3.45163563338633,0,0,0,1
8817,51.6779083301481,30.91,31.954,0.173650118041596,3.12566764738386,1,0,0,0
8818,66.0224402262513,27.89,35.621,0.0809606971130231,3.16695687326977,0,1,0,0
8819,63.0834995940686,27.25,22.259,0.196303246592932,3.72740715236186,1,0,0,0
8820,60.7546203723101,32.1,30.95,0.205987224689172,3.70820241224693,1,0,0,0
8821,60.5023615295293,31.2,12.434,0.212038514071366,3.9990178795884,1,0,0,0
8822,70.0154809940449,11.57,28.052,0.363556323278135,3.96013793613075,0,0,0,1
8823,64.2412467870192,22.11,23.266,0.145613988537175,3.32781416983477,1,0,0,0
8824,69.6144955954131,9.29,7.68,0.308753425500811,3.45094840299261,0,0,0,1
8825,66.0923045214697,32.36,29.884,0.212786864860936,4.31806478538628,0,0,1,0
8826,64.4401803284429,16.06,24.183,0.0851280942840772,3.48117451873924,0,1,0,0
8827,68.6134052980952,14.43,8.697,0.190592575841081,3.34934058974004,1,0,0,0
8828,67.3820472117564,8.74,34.523,0.136856961212154,3.55226179050866,0,1,0,0
8829,69.3119036627447,5.62,10.553,0.259930265329062,3.10412989765791,1,0,0,0
8830,57.3195910070662,27.69,19.496,0.191511321749154,3.29873631706132,1,0,0,0
8831,66.2368474136124,6.86,20.242,0.380504564496744,3.65067067561918,0,0,0,1
8832,62.7138532007945,14.6,13.518,0.348735715139671,4.52718405986964,0,0,0,1
8833,62.6058025331322,10.03,6.386,0.44968329950982,3.67332978499936,0,0,0,1
8834,66.4839383207138,12.15,33.672,0.24563658016651,3.59885308059699,0,0,0,1
8835,59.6365834646032,31.03,31.98,0.0897133845091604,3.47697692759569,0,1,0,0
8836,52.2937447333256,8.05,8.468,0.210659281103931,3.74952967808832,0,0,1,0
8837,70.1882957470366,24.34,29.004,0.0998364853742847,3.84521201305256,0,1,0,0
8838,66.9714275480668,33.3,29.168,0.101232789386897,3.75264917618166,0,1,0,0
8839,64.4887861557751,19.99,23.828,0.26527191077329,3.14603000418729,1,0,0,0
8840,63.6636427144289,33.08,20.163,0.290988160118654,3.53678768769255,0,0,0,1
8841,69.4420859004572,12.29,32.595,0.120594812690004,3.87197005789511,0,1,0,0
8842,58.40581347448,6.65,8.449,0.297603722174608,3.49774012362145,0,0,0,1
8843,63.7281828158475,31.01,26.309,0.229033176023167,3.4189629481425,1,0,0,0
8844,72.7783090294819,3.41,6.013,0.327603533866772,3.7150056582041,0,0,0,1
8845,56.3102163295552,20.16,11.448,0.100719229550681,3.30072423002693,0,1,0,0
8846,69.6033247633924,9.71,30.0,0.0958263970024716,3.20651804926961,0,1,0,0
8847,60.7220835668165,32.04,38.969,0.164781751019608,4.1498259476594,1,0,0,0
8848,49.6169489000866,27.23,26.352,0.140829814706471,3.45083998492388,1,0,0,0
8849,60.5110889566924,19.48,17.034,0.231549635251564,3.31573478416711,0,0,1,0
8850,43.2004426722464,35.0,15.182,0.17139519858433,2.76385002738153,0,0,0,1
8851,67.931938396857,10.23,29.589,0.179460213081402,3.80906682247249,0,0,1,0
8852,64.1714967532433,14.13,2.979,0.188966261415522,2.82470995707398,1,0,0,0
8853,66.3005940615162,31.35,18.881,0.216617308536416,3.17239569748901,1,0,0,0
8854,61.4128980069835,36.75,21.506,0.15679870073335,3.70338851156917,0,0,1,0
8855,67.0810937514392,12.87,28.801,0.097057604636007,3.17838208287943,0,1,0,0
8856,62.8805463975968,31.52,31.938,0.100943238310278,3.67942306267998,0,1,0,0
8857,47.7460366159426,30.87,20.983,0.26478771681957,3.12571174918876,1,0,0,0
8858,61.4901063152774,28.51,29.92,0.0956403105333318,3.75912866231558,0,1,0,0
8859,63.6375030734797,4.63,5.138,0.27237846621955,3.50599938327813,0,0,0,1
8860,67.3679042955316,6.83,15.725,0.163673265215176,3.69693694130452,0,0,1,0
8861,68.6885707321544,13.72,18.529,0.0872382432739316,4.13118264855496,0,1,0,0
8862,45.5305120129701,26.34,39.782,0.201703354858153,2.95461730659003,1,0,0,0
8863,65.6438261018262,13.89,19.166,0.0659381002675799,3.38904955315351,0,1,0,0
8864,67.0541993434642,12.65,5.368,0.149103077190819,3.4397378197633,0,0,1,0
8865,57.1577759944578,36.28,15.629,0.341383593064821,3.38581865485714,0,0,0,1
8866,43.0896233252329,33.69,46.109,0.21712926827098,2.73394619887117,1,0,0,0
8867,66.8759900908936,9.34,34.304,0.0909544847077479,2.86579479889494,0,1,0,0
8868,62.6550028021755,5.61,11.587,0.136797239706687,4.02888220662952,1,0,0,0
8869,72.7263332404916,36.87,17.118,0.116732451651936,2.64509161967478,0,1,0,0
8870,52.0178070270359,13.94,1.137,0.302478016115419,3.19282767272437,0,0,0,1
8871,67.095113658194,9.83,25.01,0.151269107909651,3.66637010177909,0,0,1,0
8872,58.2532179621144,31.41,35.455,0.112731970481405,3.02636517758102,0,1,0,0
8873,62.3162504462629,18.88,13.222,0.212620089280431,3.24847024089742,1,0,0,0
8874,68.1689151480912,29.3,29.492,0.27472192371681,3.86110742667539,1,0,0,0
8875,70.414631457944,17.42,18.482,0.324293455510647,3.14094548231578,0,0,0,1
8876,60.9141230250998,25.55,10.191,0.192205949721025,4.18604605019899,1,0,0,0
8877,68.2611946640267,14.83,23.744,0.136681639647487,3.48591196797176,0,1,0,0
8878,69.0417041745205,37.92,23.456,0.192330894532719,2.88546528344403,0,0,0,1
8879,61.5131906821336,25.67,18.347,0.230081508134871,3.94265068311742,0,0,1,0
8880,64.3317751676786,9.39,24.612,0.283636546247183,3.67916850139416,0,0,0,1
8881,54.3635739321495,7.92,6.806,0.325646222239611,3.09286409173677,0,0,0,1
8882,66.7196918830823,11.99,14.95,0.0593454308727721,3.37684726420354,0,1,0,0
8883,55.7013438216166,21.43,18.015,0.216782626882573,2.79804251385119,0,0,1,0
8884,67.3671173987999,12.34,21.078,0.284735813805559,3.04690418098671,0,0,0,1
8885,53.5310967008416,8.51,2.803,0.211644629231654,2.73216099424765,0,0,0,1
8886,69.4800768925893,9.87,32.829,0.0415790391776008,3.31100623408158,0,1,0,0
8887,66.0257775015596,13.21,8.471,0.228133597837341,3.61613187172192,0,0,1,0
8888,59.9534973032627,31.88,30.928,0.152058562203851,3.15308289927155,1,0,0,0
8889,66.1515516643755,34.37,24.766,0.358370739839922,3.37844750531718,0,0,0,1
8890,44.3911701967521,3.53,8.123,0.200888564223261,3.379939306335,0,0,1,0
8891,44.7657087694083,31.58,25.578,0.215505673155957,2.85532491507791,1,0,0,0
8892,59.8969990275046,19.63,15.288,0.235001552085928,3.3676950874184,1,0,0,0
8893,59.4687044663102,18.11,0.256,0.0789379161628123,2.98414093281502,0,1,0,0
8894,67.5373120290232,9.2,30.928,0.319713975451966,3.74983640006813,0,0,0,1
8895,66.5199999334364,27.39,23.446,0.0917953639381767,3.28271847191134,0,1,0,0
8896,62.6420496584941,26.01,28.688,0.256195779609745,3.27390892747783,0,0,0,1
8897,58.2866912634477,22.7,8.434,0.213436339267169,3.08570489616448,0,0,1,0
8898,58.009172862239,35.44,22.269,0.0858069069570306,3.44433535812104,0,1,0,0
8899,64.3821086131313,33.14,36.205,0.265553593312588,3.83196989070669,1,0,0,0
8900,62.3748340105259,4.43,7.943,0.0956548927184135,3.59318064650081,0,1,0,0
8901,65.747887289655,22.78,4.649,0.106690830959861,4.03395076385115,0,1,0,0
8902,61.9417956204776,25.01,2.446,0.0860405308775989,4.37574999958577,0,0,1,0
8903,72.2005313687843,10.47,18.856,0.0964371044827679,4.13070434479171,0,1,0,0
8904,64.2108748342207,11.79,9.052,0.0907681980275849,3.38065913812137,0,1,0,0
8905,67.7239065584128,29.03,18.082,0.406666538420151,3.99941135918827,0,0,0,1
8906,64.3523853598916,31.99,39.295,0.307185026637233,3.5945321615049,0,0,0,1
8907,65.3651393207501,28.96,31.138,0.193349876387433,3.93348464702021,1,0,0,0
8908,51.7320276820757,7.32,3.732,0.113078903149999,3.80634672006532,0,1,0,0
8909,42.6674006981372,32.38,25.868,0.156542388077882,2.60086398352929,0,0,1,0
8910,56.8182145942926,23.94,27.064,0.0425543680105427,3.53191120768097,0,1,0,0
8911,40.2060070024163,23.06,44.369,0.229207196035963,3.57694358794096,1,0,0,0
8912,67.3679041222378,33.09,31.685,0.187602537252992,3.18496093803146,0,0,1,0
8913,49.514318880956,3.78,6.785,0.329453538146196,2.88693556883689,0,0,0,1
8914,60.9279232564607,19.71,1.714,0.215180942584958,4.13543765355877,0,0,1,0
8915,69.0116602203068,5.68,16.34,0.346701076165888,4.01069930959681,0,0,0,1
8916,55.3545419013314,24.93,30.603,0.103353471003101,3.16156540626369,0,1,0,0
8917,61.682701592432,6.81,3.385,0.334411432203037,3.1810666110894,0,0,0,1
8918,70.4945514209334,37.76,22.817,0.217239633729942,4.98252873774453,0,0,1,0
8919,48.4872050514202,29.7,34.721,0.200682659347672,3.16108198147778,1,0,0,0
8920,67.4302549097308,5.99,8.02,0.266884893578564,3.5041892782133,0,0,0,1
8921,61.9139758351287,22.72,8.152,0.101797200736918,3.54445952677369,0,1,0,0
8922,43.8001557489652,35.2,31.555,0.23899757752222,2.83595279886551,0,0,1,0
8923,65.7250546557031,25.18,37.206,0.181719112055092,3.75960634956938,1,0,0,0
8924,65.7488817998913,34.56,16.116,0.216046709889064,3.60383446525597,1,0,0,0
8925,61.1106895751429,23.64,5.78,0.110055153116533,3.44704556435153,0,1,0,0
8926,60.7134266979345,25.66,17.662,0.181295209549423,3.23919945010342,1,0,0,0
8927,63.0592077035184,37.01,41.41,0.0603092486893236,3.74064565957543,0,1,0,0
8928,53.0544240369244,27.92,2.483,0.242040939574023,3.36985355254197,0,0,1,0
8929,58.6786084377337,31.77,34.478,0.252796599235875,3.16978915246149,1,0,0,0
8930,59.1287314688349,12.44,12.985,0.186376210763689,3.46923188225277,1,0,0,0
8931,65.5535071876674,12.28,27.706,0.188920520794471,4.24964453516638,0,0,0,1
8932,45.3888423494104,5.57,7.815,0.409358190537966,2.46535423133234,0,0,0,1
8933,63.0096655771932,32.52,22.548,0.0754713608925144,3.09619064142485,0,1,0,0
8934,48.1025095433838,32.27,29.575,0.122469018159051,2.77566521999265,0,1,0,0
8935,65.8447649439013,13.16,25.961,0.24569255609048,4.26788353606998,0,0,1,0
8936,68.7632407992214,24.36,26.422,0.109551668503146,4.28730436259456,0,1,0,0
8937,59.8978837073681,28.82,19.499,0.19007983799092,4.18565349593566,0,0,1,0
8938,61.2387464984293,32.35,21.052,0.114406286720888,3.95437877984605,1,0,0,0
8939,54.7900138735643,25.09,40.16,0.237597870708739,2.86555224468984,1,0,0,0
8940,67.1152036906277,30.13,37.025,0.213097902727179,3.44745277545492,1,0,0,0
8941,46.807115990461,28.14,24.864,0.246087710042268,2.83958415643929,1,0,0,0
8942,63.7668590630532,7.32,22.385,0.297747445009145,3.62725225361858,0,0,0,1
8943,52.8041372948168,5.1,9.799,0.328975360190841,3.01701021901041,0,0,0,1
8944,67.1552666805971,13.32,26.45,0.286928071058981,3.18796978059367,0,0,0,1
8945,62.4490180512096,34.46,8.573,0.338906207774844,3.28372669842404,0,0,0,1
8946,58.6941209156734,14.8,5.147,0.477245938770621,3.8230127522169,0,0,0,1
8947,64.9390030324201,22.33,5.355,0.211158699799212,3.95233901410595,0,0,1,0
8948,67.7256661816865,6.2,2.962,0.188365874116634,4.03587405475021,0,0,0,1
8949,59.8814238580649,8.3,7.674,0.249716454918933,4.08818462486796,0,0,0,1
8950,71.9620976134119,5.67,11.446,0.101344547281582,3.72019599623962,0,0,1,0
8951,62.9711817223131,12.75,15.329,0.412075070865145,3.64974302172803,0,0,0,1
8952,70.0007791367308,7.44,10.586,0.0851447013396838,3.90354756606799,0,1,0,0
8953,54.5919961228286,35.63,18.26,0.119513897306446,3.77476729932469,0,1,0,0
8954,65.8471755060998,20.63,2.957,0.247794793299993,3.5142298797071,1,0,0,0
8955,58.0947753708896,4.79,1.37,0.359544235619522,3.19918602473411,0,0,0,1
8956,45.3712265740203,27.03,33.153,0.197508391437658,3.02031762338868,1,0,0,0
8957,53.4276834981824,27.5,25.592,0.263470649342848,3.50885092405016,1,0,0,0
8958,57.3502817516959,9.48,4.307,0.143080589326128,3.17500278705321,1,0,0,0
8959,62.5122027417885,20.39,3.89,0.235051241659531,3.22640038799607,0,0,1,0
8960,62.1656276491838,12.92,9.523,0.220891614850115,3.31264965092461,1,0,0,0
8961,48.6332364989109,29.25,34.611,0.083495530981002,3.26227584942677,0,1,0,0
8962,59.9537987902648,5.3,31.055,0.205845643406975,3.00218938923567,0,0,0,1
8963,56.8099206226865,25.11,36.477,0.108939540958729,3.3479565334496,0,1,0,0
8964,70.4101321694565,14.24,14.377,0.0793305700061414,3.50655562523159,0,1,0,0
8965,61.1412791914016,34.92,21.712,0.244987215382703,3.93149501766164,1,0,0,0
8966,65.2424084778829,24.9,15.193,0.295437376231755,3.62540218313477,0,0,0,1
8967,58.9601616180114,26.37,26.509,0.22612644403139,3.38966540896881,1,0,0,0
8968,64.0192547359561,31.66,34.072,0.150129927690552,3.39324329962991,0,1,0,0
8969,62.2667807944514,14.87,17.86,0.27206810160024,3.84886338365739,1,0,0,0
8970,62.424267951049,7.21,26.676,0.291087762372232,3.52215564629937,0,0,0,1
8971,63.6836776724448,34.76,38.771,0.212984049514653,3.59122562628676,1,0,0,0
8972,55.092038534742,22.88,5.122,0.204308455961956,3.68455267869548,1,0,0,0
8973,46.30152754388,25.17,29.642,0.0776201149080824,2.6436223909886,0,1,0,0
8974,69.4358351208323,3.99,3.994,0.378819607052685,3.46481204342053,0,0,0,1
8975,49.4000998490027,3.3,4.165,0.251230306704778,3.00033532242246,0,0,0,1
8976,60.4476504767192,30.46,19.643,0.415055321321495,3.17937501086576,0,0,0,1
8977,65.3899519746779,13.06,18.281,0.179894779862525,3.8260607650292,0,0,1,0
8978,59.7784312534795,33.74,15.711,0.0858427021879213,3.3260884791875,0,1,0,0
8979,54.8242814026353,32.79,30.019,0.0856974849745773,2.99945504463204,0,1,0,0
8980,60.9417692991882,28.24,31.57,0.0797595948237886,3.49941434473922,0,1,0,0
8981,62.5693539216601,7.13,31.664,0.227457024524721,3.23415143237592,0,0,1,0
8982,65.9586793498824,20.29,15.95,0.101721347142361,3.73492238978903,0,1,0,0
8983,70.7717932153896,21.08,1.339,0.204878824867067,3.49389068260744,0,0,1,0
8984,58.3938260161724,5.64,4.069,0.120643694500777,3.67649259605251,0,1,0,0
8985,68.2427686247228,10.27,31.106,0.220764814813307,3.19479887225775,0,0,0,1
8986,40.7724137222545,25.64,19.59,0.214769781191441,2.63466624107016,1,0,0,0
8987,60.5766614607088,10.06,4.357,0.232179516182072,3.86489056077478,0,0,0,1
8988,59.6184620949116,14.6,14.107,0.0845866646361725,3.49339248281072,1,0,0,0
8989,69.3295034944347,4.39,2.422,0.213440217844866,4.05765403925624,0,0,0,1
8990,62.8450964187472,29.16,22.231,0.177239547139564,3.5788034066143,1,0,0,0
8991,58.9915871227472,33.83,7.831,0.149686633750136,3.74609962170432,1,0,0,0
8992,53.8821232542091,34.25,25.403,0.119718940811909,3.50581521767442,0,1,0,0
8993,67.204153647583,18.29,13.001,0.079926430897845,3.03444016082831,0,1,0,0
8994,65.4012454279141,13.81,4.444,0.221536813499139,3.84491118255229,1,0,0,0
8995,47.1815805199903,33.79,35.039,0.182278469836466,3.09017751346221,1,0,0,0
8996,52.1936886370123,3.13,2.498,0.281169460515357,2.75392890247806,0,0,0,1
8997,61.5756962865006,27.8,31.226,0.207975258869658,3.37707760895654,1,0,0,0
8998,58.801243824073,23.31,35.205,0.318235626060254,3.85798910449051,0,0,0,1
8999,39.9057137642593,35.0,23.559,0.0887620926646041,3.20232231673587,0,1,0,0
9000,46.2616905674165,31.07,39.131,0.0394528842712252,2.80367867589036,0,1,0,0
9001,68.2254199160212,21.73,3.587,0.248174588287284,4.0906266070431,1,0,0,0
9002,63.6962787455824,29.74,10.304,0.0930633615194641,3.5954171433565,0,1,0,0
9003,66.4721768249341,33.65,27.43,0.0968477424330975,3.21801466627327,0,1,0,0
9004,40.458135642181,23.27,30.336,0.210549416914344,3.05851892959585,1,0,0,0
9005,68.2523632636383,9.74,29.869,0.371330669426228,3.18062812349275,0,0,0,1
9006,70.3328827645425,3.6,7.632,0.0746100623794146,3.54058332787335,0,1,0,0
9007,51.8198518300628,6.42,7.195,0.255035313809218,3.39765911549256,0,0,0,1
9008,52.0047900793093,3.06,3.37,0.306657714132339,3.71212649342686,0,0,0,1
9009,68.7539479166392,28.85,37.284,0.171943106421922,3.57135357736235,1,0,0,0
9010,72.0380442158418,34.5,25.874,0.241688268964558,4.46372291816619,0,0,0,1
9011,57.1793575706898,13.01,6.779,0.278609547977536,2.70892122640399,0,0,0,1
9012,58.7435305427975,25.35,30.516,0.250814644581404,3.40061558392073,1,0,0,0
9013,68.5415833278278,32.04,27.435,0.132607002898788,3.86858599051109,0,1,0,0
9014,66.7440996509976,5.32,29.252,0.189955011177356,4.2284535236725,0,0,0,1
9015,68.4044153646213,9.4,8.594,0.164904647967278,3.60297426353215,0,0,1,0
9016,57.3166172216254,22.52,2.298,0.103510579445751,3.33346367557425,0,0,1,0
9017,61.7857634205175,32.88,30.804,0.207304371998129,3.40012794857308,0,0,1,0
9018,56.3073222801281,6.74,8.405,0.332532247382328,3.17819496302135,0,0,0,1
9019,69.7145906648588,5.51,16.635,0.0877635900349106,4.01931268959428,0,1,0,0
9020,48.3716689935559,34.47,32.908,0.210002369316243,2.968218542284,1,0,0,0
9021,64.4156961053238,36.94,13.759,0.281071504578846,3.06552001291122,1,0,0,0
9022,64.0172659912487,16.9,15.447,0.149902429611499,3.75727703550835,1,0,0,0
9023,69.1215742867377,13.33,22.694,0.115900220933394,4.66078089907487,0,1,0,0
9024,56.4818211918103,5.78,9.826,0.387839670714828,3.63533882474989,0,0,0,1
9025,68.7524717631316,5.74,13.924,0.075615239540357,3.52392767976697,0,1,0,0
9026,57.8040025011504,21.77,35.863,0.107362018153354,3.30872230101118,0,1,0,0
9027,63.3520938002638,32.79,16.808,0.14864663113872,4.39871257787972,1,0,0,0
9028,70.9953267581378,27.5,17.441,0.393098174599098,4.03009601689133,0,0,0,1
9029,55.9232778235913,23.93,24.729,0.143943454291143,3.14065263412515,1,0,0,0
9030,52.5508913111837,28.26,17.76,0.100632181468979,3.47653216183516,0,1,0,0
9031,56.8473773455267,8.72,4.396,0.319511860005958,2.76660628065013,0,0,0,1
9032,65.0904600276022,28.17,41.03,0.0960375297466847,3.62974370987226,0,1,0,0
9033,66.1322739792099,24.67,28.025,0.205371963534206,3.32066202191107,1,0,0,0
9034,60.9492666541486,25.06,1.589,0.193972425974395,3.86392773940224,1,0,0,0
9035,47.2518220566504,27.85,30.788,0.240341805780894,2.62456604203235,1,0,0,0
9036,60.5146558255765,24.06,11.396,0.0679910633776344,3.8015094863636,0,1,0,0
9037,69.0201221508241,8.56,27.264,0.2099677034869,4.17820505761934,0,0,0,1
9038,67.1457011607023,6.8,22.575,0.0854508022138654,3.32734718128212,0,1,0,0
9039,72.2973965475041,13.84,8.619,0.239073349897542,3.72362525370271,1,0,0,0
9040,62.4827737557205,37.58,32.186,0.202908948596884,3.36039842431222,0,0,1,0
9041,59.6399315489093,24.63,0.476,0.0875082952287022,3.07598522657965,0,1,0,0
9042,62.829629501669,18.78,9.398,0.209037697193775,3.57366402318641,0,0,1,0
9043,60.0505682991688,23.22,30.757,0.172756632098275,3.42652323376567,0,0,1,0
9044,69.2385315797231,28.57,33.24,0.159784130404786,3.78587548175228,0,1,0,0
9045,68.449825657626,5.56,34.348,0.243791815430655,3.77840897685692,0,0,1,0
9046,59.5566815274205,27.01,4.716,0.245355427026898,3.69518703070984,1,0,0,0
9047,64.2642249675675,23.76,19.795,0.0600621005762037,3.66743127370018,0,1,0,0
9048,61.4083175034017,22.23,10.082,0.180022970155483,3.42808569170225,0,0,1,0
9049,67.2168995968057,14.49,30.986,0.351540903151551,3.89986449104591,0,0,0,1
9050,61.7568301866727,34.46,24.22,0.351036525592501,4.28043416953199,0,0,0,1
9051,69.0153059392868,11.32,34.269,0.215177887235905,3.93780201564382,0,0,1,0
9052,65.0350954843415,33.39,10.264,0.242509691099118,3.12649635370817,0,0,0,1
9053,64.8184201205239,33.16,7.072,0.240509608854064,4.09289507356277,0,0,0,1
9054,60.0480532726555,25.13,35.78,0.102291135760506,3.12201212811964,0,1,0,0
9055,65.2585245552621,11.94,2.471,0.256447961564439,3.66920762486795,1,0,0,0
9056,60.4327414275809,18.59,7.411,0.210676050204616,3.37508004027686,0,0,1,0
9057,72.537405858189,11.57,30.326,0.179533676917189,4.47406637700148,1,0,0,0
9058,70.0042375131223,11.16,25.703,0.10987705757532,3.04033449761816,0,1,0,0
9059,34.7285502107999,16.06,7.447,0.316042115773739,2.24788082376832,0,0,0,1
9060,58.0013877600073,40.13,23.077,0.183748303155734,2.98288628203424,1,0,0,0
9061,47.7132027956809,13.89,9.035,0.231436388919319,3.2742243200983,0,0,0,1
9062,40.0676743019199,7.82,8.11,0.410985466409411,2.79457813471093,0,0,0,1
9063,73.9078550543978,8.16,15.193,0.0875376699619127,3.45571031469304,0,1,0,0
9064,59.2756001700761,22.26,22.91,0.204508686644024,3.4240688606152,1,0,0,0
9065,48.343571341235,37.65,30.691,0.214512937027383,2.88171713625134,1,0,0,0
9066,59.5448597480728,21.75,37.102,0.087056132077036,3.77777626051542,0,1,0,0
9067,68.9557826314252,31.98,33.693,0.108288048687458,3.58759762017011,0,1,0,0
9068,60.031209676784,30.89,26.572,0.241298134889882,3.4664354878533,0,0,1,0
9069,48.1068790203316,27.27,16.338,0.0671860718332273,2.9381612721356,0,1,0,0
9070,63.1448718551445,14.65,3.851,0.232827307971872,3.09111655869095,0,0,1,0
9071,61.3192415515051,21.6,10.023,0.219793724499598,3.74646341137066,0,0,1,0
9072,62.6789208366335,31.64,26.613,0.182358152965002,3.64119340691842,1,0,0,0
9073,62.7159646704387,6.19,8.906,0.31398131114804,3.18178056054689,0,0,0,1
9074,55.8942051314047,18.78,2.006,0.21457882905524,3.51525829938231,0,0,0,1
9075,59.743494144356,27.15,34.058,0.170336731471142,3.20969275124881,1,0,0,0
9076,72.8269902603411,28.41,2.17,0.344839250472698,4.16598864619018,0,0,0,1
9077,40.2503169038985,7.51,4.745,0.219218785612233,3.23061737980288,0,0,0,1
9078,55.9119655526164,36.33,32.168,0.100660075093199,2.41139052771152,1,0,0,0
9079,59.4168341201825,11.58,24.176,0.0789528249454577,3.25182927958356,0,1,0,0
9080,46.7951320615716,8.61,4.561,0.368099652037217,2.92336324337827,0,0,0,1
9081,46.9070715565725,32.89,31.669,0.106951508698149,3.01228034581107,0,1,0,0
9082,61.5857753327253,26.39,28.146,0.204029939098155,3.42420243223869,1,0,0,0
9083,63.0461712844326,34.39,37.074,0.077547520283296,3.18968810863486,0,1,0,0
9084,64.0060463433998,30.85,32.412,0.254317967301882,3.93262935528759,1,0,0,0
9085,68.3319404464486,10.08,30.941,0.099584756649979,3.47608076023451,0,1,0,0
9086,67.0755056134894,29.6,29.1,0.332073340074144,3.58693065432725,0,0,0,1
9087,66.3074427599485,22.65,22.934,0.167269301554034,3.87802124546225,1,0,0,0
9088,64.1073391212193,35.86,20.828,0.102541298944768,3.19830874061424,0,1,0,0
9089,47.0183880596717,31.13,32.158,0.180258806182105,3.16821364676138,1,0,0,0
9090,43.4812113694574,32.43,28.527,0.106447942882878,2.69178648424174,0,1,0,0
9091,67.2786304234973,5.26,13.004,0.0973022717481482,3.28486330401824,0,1,0,0
9092,62.3340475929765,6.88,3.923,0.211875224301855,3.45523408124796,0,0,0,1
9093,45.4475527407121,9.31,4.399,0.231745798135111,3.02015335140753,0,0,0,1
9094,47.6561098727011,29.08,22.086,0.115341905311813,3.58947185717557,1,0,0,0
9095,59.9117682023225,28.14,28.779,0.112798039266513,3.70039930835715,1,0,0,0
9096,68.8150852598381,3.95,3.044,0.375586009905963,3.62855395004255,0,0,0,1
9097,64.6325936131973,26.87,3.21,0.0695142539071299,3.81221316551157,0,1,0,0
9098,65.3595855956935,30.16,32.666,0.194100275710255,3.78285218860572,1,0,0,0
9099,65.5131401927157,30.41,39.238,0.189438735920741,4.10957656606986,0,0,1,0
9100,57.9722892551057,31.45,25.125,0.103080961152876,3.00638373656188,1,0,0,0
9101,70.5866131364836,6.18,24.409,0.333933156385646,3.70765136205121,0,0,0,1
9102,62.7243929595473,17.34,8.309,0.129994629814536,3.8348312863601,0,0,1,0
9103,66.8852197044,36.05,33.332,0.214061501815625,3.75254566394696,0,0,1,0
9104,70.6079473152433,11.56,28.934,0.106812187837996,3.68980456004802,0,1,0,0
9105,57.5925260834289,25.7,19.398,0.204334694761184,3.07056129092916,1,0,0,0
9106,61.916432529933,16.11,11.418,0.230991050845871,3.1696719571143,0,0,1,0
9107,64.9763588917219,23.28,5.489,0.101217098231456,3.41567944848478,0,1,0,0
9108,60.8114583991618,27.96,26.95,0.313653296115619,3.47504745461147,0,0,0,1
9109,58.4372133617128,11.81,6.467,0.355126383957019,2.9503458926921,0,0,0,1
9110,64.754113015703,19.99,35.288,0.185398249008938,3.40381738089526,0,0,0,1
9111,70.5204823926498,5.76,20.653,0.117072209482233,3.14014362125806,0,1,0,0
9112,61.7557841723984,30.0,29.803,0.200428029910187,3.93029082985526,1,0,0,0
9113,63.060404786993,9.81,3.497,0.234170940935831,4.21387669721358,0,0,0,1
9114,64.4688400756544,14.83,8.374,0.178094441592265,3.69784350489531,0,0,1,0
9115,65.2161690772738,9.35,18.022,0.157738983949179,3.37620712376637,0,0,1,0
9116,66.0801723204976,28.08,19.142,0.0924835310442729,4.53254569291808,0,1,0,0
9117,58.2626018215164,23.67,20.098,0.129364585070106,3.98215345095439,0,1,0,0
9118,62.6354546569881,7.79,6.436,0.310401775677496,3.54798893896392,0,0,0,1
9119,67.9204005472508,6.98,11.203,0.117385396073813,3.71256280148531,0,1,0,0
9120,66.5141578601829,6.77,31.669,0.103576684267825,3.41979911310532,0,1,0,0
9121,67.1661960373015,10.87,3.051,0.10298396768863,3.71430500248265,0,1,0,0
9122,42.8122899884688,6.61,0.917,0.290944898805621,2.71710895214184,0,0,0,1
9123,61.7087390230555,24.83,22.38,0.0964888946320989,3.95007482113,0,1,0,0
9124,56.6513667298796,3.08,6.223,0.165706387803736,3.26997562635729,1,0,0,0
9125,65.2046164329557,23.94,15.475,0.241606538889798,3.44602790179623,1,0,0,0
9126,45.2388105865589,8.71,0.931,0.380442788576566,3.22208069609286,0,0,0,1
9127,61.9425637964864,23.59,43.481,0.0578896982985669,3.69349839604305,0,1,0,0
9128,65.6882058169424,5.77,3.455,0.110249704829265,3.84486902701569,0,0,1,0
9129,67.8475208153199,6.32,13.009,0.14541035621293,3.17538647632317,1,0,0,0
9130,58.0003997013008,34.64,36.099,0.115333407384767,3.62691212901615,0,1,0,0
9131,54.433148371585,5.67,2.477,0.179106762940504,3.09743041884268,1,0,0,0
9132,65.9095439723968,6.11,28.253,0.0792530257562825,3.53671878974896,0,1,0,0
9133,55.1596488002965,24.64,26.562,0.0965769320476446,2.9992743257962,0,1,0,0
9134,48.5861706566462,25.92,52.898,0.17241848760614,3.1939723224106,1,0,0,0
9135,72.307020841974,5.76,20.055,0.326551673639192,3.72559104229434,0,0,0,1
9136,67.0780556481334,32.31,36.678,0.105818672333025,4.33706484924833,0,1,0,0
9137,68.0585407944046,30.87,27.825,0.100331446994802,4.03167191873315,0,1,0,0
9138,53.6383081663878,8.27,4.184,0.306157716357006,2.77968698297793,0,0,0,1
9139,49.4388400674535,9.94,4.038,0.28333289227498,3.04976767740057,0,0,0,1
9140,57.9686761434444,27.99,12.864,0.316699940959849,3.34963871537603,0,0,0,1
9141,55.7744019476688,7.93,9.329,0.292814323709476,2.93339777368014,0,0,0,1
9142,55.3174897600912,3.08,9.229,0.343380013328783,3.86530787311123,0,0,0,1
9143,46.6704842919014,26.86,27.658,0.137128517647533,2.73091489962516,0,1,0,0
9144,67.4442165845758,8.97,9.755,0.216128092386556,3.40115755943279,0,0,0,1
9145,61.8400541045012,12.93,9.884,0.103601218498999,3.47265167812704,1,0,0,0
9146,51.6458805593393,7.33,6.257,0.273407513092626,3.16839273267008,0,0,0,1
9147,65.9352983830043,12.18,0.664,0.0897635768086627,3.41017566742263,0,1,0,0
9148,48.3086337437094,3.7,7.943,0.260566030991545,3.35726438311069,0,0,0,1
9149,62.4250689477043,14.4,4.053,0.0796829349923697,3.73929655321103,0,1,0,0
9150,54.3356614069529,4.93,8.367,0.379230125759427,4.0527849654415,0,0,0,1
9151,66.514556671079,8.65,23.477,0.115075570236975,3.40543080265514,0,1,0,0
9152,61.5599438520205,34.64,28.351,0.178557323817377,3.20888399914209,0,0,1,0
9153,61.0139865592618,13.09,3.533,0.267968560068799,3.41156528632403,0,0,1,0
9154,48.5890115826215,26.33,34.725,0.197026116909284,3.11651395152915,1,0,0,0
9155,69.3493274739187,7.49,26.413,0.288810960885162,3.34719239993461,0,0,0,1
9156,51.1646974221089,11.31,4.449,0.380341585247388,3.03753141449938,0,0,0,1
9157,60.714688978956,23.36,8.378,0.210120175521976,3.46258008348162,0,0,0,1
9158,67.3655203932706,30.04,24.478,0.166177025760934,3.7907917099554,1,0,0,0
9159,72.1841268487917,6.75,11.483,0.0869675223914884,3.45288833754945,0,1,0,0
9160,60.4888690258687,32.2,21.805,0.227180065263481,3.2475695490766,0,0,0,1
9161,47.9966526931318,37.74,34.174,0.180126182836906,2.97488317457236,0,0,1,0
9162,61.6802519388762,30.12,20.621,0.106164986112056,3.72721269434755,0,1,0,0
9163,63.5655957060347,16.58,16.558,0.134715439073278,3.44142929376276,0,1,0,0
9164,69.1226083926406,11.05,1.24,0.114435495346336,3.93084172107056,0,1,0,0
9165,66.715762901393,10.95,10.4,0.214579570021433,3.88319952229218,1,0,0,0
9166,49.5865382032714,4.96,2.062,0.287235711642741,2.92342248384746,0,0,0,1
9167,58.8896453225187,22.75,2.388,0.377320374978698,4.18866199992382,0,0,0,1
9168,61.0391525115615,17.94,18.121,0.156865524496671,3.21944226988622,1,0,0,0
9169,61.0123191183911,23.33,3.387,0.168748928601988,2.78751814842676,0,0,1,0
9170,45.8401423358943,24.23,34.627,0.189918237413832,2.64498546713178,1,0,0,0
9171,53.2750741168873,31.64,34.217,0.208816621244342,3.35728474247296,1,0,0,0
9172,51.9195407835664,9.47,9.453,0.221539007453494,3.24975962581709,0,0,0,1
9173,59.7474040466369,34.47,25.93,0.14112638598032,3.06796915796828,0,1,0,0
9174,67.8976358785061,21.67,18.318,0.183976971656342,3.63368131732866,1,0,0,0
9175,70.7776772557921,6.1,20.83,0.0969915298149176,3.80738535381876,0,1,0,0
9176,61.2716443294248,30.7,36.287,0.16793964557325,3.25825406713582,1,0,0,0
9177,60.8946967822213,14.36,10.905,0.161074376363967,3.44866337382969,1,0,0,0
9178,58.4019535059871,28.79,29.864,0.229724589324125,3.61435446961351,1,0,0,0
9179,65.3987647528146,5.98,9.571,0.253235014675951,3.6898453689879,0,0,0,1
9180,67.4919710843811,23.6,21.414,0.192987174083511,3.10019037322536,1,0,0,0
9181,69.8033802893868,7.02,17.536,0.0910796964076281,2.56224380290787,0,1,0,0
9182,59.3023792521426,24.06,2.401,0.176086135995246,3.43433054364238,1,0,0,0
9183,61.5136463867882,20.18,18.103,0.228652410133651,2.87773536590218,1,0,0,0
9184,69.1223683044241,27.98,5.756,0.175213462892834,3.52240553920338,0,0,1,0
9185,34.2612929573211,4.88,0.019,0.258926798687951,2.71417207693244,0,0,0,1
9186,66.1852899232703,6.95,22.333,0.232564772587743,2.87226251550177,0,0,0,1
9187,58.0767288762945,17.77,9.641,0.212266522932177,3.74272263608857,1,0,0,0
9188,65.5476016140336,22.06,19.632,0.160441298446684,3.98849947627968,1,0,0,0
9189,47.9281698595476,3.69,4.654,0.366645413352548,3.11019692106629,0,0,0,1
9190,62.7217786101471,36.93,25.256,0.321519000024363,4.12411619335752,0,0,0,1
9191,49.2306572335157,27.83,32.154,0.242796328369029,3.23507198633266,0,0,1,0
9192,66.855667842329,9.3,32.042,0.249916908783878,3.88389786346411,0,0,0,1
9193,62.0959428410573,22.63,36.549,0.102646727440035,3.79844672447076,0,1,0,0
9194,48.5881941648408,29.45,40.881,0.125993569652963,3.54541207684117,1,0,0,0
9195,66.0075551881555,24.99,18.084,0.205846662421888,3.20411057254358,0,0,1,0
9196,65.2525059217749,33.8,37.296,0.165483582216582,3.67057641483496,1,0,0,0
9197,59.4292956985484,30.95,24.084,0.0983651343925259,3.8304468278551,0,1,0,0
9198,62.0761018618015,5.35,11.194,0.0822421979676325,3.46303273286048,0,1,0,0
9199,54.6575216706629,33.96,37.003,0.233282528232298,2.98848138129464,1,0,0,0
9200,63.496525840837,30.97,23.155,0.253018324645256,3.13249908123391,1,0,0,0
9201,69.9464190643637,5.68,19.503,0.0984986742868114,3.67470247260077,0,1,0,0
9202,67.9859897759003,11.11,30.156,0.276533436430844,3.32155761451052,0,0,0,1
9203,69.1257622387506,13.85,15.349,0.411900046902946,3.81888577338734,0,0,0,1
9204,53.9485071856537,22.82,11.963,0.14252818149409,3.07379850054836,0,1,0,0
9205,62.740288922592,6.75,11.764,0.263266188376004,3.19811470840723,0,0,1,0
9206,52.2560706212065,24.29,19.975,0.225194842771938,3.29123360203664,1,0,0,0
9207,67.2770114278081,7.79,12.618,0.110324967939297,3.35211263946315,0,1,0,0
9208,46.6194679588691,25.49,28.892,0.116492757023974,3.39708053553186,0,1,0,0
9209,59.7330160744423,26.06,22.705,0.169725028129936,3.78444405742474,1,0,0,0
9210,52.7704963102276,7.23,5.552,0.204084088155664,2.89620389655946,1,0,0,0
9211,55.6170285458261,5.74,0.146,0.238264233109302,3.41958311855434,0,0,0,1
9212,59.7213195816244,20.12,8.128,0.22263818819911,3.46877407165757,0,0,1,0
9213,68.2116126348333,12.2,28.492,0.295639872852859,3.7932368405557,0,0,0,1
9214,66.5073583601225,14.13,12.002,0.370911352054783,3.05777477269543,0,0,0,1
9215,58.8219386142019,35.29,14.141,0.271982094183961,3.1327645253351,0,0,0,1
9216,65.7350612604023,17.32,13.516,0.147672717826489,3.62689571632933,1,0,0,0
9217,53.7480183599789,3.79,3.274,0.418725378913071,3.46285066064202,0,0,0,1
9218,61.2051606445041,10.83,16.534,0.171178963764846,4.00015967822291,1,0,0,0
9219,63.0772180277567,15.74,10.566,0.161251947003105,3.32210208592431,1,0,0,0
9220,77.0707102105414,13.86,21.735,0.0878744921724723,4.25077595527748,0,1,0,0
9221,68.7045335905123,20.59,9.201,0.0987304780522794,4.11411222139504,0,1,0,0
9222,50.4917577355909,10.45,3.067,0.324557933111316,2.93706422637167,0,0,0,1
9223,68.6041129974023,7.1,20.531,0.0648205441492904,3.14092111117382,0,1,0,0
9224,55.6371183343033,19.1,14.27,0.183300413982302,2.83809783459117,1,0,0,0
9225,63.8196815843956,6.72,22.873,0.315128053884482,3.29591813961297,0,0,0,1
9226,70.7212438646244,8.81,28.784,0.103388022405839,3.24179550531887,0,1,0,0
9227,65.419449278041,25.32,9.11,0.217688043296581,3.13431137415096,1,0,0,0
9228,69.2952734671127,14.05,32.031,0.233255642806381,3.93366056441818,0,0,0,1
9229,59.95799833002,6.04,2.435,0.214731827760134,3.6746365787307,0,0,0,1
9230,47.2352441431766,32.1,36.295,0.270902708309567,2.82441099308996,1,0,0,0
9231,46.5999681401614,6.97,7.094,0.375080484012469,3.22556446428955,0,0,0,1
9232,59.2234817055391,20.79,14.522,0.218031204310973,3.18300071938269,0,0,1,0
9233,62.8367388838506,24.54,15.03,0.0898193925234369,3.48191687845169,0,1,0,0
9234,64.6468279309434,22.82,10.165,0.241026527377603,3.55193865623835,1,0,0,0
9235,59.7141958394019,18.66,18.92,0.218474409156092,3.22922349025343,1,0,0,0
9236,59.9645557723839,12.05,5.605,0.259805918073886,3.80357757616457,0,0,1,0
9237,69.1951878193956,27.71,28.661,0.128007164952281,3.82931010080001,0,1,0,0
9238,61.0427575934453,28.52,17.547,0.279437661488748,3.37926783826126,0,0,0,1
9239,63.0516377757957,33.05,21.879,0.19997520114831,3.26181076090792,1,0,0,0
9240,52.9391582201101,7.71,5.043,0.328518741750755,3.15266614695397,0,0,0,1
9241,71.0580657255027,7.07,8.352,0.25211415110385,3.95703504746871,0,0,0,1
9242,68.4891100009048,10.33,13.503,0.337040778340129,3.4458798501688,0,0,0,1
9243,64.5483917450023,25.36,23.274,0.129939239694603,4.220499282764,0,1,0,0
9244,54.4341684111747,6.18,2.487,0.283582911599336,3.09018313557503,0,0,0,1
9245,60.7712222229281,10.96,19.79,0.192156743422272,3.60708412885051,0,0,1,0
9246,45.1787098258929,17.28,23.661,0.0876140067887851,2.93339150530696,0,1,0,0
9247,72.5563057768421,7.8,32.576,0.0903726218648746,3.68514894561194,0,1,0,0
9248,52.2490769787612,19.85,17.007,0.216532546722361,3.33747065222607,1,0,0,0
9249,56.8445259884083,17.43,6.672,0.247847987307215,3.42543792939138,1,0,0,0
9250,67.3406104322634,31.65,42.364,0.210216021411203,3.25340822075378,1,0,0,0
9251,46.1954242449413,33.39,34.882,0.224530947250517,2.38517926736651,1,0,0,0
9252,67.3494250113391,23.2,8.541,0.186795537503543,4.09099843087934,1,0,0,0
9253,42.3141366217545,38.9,35.15,0.123702888762147,2.74825383213687,0,1,0,0
9254,52.524979849491,34.7,24.732,0.0896014009451565,2.8338505175582,0,1,0,0
9255,60.3937376904074,12.65,2.886,0.249467297392071,3.02458011161075,0,0,0,1
9256,65.5756336376465,16.18,21.952,0.238290072177106,3.06947669155474,0,0,1,0
9257,55.4672212465652,12.62,0.28,0.438165981209339,3.0238917177016,0,0,0,1
9258,62.2305078702428,16.91,11.251,0.178442984917451,3.64391299344404,1,0,0,0
9259,54.5632412277548,6.95,0.94,0.253041665578053,3.2072612167496,0,0,1,0
9260,59.2204086797955,16.18,2.779,0.26997930050059,3.03650543449265,0,0,0,1
9261,72.0084144340705,7.55,5.885,0.260467228238851,3.45530176534328,0,0,0,1
9262,35.573593958447,7.08,3.75,0.299024090821459,2.18549373778647,0,0,0,1
9263,57.7509852356687,27.07,24.083,0.0703804674362914,3.28995357472061,0,1,0,0
9264,61.8623659739782,16.65,20.045,0.0879872853310741,3.1910052812922,0,1,0,0
9265,70.9197785751879,31.65,24.062,0.285889849899521,3.91002164235736,1,0,0,0
9266,71.501970742252,5.37,32.301,0.136846242890152,3.39849434623956,0,0,1,0
9267,63.8244002629864,33.05,6.703,0.335248706632503,2.91736481277516,0,0,0,1
9268,62.5133824390639,40.72,41.132,0.197660071612043,3.06935939188492,1,0,0,0
9269,60.6280187149668,15.49,11.233,0.240574677030005,3.413221340701,1,0,0,0
9270,63.2476528069337,14.93,5.324,0.287168740052399,3.9579712273409,0,0,0,1
9271,73.6126027850105,13.83,3.354,0.161029959596907,4.19709631639607,0,0,1,0
9272,69.356799521972,14.25,7.249,0.241335436158319,3.21337819642808,0,0,0,1
9273,62.1523820619857,33.45,37.894,0.245861049223558,3.66146704569346,0,0,0,1
9274,67.9981660307147,14.93,0.234,0.107224795419125,3.76166363654784,0,1,0,0
9275,61.2978943518914,13.38,9.225,0.234284583602807,3.1130696370143,0,0,0,1
9276,43.9334150047955,6.09,9.709,0.210114615639656,2.45847209115852,1,0,0,0
9277,62.730177309118,10.49,7.517,0.319995341205454,3.00526977064276,0,0,0,1
9278,70.0837034380564,9.57,17.509,0.20261211455474,3.88360500528861,0,0,1,0
9279,47.1328134699127,6.39,0.472,0.225454744399108,3.2117706946159,0,0,0,1
9280,59.1837187525182,29.73,45.666,0.12152787294359,3.37655987791003,0,1,0,0
9281,62.6926636549259,3.12,4.589,0.304000476112658,2.99270216442175,0,0,0,1
9282,51.4397500784163,29.33,42.953,0.230857062183709,3.19293321425292,1,0,0,0
9283,72.7823817738964,24.54,22.315,0.112925051636062,2.78908433256045,0,1,0,0
9284,64.4401599663365,27.8,17.256,0.229030221590037,4.18752399879733,1,0,0,0
9285,62.5269168160463,28.87,39.306,0.21444372295891,3.36879091423957,1,0,0,0
9286,42.855382804222,33.06,30.384,0.211405880126871,3.05376475921139,1,0,0,0
9287,65.0134254960657,45.71,30.836,0.214497283817794,3.51117888314609,1,0,0,0
9288,71.2240114398683,9.49,34.752,0.101913590510054,3.73779908093633,0,1,0,0
9289,48.168764802289,27.15,36.201,0.16232650322684,3.43751681982266,1,0,0,0
9290,70.9278065795052,10.94,16.448,0.0663234871765446,3.4611337445725,0,1,0,0
9291,68.8344341301407,14.0,18.622,0.246399684380859,3.83705753966011,0,0,0,1
9292,57.125240027687,27.83,37.969,0.174639833119818,3.39560570108224,1,0,0,0
9293,66.1726831596237,15.37,12.881,0.161336891567062,3.81990848751288,0,0,1,0
9294,55.2507499361322,8.54,8.283,0.367482419344912,3.14275193937765,0,0,0,1
9295,62.7634259696489,4.24,6.926,0.441406110196151,3.64381416066468,0,0,0,1
9296,67.949316612919,5.2,6.61,0.301639889538409,3.23464947505782,0,0,0,1
9297,67.4897099477355,28.46,28.11,0.0871412163466138,3.60871557203877,0,1,0,0
9298,65.6549861615461,19.28,2.184,0.0836167576527966,3.32802369779802,0,1,0,0
9299,68.8309290065682,5.61,22.105,0.12080338529553,3.91717088028508,0,1,0,0
9300,59.6490256204253,37.05,12.501,0.118871861493433,2.84276955962119,0,1,0,0
9301,56.4129465561049,5.0,8.473,0.288038181032261,3.62750487245862,0,0,0,1
9302,67.4819020389367,13.97,32.962,0.133927519122237,4.24508852280381,0,1,0,0
9303,72.1602561122324,6.07,18.407,0.190344260154233,4.65178108975899,0,0,1,0
9304,63.3464779990858,17.83,17.092,0.186594829038292,3.81975615357863,0,0,1,0
9305,54.9533974899448,9.11,0.447,0.223171535704272,3.69125367546382,0,0,1,0
9306,65.1436691387019,7.47,20.435,0.413892113312362,3.131082868298,0,0,0,1
9307,67.6807197014477,19.02,9.079,0.100837471603546,3.50004155481608,0,1,0,0
9308,44.2620228597581,5.45,0.495,0.302888825678616,3.26321179663149,0,0,0,1
9309,62.5338602799656,7.15,26.316,0.163518132683681,3.55013503319184,0,0,1,0
9310,58.6849308022956,5.28,3.407,0.340067246900858,3.7924086026485,0,0,0,1
9311,63.9841339005608,14.63,1.454,0.191204693340463,4.35650238223591,0,0,1,0
9312,62.4297828140911,31.71,21.235,0.0942363025732889,3.78206833763715,0,1,0,0
9313,57.1419961456447,28.25,41.507,0.0723308104071225,3.12901798355011,0,1,0,0
9314,61.3417100451627,13.01,30.971,0.370649444590752,3.44079538251951,0,0,0,1
9315,60.754226648659,25.3,41.152,0.157424316972295,3.42032449915766,1,0,0,0
9316,59.4240399171094,39.5,19.732,0.40668379798097,3.44747633415923,0,0,0,1
9317,65.578503759918,29.41,24.776,0.138651242257539,3.92853139995559,1,0,0,0
9318,67.0258116347933,13.57,19.097,0.236948442564864,3.34071135419841,0,0,1,0
9319,73.8032284726219,9.39,21.627,0.314735275605217,3.64060771175716,0,0,0,1
9320,67.336681112508,28.54,27.583,0.188470004120931,3.73923464587203,1,0,0,0
9321,54.6657549291679,9.71,7.395,0.170090311737372,3.67821363884671,0,0,1,0
9322,49.1555838331169,31.89,37.927,0.195430674604961,2.86345670578974,1,0,0,0
9323,63.7896640643312,24.17,42.026,0.292858527603744,3.39833461641658,1,0,0,0
9324,59.3838764741708,21.39,40.555,0.0793964389345772,3.78684806626322,0,1,0,0
9325,58.1957738576835,13.74,16.37,0.0931032382068422,2.69211854327508,0,1,0,0
9326,41.9818167531219,6.35,6.134,0.300450515465258,2.8342729149006,0,0,0,1
9327,59.2303501891512,4.37,5.442,0.325699983604787,3.30323982656062,0,0,0,1
9328,65.5333737267406,20.56,8.002,0.247538175802868,3.90141487010135,1,0,0,0
9329,66.480192162583,26.28,33.327,0.125393386930634,3.95254507068747,0,1,0,0
9330,44.0355706468037,32.08,28.733,0.162342333389223,2.89365072839939,0,0,1,0
9331,63.1662706989298,31.36,25.593,0.269674533351625,3.66188115705637,1,0,0,0
9332,58.7121806493587,5.1,3.668,0.213059431847689,3.42704063800773,0,0,0,1
9333,66.6210699827972,22.64,15.854,0.121327101347895,4.14141389967939,0,0,1,0
9334,68.2453022073676,13.16,34.602,0.108045393102999,3.72054757356145,0,1,0,0
9335,59.0134853194224,17.41,11.024,0.230693856857104,3.62011905381312,1,0,0,0
9336,60.7630796688036,29.38,40.222,0.111274904353373,3.63426185866424,0,1,0,0
9337,52.6402630007465,33.16,16.115,0.301578730921883,2.76931057278771,1,0,0,0
9338,62.3471467995301,40.62,20.363,0.107927621997109,3.9883013632438,0,1,0,0
9339,66.2382041240325,38.28,35.144,0.0988368475088418,3.37851765197907,0,1,0,0
9340,64.149680157116,4.87,6.419,0.355944096291513,3.86972622706423,0,0,0,1
9341,69.1157069235217,12.06,18.98,0.196690763136976,3.76237217048228,0,0,1,0
9342,59.6669373919597,29.71,39.318,0.0832202206136246,3.27397336546983,0,1,0,0
9343,46.3288528537415,4.47,0.018,0.153685288093198,3.23352225393343,0,0,0,1
9344,49.4913823651918,6.11,7.806,0.132862299536827,3.37095698585007,0,1,0,0
9345,63.5211671498386,34.34,22.316,0.0927765697080207,4.17812727929038,0,1,0,0
9346,64.5476843645642,12.34,10.568,0.0826253830948325,3.80465963117472,0,1,0,0
9347,53.4205678676686,31.65,38.698,0.16658375604451,3.45246552046353,0,0,1,0
9348,56.1645850422852,25.19,17.173,0.14940875369692,3.13830189703633,0,0,1,0
9349,68.5549556625389,19.13,23.632,0.125201259403462,3.55219595988605,1,0,0,0
9350,61.4699212630085,25.21,34.64,0.104907236575364,4.1231618824458,0,1,0,0
9351,70.9799009301113,7.99,29.512,0.206103661155869,3.90985916454287,0,0,1,0
9352,61.7164376914067,8.76,8.944,0.225100719982624,2.92681428140539,0,0,0,1
9353,69.1578547281372,5.94,33.826,0.342694480093549,3.65218059993467,0,0,0,1
9354,66.817860906234,7.26,15.504,0.095811043804987,3.5845062943932,0,1,0,0
9355,48.8244254207569,32.39,40.804,0.136113365841402,3.10370565240606,1,0,0,0
9356,55.4255130198137,14.68,2.32,0.204582049266964,3.02365207563991,1,0,0,0
9357,60.3284582422831,15.12,5.867,0.0784344742918318,3.62301816543343,0,1,0,0
9358,51.5747040387438,7.64,6.847,0.378656033625941,3.30735096622702,0,0,0,1
9359,65.4798793000956,31.95,36.194,0.111775380184674,3.82647862316974,0,1,0,0
9360,72.0607483202817,35.51,33.883,0.0798468453153578,3.79034844212416,0,1,0,0
9361,65.1375659520187,9.49,13.589,0.0951571961676807,3.06122229815516,0,1,0,0
9362,64.8416235669037,23.79,34.889,0.245935354158499,3.26803903553482,1,0,0,0
9363,65.7994525962672,12.94,28.453,0.190824668465784,3.35403704187324,1,0,0,0
9364,69.2756390394111,9.89,24.636,0.118991405788205,3.91300747029899,0,1,0,0
9365,63.9194203640109,32.47,28.09,0.305549156010685,4.04050425526228,0,0,0,1
9366,64.5472307742696,30.47,19.367,0.0945737187157813,3.44490675993629,0,1,0,0
9367,57.1438091601516,28.81,14.647,0.100838181486287,3.56360808716171,0,1,0,0
9368,60.3697380387272,15.89,4.307,0.169685199385404,3.39909543052586,0,0,1,0
9369,49.1507374490026,5.46,3.004,0.377131155447221,3.25517149110106,0,0,0,1
9370,60.3212887613555,6.78,1.444,0.337673801704796,3.46673752933343,0,0,0,1
9371,58.5670366845416,24.4,1.892,0.16669213676809,3.32491901115345,0,0,1,0
9372,49.5582114485213,10.05,8.623,0.269093623106602,2.75282839865837,0,0,0,1
9373,45.7042497392719,34.16,40.915,0.127971895150142,3.44460972123204,0,1,0,0
9374,49.3167036285501,30.64,28.369,0.154539646017337,2.9910311525083,1,0,0,0
9375,48.0627742773504,39.0,28.501,0.201826368920777,3.23488933086383,0,0,1,0
9376,48.9796852991784,27.01,34.658,0.0846781021342758,3.37655801873189,0,1,0,0
9377,66.3842190122269,36.24,39.247,0.183159276772848,3.10551338064228,1,0,0,0
9378,61.7206437711244,22.55,19.15,0.121954373710257,2.96032734304271,1,0,0,0
9379,53.1131406983498,23.33,14.459,0.203933242470928,3.71332552067866,0,0,1,0
9380,56.5825720281913,39.52,31.016,0.271653973194435,3.48295686796621,1,0,0,0
9381,60.7856978543525,9.35,5.606,0.288352051603185,4.06122987035987,0,0,0,1
9382,62.8156933529539,9.96,34.683,0.114082375772713,3.49266549821522,0,1,0,0
9383,59.7923804678669,31.14,22.733,0.092900024405079,3.8490309646359,0,1,0,0
9384,62.6860423348291,26.51,16.974,0.337986931113533,3.48148686316946,0,0,0,1
9385,64.185479965699,22.86,17.642,0.131671033769466,3.07870168853338,1,0,0,0
9386,45.8392705018124,6.67,2.109,0.247105357902068,2.84667532487115,0,0,0,1
9387,57.6662355243965,4.28,6.369,0.372778681821845,3.30082130898197,0,0,0,1
9388,60.6779525439079,12.84,7.694,0.216022743014952,3.17707351426934,1,0,0,0
9389,63.0152299583225,23.77,19.71,0.228668128241786,3.69256066772472,0,0,1,0
9390,66.4941491338293,27.86,34.591,0.100321015956694,4.48357523991686,0,1,0,0
9391,71.8753279342178,14.51,10.63,0.24998456284078,3.1855908694377,0,0,1,0
9392,46.9065569986485,28.9,25.077,0.0857817641688775,3.33944012942895,0,1,0,0
9393,67.0799588557835,14.45,23.004,0.126379298527667,3.70136045799375,0,1,0,0
9394,63.0990139854113,23.25,15.736,0.191007476633094,3.65605937437417,0,0,1,0
9395,72.4379600381145,28.38,31.225,0.211249055426714,3.9039492831779,1,0,0,0
9396,67.6664220720858,27.86,23.308,0.121474737074253,4.01471399641044,0,0,1,0
9397,64.3014600113406,32.38,18.918,0.22661743109261,3.58896172101058,1,0,0,0
9398,65.1365165980854,20.62,16.528,0.0931603297167816,3.90182080705333,0,1,0,0
9399,46.7712243526916,36.66,17.19,0.12289594692055,2.87740706908624,0,1,0,0
9400,48.9155650423188,22.81,21.77,0.2048430726318,3.00871580744325,1,0,0,0
9401,66.9803496585731,12.95,27.835,0.272503758482549,3.67285885440048,0,0,0,1
9402,47.8035176088639,23.97,24.35,0.102401245449326,2.90432207961505,0,1,0,0
9403,61.1883262532486,31.02,34.167,0.230982301442954,3.72292535862337,1,0,0,0
9404,55.5181640005129,23.95,30.958,0.0941604506982055,3.76066463666439,0,1,0,0
9405,46.5967172327952,19.1,44.946,0.0866327491950076,2.53222212461845,0,1,0,0
9406,65.9216949199367,5.48,2.253,0.416331847105957,3.3756637902823,0,0,0,1
9407,64.478661730622,36.41,17.96,0.200292743205915,3.67760931134996,1,0,0,0
9408,58.6947341023254,35.56,39.763,0.163068453606241,2.74655571915684,1,0,0,0
9409,70.0391380000674,8.82,13.867,0.37127092737457,3.56045023599174,0,0,0,1
9410,64.0949059831393,10.29,7.554,0.298944823417133,3.80207165206263,0,0,1,0
9411,63.2460323549325,7.66,34.625,0.107605846872674,3.48834924432563,0,1,0,0
9412,62.8537136481643,34.9,21.65,0.106900901450578,3.96155635203526,0,1,0,0
9413,60.6104801096497,15.15,5.643,0.186204290581723,3.66510065013676,1,0,0,0
9414,59.6397613378224,30.12,16.496,0.0997681684827387,3.7607232002416,0,1,0,0
9415,60.3371651692745,14.16,29.776,0.205648440807183,3.14399331403471,1,0,0,0
9416,51.4465332444337,38.77,14.969,0.399863410836595,2.71227513434177,0,0,0,1
9417,60.2387264703769,26.92,4.656,0.101679495253852,4.13518224739247,0,1,0,0
9418,48.3698298017573,27.9,27.962,0.244506113297411,2.92532713863734,1,0,0,0
9419,59.1442498672658,26.36,11.012,0.20362389146385,3.01598708796115,1,0,0,0
9420,47.5737560656565,12.58,8.809,0.211294851985738,2.45630151957135,0,0,0,1
9421,66.8754618008731,13.18,25.696,0.408591708463253,3.70031683186231,0,0,0,1
9422,50.3137611095931,13.3,4.992,0.33270091343127,3.34910079721419,0,0,0,1
9423,62.7591353015592,21.63,13.679,0.184915213536416,3.92904619892628,1,0,0,0
9424,67.0873441974054,11.09,33.465,0.0899384388926172,3.49533176843036,0,1,0,0
9425,46.2371998633572,5.04,6.375,0.109117908527562,3.0709190782453,0,1,0,0
9426,66.2444832064732,11.33,9.408,0.0716260846125257,3.50984357503955,0,1,0,0
9427,55.4365880015085,24.71,18.356,0.203333907405975,2.8991686830554,1,0,0,0
9428,64.4186107348128,27.54,0.951,0.202906838297162,3.39767739744782,0,0,1,0
9429,55.7324843529253,6.34,6.31,0.231449324169854,3.73931950506591,0,0,1,0
9430,55.4094276683059,30.07,29.09,0.112728216312109,2.6886013841848,0,1,0,0
9431,72.6478411473287,8.83,5.698,0.401896293132255,4.33838909835628,0,0,0,1
9432,64.1427713579893,8.55,6.543,0.304376661808719,3.47943977768046,0,0,0,1
9433,60.1539145411179,10.78,2.556,0.303108819176028,3.00780979659077,0,0,0,1
9434,65.8682259971209,26.67,25.023,0.0801673593621842,2.8477872956624,0,1,0,0
9435,66.8674394283503,25.18,35.806,0.0599602408333488,3.6232468467312,0,1,0,0
9436,55.8391279848667,28.13,32.216,0.232401803230999,3.37725290888345,1,0,0,0
9437,61.8279983656673,31.21,10.298,0.193222307118984,3.27661001019455,1,0,0,0
9438,70.3118031157427,30.54,13.88,0.216204164787564,3.57582483057508,1,0,0,0
9439,46.2472469481104,31.06,34.216,0.194411763026918,3.81558512469793,1,0,0,0
9440,57.2210921184927,31.82,14.815,0.116637793123469,2.58264320768589,0,1,0,0
9441,59.6838232997429,29.83,6.331,0.199824094599934,3.13976902788049,1,0,0,0
9442,49.2438096995714,7.57,6.984,0.360497417242477,3.08473077283751,0,0,0,1
9443,68.8953580286566,13.21,17.123,0.119757915556954,3.58330794641069,0,1,0,0
9444,58.0802335553225,27.05,4.19,0.0840174394297957,3.97539000530515,0,1,0,0
9445,62.3472686031496,6.53,9.477,0.301974789345229,3.4763069247238,1,0,0,0
9446,66.84713750368,5.07,2.492,0.425616647201385,3.760458481237,0,0,0,1
9447,51.5700443735019,14.41,6.321,0.123723848584098,3.50919025451152,0,1,0,0
9448,53.4043926555702,3.94,2.192,0.0852156225246668,3.44225497308494,0,1,0,0
9449,45.2423350070687,26.46,22.472,0.227589153446911,3.20759468807419,1,0,0,0
9450,68.5508829074057,5.64,11.708,0.262846291469731,4.00412631381171,0,0,0,1
9451,68.7179768910661,6.95,14.942,0.106826234404669,3.68864203205204,0,1,0,0
9452,46.0889182129066,33.46,24.182,0.239361843101043,2.76387682957207,0,0,0,1
9453,63.7659916618575,5.63,22.267,0.405147430901657,3.59657498047613,0,0,0,1
9454,43.4098588448614,8.56,3.605,0.451637359343212,2.72273376388466,0,0,0,1
9455,64.5067998791053,9.08,19.72,0.165435762610686,3.9121432609589,0,0,0,1
9456,52.5364708053239,23.37,26.962,0.237287109127362,2.72226678081925,1,0,0,0
9457,55.9172447974321,30.1,27.027,0.263346695057596,3.35385582593197,0,0,1,0
9458,41.4485841316385,5.32,1.788,0.239381783655724,2.99856871051311,0,0,0,1
9459,46.302636450807,25.29,35.544,0.272650686528045,3.4285519178164,0,0,0,1
9460,64.4897845698129,23.67,17.599,0.113260200811333,3.76826870503978,0,1,0,0
9461,62.7299294133049,10.78,12.67,0.290791433078516,3.89066062841892,0,0,0,1
9462,61.0867749872171,36.34,25.465,0.110411067218509,3.5990686570249,0,1,0,0
9463,58.0848781939753,11.42,5.147,0.303753885643658,3.24790502071619,0,0,0,1
9464,61.5260351469675,12.14,28.481,0.312080210993088,2.61790254612964,0,0,0,1
9465,65.2378248283464,17.53,14.07,0.128154499705413,3.99136730417854,0,0,1,0
9466,46.3391721093129,4.27,6.155,0.284908235788463,3.49102559009765,0,0,0,1
9467,60.1400894012866,4.21,6.941,0.287151968858821,3.27413475356853,0,0,0,1
9468,65.8680522464914,21.19,13.585,0.249967931919101,4.01963837750845,1,0,0,0
9469,63.9513186931343,21.14,1.101,0.127435671009004,3.36841328529258,0,0,1,0
9470,46.4873419400191,26.98,32.056,0.222961332162339,3.64662095513293,1,0,0,0
9471,53.4365806006331,28.02,15.27,0.0779448258199305,3.95044572915214,0,1,0,0
9472,56.6183108949948,16.71,4.549,0.232041276306179,3.65492980746913,0,0,0,1
9473,66.3521574062448,35.02,2.669,0.305923140800625,3.89090353607393,0,0,0,1
9474,75.0502186621304,6.84,23.015,0.102565159193101,3.97289710919017,0,1,0,0
9475,64.3213679699557,12.35,34.341,0.349597466505022,3.33792636390213,0,0,0,1
9476,68.4078253465664,27.21,29.737,0.0845045715959453,2.45151736051586,0,1,0,0
9477,66.6661026309981,20.5,13.572,0.0838764550821097,4.16439907007143,0,1,0,0
9478,55.2370680118284,4.5,1.214,0.29191786895371,3.75932092872049,0,0,0,1
9479,56.6589666820498,6.41,7.297,0.360114925920263,2.75361559607675,0,0,0,1
9480,61.3396391676838,19.45,0.609,0.250491107865635,3.59870773881038,1,0,0,0
9481,67.2217697195054,14.12,8.01,0.215913094143737,2.555739130167,0,0,1,0
9482,58.5170373209887,4.39,0.372,0.313785194173895,3.26688017269401,0,0,0,1
9483,61.4726289703218,11.37,4.258,0.289346948392502,3.44790840367323,0,0,0,1
9484,47.7170204146782,34.78,27.33,0.206252394936233,2.63742421187512,1,0,0,0
9485,63.1693845170118,35.35,40.737,0.287491906316624,3.35245470240717,1,0,0,0
9486,69.4507464641551,16.1,3.842,0.109839793094812,3.44035908001621,0,1,0,0
9487,49.6258425831667,36.76,31.976,0.156535476264201,3.17591107825551,1,0,0,0
9488,70.0128009303884,33.02,18.949,0.191518740833608,3.669256292979,1,0,0,0
9489,45.7115594527234,8.21,0.88,0.301098765163019,3.42557920431589,0,0,0,1
9490,62.8547947492629,22.93,14.098,0.187137488262253,3.60132912823007,0,0,1,0
9491,49.0381204664416,9.79,5.244,0.283490417071708,4.23102308524983,0,0,0,1
9492,50.2199039899612,32.49,41.551,0.040971477865237,3.11412922333384,0,1,0,0
9493,47.1228636343138,25.89,33.177,0.404876457361221,3.06259210398525,0,0,0,1
9494,43.4024752623469,35.72,50.416,0.113233984257999,3.41899572432818,0,1,0,0
9495,59.259413124161,21.34,23.409,0.226502315377756,3.29649601839503,1,0,0,0
9496,66.1769275834194,20.75,24.631,0.137450711871575,3.61964167161087,1,0,0,0
9497,62.5928681526299,8.77,19.763,0.235656387110721,3.35178180234069,0,0,1,0
9498,66.5468029452895,7.57,24.388,0.109450060646856,3.70902573151613,0,1,0,0
9499,50.6073305803459,8.76,1.483,0.25753899547594,3.02961045876007,0,0,0,1
9500,68.1353182461834,24.54,15.058,0.233737937138329,3.84389399816394,1,0,0,0
9501,62.8149707943322,26.2,33.123,0.175826395567531,4.03411166894964,1,0,0,0
9502,52.5189530677889,19.59,19.976,0.215949283307456,3.31687882048412,0,0,1,0
9503,65.0187397092895,31.86,31.698,0.0792703767589522,4.29995580846964,0,1,0,0
9504,60.1656658364409,19.66,0.457,0.178847722242006,2.94015351489933,1,0,0,0
9505,38.3787630401996,5.12,9.87,0.319845985231821,2.66766626962758,0,0,0,1
9506,69.2300075763527,13.75,22.177,0.119126645550352,4.08953503609681,0,1,0,0
9507,53.2692509152058,9.66,8.151,0.322867810267612,3.34258021919646,0,0,0,1
9508,65.6720323325963,19.44,27.451,0.204600345547113,3.63149996153373,1,0,0,0
9509,60.9555123093715,22.25,24.123,0.116707540108539,3.11545608384519,0,1,0,0
9510,63.1693094686998,30.62,31.418,0.115613649370247,3.3689039651747,0,1,0,0
9511,67.4440455194578,10.1,16.376,0.103067295780457,3.81289706514561,0,1,0,0
9512,60.2492558147894,28.76,14.759,0.215423876073244,3.17213263855148,0,0,1,0
9513,69.3485204534812,11.99,5.148,0.221841089076056,3.22566044249894,0,0,1,0
9514,55.2869887423177,9.16,1.426,0.262590186946058,3.42361267642262,0,0,0,1
9515,67.8366344076511,9.69,29.144,0.0781713706534944,3.32859604074589,0,1,0,0
9516,60.2087190389493,17.44,9.381,0.181396811790576,3.9405512836722,1,0,0,0
9517,67.2950072382285,5.16,11.31,0.0828235925892532,3.94189061083793,0,1,0,0
9518,59.4359353629158,23.72,21.411,0.301805713582854,3.18070618989867,0,0,0,1
9519,61.6397028497802,4.83,0.047,0.145039938795347,3.37387179025624,0,0,1,0
9520,63.7657020592165,22.82,10.941,0.146492156690345,3.79487320087596,1,0,0,0
9521,59.0534417484783,22.56,3.157,0.235518822802422,3.92073873555103,0,0,1,0
9522,68.6279420500191,36.44,37.017,0.179311302341201,3.68573711207372,1,0,0,0
9523,59.4374841875998,18.87,1.267,0.238484014043959,3.25076980609018,1,0,0,0
9524,61.1531379013539,19.36,7.074,0.18026543372069,3.36510692778767,0,0,1,0
9525,62.4787454397201,37.95,8.051,0.261914953161239,3.42712479163725,1,0,0,0
9526,63.4212312500287,26.41,17.274,0.152236585358834,3.23210907226885,1,0,0,0
9527,74.7793284409835,10.98,22.81,0.0958959304398573,3.93252182927879,0,1,0,0
9528,64.02633642866,10.05,27.267,0.077182575639981,3.63086748624633,0,1,0,0
9529,69.1204317882747,23.39,4.763,0.0900792934063241,3.78003997125722,0,1,0,0
9530,59.2393179956817,22.53,7.16,0.240828499569347,3.6211779859138,0,0,1,0
9531,41.1273958174594,38.37,29.657,0.198331827513843,2.94887402373596,0,0,1,0
9532,68.1710456355505,14.35,31.728,0.211291844690591,4.07538517130832,0,0,0,1
9533,59.6223971170482,30.4,21.737,0.295617548830761,2.9203683764435,0,0,0,1
9534,51.9926628093054,27.92,26.361,0.105463565482876,3.61124712189677,0,1,0,0
9535,57.2168383062315,17.3,0.813,0.2406245857069,3.67592201594706,1,0,0,0
9536,58.0011349351818,4.81,8.381,0.444460306965649,3.47916473933528,0,0,0,1
9537,61.3638264655225,27.41,25.225,0.120258606748222,3.12263822912018,0,1,0,0
9538,54.4594555702066,4.58,0.457,0.284846505731071,3.27872095400082,0,0,0,1
9539,52.1598603844647,6.99,0.217,0.29577941829443,3.16605407851143,0,0,0,1
9540,64.2286040051929,20.37,2.355,0.144917657119206,3.3784585455446,1,0,0,0
9541,44.8450488537864,33.22,36.13,0.214845623405415,2.56179854230852,1,0,0,0
9542,72.2258671304682,16.59,22.105,0.1237903588504,4.10843658994117,0,1,0,0
9543,48.9493706384183,11.64,8.705,0.248844233296509,2.64880403016408,0,0,0,1
9544,64.9489476565866,21.14,32.652,0.186054571203485,4.35925418125176,1,0,0,0
9545,65.420793816745,25.32,1.087,0.282175289022235,3.32786535304728,0,0,1,0
9546,59.2922604511305,22.71,3.796,0.223725182544528,2.95640716283767,0,0,1,0
9547,65.2126147708932,12.13,29.858,0.149398865288832,3.57678838171507,0,0,1,0
9548,47.7162840046235,27.83,18.62,0.0847203311739876,2.80590692464149,0,1,0,0
9549,72.9698927091912,7.52,34.186,0.366760400717027,3.97536359488018,0,0,0,1
9550,59.7887551494279,18.76,0.599,0.0635058378026289,3.29940241104406,0,1,0,0
9551,62.0676617435694,28.96,10.015,0.259482747586103,3.60192286517252,0,0,0,1
9552,46.7223513884355,3.85,8.441,0.29531185502526,3.10346264727944,0,0,0,1
9553,67.5463603330001,37.48,14.806,0.44190504543846,3.58945215056673,0,0,0,1
9554,45.1151464910338,5.85,6.119,0.138326283911654,3.22019343157691,0,1,0,0
9555,48.3805550227882,24.34,36.819,0.145115718654627,2.65846339317511,0,1,0,0
9556,68.0850551821725,13.78,15.06,0.368363530079294,3.62127945629212,0,0,0,1
9557,74.0065836720145,10.44,8.841,0.243024754063803,4.20171191907888,0,0,0,1
9558,62.6243764723606,8.87,2.988,0.329054656601313,4.06302531251488,0,0,0,1
9559,68.8876812058995,6.75,25.481,0.106701957563234,3.98244005880721,0,1,0,0
9560,64.4220632022222,35.13,26.305,0.156885465979707,3.74655869665476,0,0,1,0
9561,47.4024275859372,29.9,26.123,0.127984798886556,2.48036854622128,0,0,1,0
9562,68.0447312581079,28.87,17.947,0.121254532488035,3.66206736199968,0,1,0,0
9563,57.9824655231279,29.99,19.001,0.43711142249374,3.50262261143564,0,0,0,1
9564,57.9993802403413,5.31,0.721,0.224844113778099,3.59491585172955,0,0,0,1
9565,45.5212520294395,26.08,20.306,0.132055398564333,2.40101672931684,0,1,0,0
9566,66.6888285817685,29.17,54.713,0.211016516163445,3.44727549794912,1,0,0,0
9567,64.9088107666003,7.14,24.975,0.0852228511907339,4.31108588204369,0,1,0,0
9568,69.5073781027862,11.67,25.463,0.129286392699146,3.48735398514386,0,1,0,0
9569,44.8864497371863,6.99,1.61,0.255910923227,2.39224883796875,0,0,0,1
9570,65.5162548116387,9.91,28.406,0.0937078108124789,3.27010838962747,0,1,0,0
9571,57.1000951209998,17.08,0.635,0.170359025271597,3.19788188435961,1,0,0,0
9572,66.6575349162362,34.01,37.32,0.169496673503747,4.21057911970818,1,0,0,0
9573,46.536867712582,30.13,23.905,0.093155272298994,2.9391542884963,1,0,0,0
9574,57.7792463069973,22.16,9.071,0.101109425411159,3.43350953391318,0,1,0,0
9575,72.3073924611401,13.05,11.479,0.147093146934221,4.70718887313202,0,1,0,0
9576,54.4007133606788,30.69,26.844,0.116526605811469,3.30029846866203,0,1,0,0
9577,56.7132397874791,25.69,16.424,0.192647539832915,3.47197694193492,1,0,0,0
9578,66.5242381184023,16.42,18.835,0.312152605026076,3.76548079042195,0,0,0,1
9579,59.5166812347239,22.42,19.567,0.188488723599684,3.26259095365116,1,0,0,0
9580,59.0970000105963,8.22,6.004,0.292528400056037,3.54416095824751,0,0,0,1
9581,71.2070076048809,10.38,30.956,0.291191687113613,3.99194513338744,0,0,0,1
9582,70.127459578466,24.48,24.222,0.344625249696281,3.51422417857627,0,0,0,1
9583,59.2986053697719,12.19,9.359,0.145646161081092,3.3054515943421,0,0,1,0
9584,54.9839933993457,31.05,22.39,0.168270112373775,3.65179085243795,1,0,0,0
9585,69.5882294019812,6.97,31.621,0.350155967532334,3.33575416133748,0,0,0,1
9586,55.1733657616407,21.34,9.084,0.0949129080611489,3.35818336513185,0,1,0,0
9587,42.9883466875573,28.96,29.924,0.191245834616533,2.38681411125255,0,0,1,0
9588,49.8287840418505,15.64,9.985,0.168754849909443,3.18307220974399,1,0,0,0
9589,57.3285434239778,20.73,19.26,0.182199661911813,3.34038395233407,1,0,0,0
9590,59.0145793055813,33.92,37.227,0.296483752828069,3.08042513814085,0,0,0,1
9591,64.6184604724046,18.81,8.96,0.225553678067212,3.27253707720893,1,0,0,0
9592,66.0822256950674,24.12,38.289,0.191938956265772,3.87257558323656,1,0,0,0
9593,66.9843445332703,11.01,12.886,0.0888773341138961,3.6705386987556,0,1,0,0
9594,66.7659904657602,24.21,22.632,0.211076845442302,3.61814388479967,1,0,0,0
9595,64.7753895613252,38.8,34.008,0.280645918776109,3.24454188557836,0,0,0,1
9596,49.5963267371244,35.16,24.289,0.308100604809933,3.28937379207777,1,0,0,0
9597,68.3682813675273,24.43,5.665,0.246305067071271,2.6037852441983,1,0,0,0
9598,64.5302767885429,15.58,14.799,0.131285103190522,3.44622877195342,0,1,0,0
9599,48.9435580807361,5.46,4.195,0.1652365551843,3.35149293791509,0,0,0,1
9600,64.0454397224687,33.94,15.167,0.097169961088668,2.99073762291433,1,0,0,0
9601,70.7835539665551,38.82,30.583,0.2220528427563,3.58899818681301,0,0,1,0
9602,72.4359903756505,14.03,10.018,0.211443218540984,3.94215611045082,0,0,1,0
9603,59.4948321826464,20.96,14.343,0.110042976328072,3.94991531206232,0,1,0,0
9604,56.3896120653082,37.19,46.834,0.104088640958403,3.30947771756829,0,1,0,0
9605,57.2778418247836,21.64,3.253,0.046444316917364,3.57607939539607,0,1,0,0
9606,64.648292453902,8.98,8.107,0.0955663745464137,3.39946059869677,0,1,0,0
9607,65.617471097011,23.65,7.469,0.102173892756952,3.1516845480831,0,1,0,0
9608,62.9952869057393,30.15,20.039,0.234833958378294,3.18323452751314,1,0,0,0
9609,66.1774624497349,12.17,14.549,0.205785393090169,3.36278817537137,1,0,0,0
9610,66.4028506312811,38.02,15.323,0.350452340239389,3.45970963859032,0,0,0,1
9611,60.0070737160377,4.52,0.814,0.256818141501293,3.28985014583461,0,0,0,1
9612,46.2225425107137,4.28,1.857,0.331775717690886,3.55940194917591,0,0,0,1
9613,56.6138719040155,37.63,24.169,0.211496459782089,3.11681328507795,1,0,0,0
9614,68.6248968764297,6.45,17.284,0.342151518472403,4.10670555319811,0,0,0,1
9615,71.5549686798331,14.05,9.832,0.270632691274763,3.81627127956751,0,0,0,1
9616,60.4299648740989,22.44,13.645,0.206647257762795,3.49107871450827,0,0,1,0
9617,63.2208950678039,33.11,26.724,0.250087230748531,3.96054430988589,1,0,0,0
9618,63.7554917090515,12.76,11.875,0.337599099328009,4.0978925726389,0,0,0,1
9619,64.3629637788898,17.53,15.655,0.176288544326032,3.36109116860348,1,0,0,0
9620,65.451124015176,36.17,28.217,0.0936606871462878,3.72312256521011,0,1,0,0
9621,69.0346116869369,9.08,29.19,0.111233489688482,3.62943388780959,0,1,0,0
9622,48.7437979837927,21.96,25.872,0.198102603495644,2.80677253204412,1,0,0,0
9623,63.8577962655242,33.41,22.24,0.080680111795526,3.24806141771838,0,1,0,0
9624,59.9639971571535,32.21,18.752,0.332706180837222,2.86158013889213,0,0,0,1
9625,70.2659604696177,9.56,2.988,0.0778061915131706,3.50097444595379,0,1,0,0
9626,49.5497406199865,6.66,6.794,0.315150003901471,2.73277744289756,0,0,0,1
9627,44.529267864843,28.19,32.739,0.0817869746049001,2.96063159983474,0,1,0,0
9628,67.6324574515945,31.12,0.051,0.180117752198819,2.8949202305262,1,0,0,0
9629,67.8903527902633,22.58,24.793,0.104689580982281,3.61897006190561,0,1,0,0
9630,58.9398493396527,5.71,4.95,0.294510354800287,3.58910374526971,0,0,0,1
9631,69.0551604861112,6.87,20.422,0.118385902612136,3.89754799632535,0,0,1,0
9632,65.6371996501122,23.37,9.976,0.21028342119268,4.6106654892906,0,0,1,0
9633,46.5665760241181,30.24,46.215,0.365511374507949,3.4325410929272,0,0,0,1
9634,67.4559598302735,28.49,8.786,0.0841427636227366,3.36156221983582,0,1,0,0
9635,65.8193952256975,25.28,20.117,0.112525495764323,3.26490259295176,0,1,0,0
9636,51.7054313544446,8.94,2.337,0.30513245982583,3.20273468007176,0,0,0,1
9637,63.5317087942205,37.1,22.339,0.0870925746857734,3.57942948011581,0,1,0,0
9638,60.4105603291902,25.53,26.547,0.160755382241022,3.75611085728543,1,0,0,0
9639,66.2380240884787,7.86,12.081,0.207580468498315,3.64932652775301,0,0,0,1
9640,66.6045012323617,9.86,17.773,0.101940313687123,4.28073148250338,0,1,0,0
9641,50.182575876697,17.17,2.735,0.182233945691687,2.67563903570351,0,0,0,1
9642,48.615481355252,28.35,19.429,0.193797696929727,3.38674941417668,1,0,0,0
9643,45.5276311293209,38.63,51.214,0.287015661635417,2.97862061527472,1,0,0,0
9644,70.145224522733,11.53,8.193,0.270849867764725,3.20033912383795,0,0,0,1
9645,44.5767690296519,31.51,36.905,0.0885148269661022,2.58184556698971,0,1,0,0
9646,71.0807464365097,14.28,25.751,0.415163416518932,3.61576711009977,0,0,0,1
9647,43.7635701937338,24.61,22.561,0.115497528124793,2.7595934424874,0,1,0,0
9648,56.0664698807674,5.18,3.778,0.273621394122997,2.94786471527685,0,0,0,1
9649,56.3371651725646,4.34,3.175,0.344858887255812,2.86945787435162,0,0,0,1
9650,61.7042138034636,30.3,24.582,0.119822448365854,3.31174864284252,1,0,0,0
9651,62.2194387996783,29.13,36.486,0.226022833735509,3.68872953816497,1,0,0,0
9652,47.1022175953766,31.85,21.816,0.200258689467268,3.15212709744353,1,0,0,0
9653,65.1891042895547,4.73,7.413,0.223085834627261,3.46548754141712,1,0,0,0
9654,63.9882518893911,29.71,27.527,0.220392411449905,3.68631818654061,0,0,0,1
9655,62.9250718529415,5.98,5.41,0.310863694256899,3.38800203629106,0,0,0,1
9656,60.8774768855222,19.34,12.189,0.155801643967942,4.06075752143858,1,0,0,0
9657,54.2544704257529,38.27,20.207,0.209281783971814,3.43175522875298,1,0,0,0
9658,68.8913381073385,23.58,28.537,0.281685978561987,3.95917965360475,0,0,0,1
9659,66.0496348373128,29.12,6.105,0.202056139381411,3.4477420803338,1,0,0,0
9660,63.9496632944947,28.94,38.403,0.32306799402341,3.56890046637479,0,0,0,1
9661,58.9147171406888,40.58,26.1,0.232987369469293,3.67275711584999,1,0,0,0
9662,67.3397548141303,6.72,26.339,0.24466468449735,4.10654107130089,0,0,1,0
9663,56.8505298800496,24.98,30.297,0.0971376255422398,3.66264892013678,0,1,0,0
9664,70.2378725960525,10.78,27.844,0.0883442316401301,3.13589105229367,0,1,0,0
9665,65.2341956152652,19.9,19.453,0.275955545466254,3.76973433781302,1,0,0,0
9666,47.9140563122317,34.36,32.054,0.197801898835894,2.97690829339372,1,0,0,0
9667,47.6792782384964,22.64,41.378,0.209912303576957,3.05899906299588,0,0,1,0
9668,58.4107753554041,10.85,16.691,0.176056810208549,3.4428747763668,1,0,0,0
9669,70.2479182571309,22.44,2.116,0.10032365010417,4.14059785625088,0,1,0,0
9670,46.2130271586751,22.93,33.404,0.174524363106226,3.57401377649819,1,0,0,0
9671,55.171386653505,13.28,4.025,0.107023242054253,3.21768051218245,0,1,0,0
9672,62.7129719132012,32.07,21.579,0.247360980060042,3.90609770124821,1,0,0,0
9673,41.6330457398277,25.74,29.324,0.255989301548399,3.47228835507388,1,0,0,0
9674,69.3874343357197,9.47,18.761,0.322868552796204,3.66532953948605,0,0,0,1
9675,72.1442082956147,13.56,17.04,0.0895813971503585,4.03885350036226,0,1,0,0
9676,64.0321031610521,37.83,17.822,0.145421466238531,3.40926501126774,1,0,0,0
9677,68.3918988916595,7.88,19.224,0.198467802699443,3.76684199682415,0,0,1,0
9678,65.4777183155151,24.99,18.855,0.227010676480781,3.43512297257302,1,0,0,0
9679,64.3020665162743,15.15,7.02,0.143953829676841,3.37817132676946,1,0,0,0
9680,60.8706441879812,20.51,6.015,0.239938462126325,3.56170238134858,1,0,0,0
9681,69.1597892679637,21.88,2.18,0.195174548193862,3.70105948579641,1,0,0,0
9682,64.0836454856378,16.0,5.246,0.119145889156776,3.65043577717389,0,1,0,0
9683,61.4420922884731,27.42,23.08,0.103452685311993,3.38677705022252,0,1,0,0
9684,42.041388667844,36.54,27.34,0.13316890748849,3.34923639659923,0,0,1,0
9685,66.8350911391094,5.68,18.072,0.104256837005154,3.10536132350076,0,1,0,0
9686,66.9051504863169,14.41,0.177,0.256249468344391,3.25577597537356,0,0,0,1
9687,68.6941543941168,11.09,14.37,0.240731921588236,3.76149406797478,0,0,1,0
9688,68.6778912345305,32.66,29.802,0.318881630920207,4.25758501049882,0,0,0,1
9689,65.7399692005802,15.73,19.122,0.106249003102001,3.28335906338264,0,1,0,0
9690,49.6623062648361,31.8,53.373,0.179380016565115,3.0617197160159,1,0,0,0
9691,62.2907805202872,28.44,36.906,0.290917196117337,3.38598733656378,0,0,0,1
9692,60.8921785657848,24.92,3.127,0.134510773157187,3.75022214224389,0,1,0,0
9693,67.6636236283063,34.47,20.977,0.301623029013245,4.09474743336907,0,0,0,1
9694,62.4247780523463,18.6,2.938,0.211800023398637,3.8445798537204,0,0,1,0
9695,54.6706921264693,3.88,1.844,0.233734950443477,3.43476594530415,0,0,0,1
9696,62.7089980884385,7.9,15.762,0.225466340820405,4.09987053355353,0,0,1,0
9697,65.2447069928401,7.86,14.226,0.121826208903662,3.47097170018186,0,1,0,0
9698,52.5202392195727,32.02,29.033,0.186582074220836,2.95743317339472,1,0,0,0
9699,64.1019996978018,5.07,4.663,0.282134789717986,4.11701246753968,0,0,0,1
9700,67.7188189297342,29.55,25.673,0.123126991125937,3.69958778027674,1,0,0,0
9701,60.4120326933668,30.79,27.252,0.0791672572435341,3.60222496251208,0,1,0,0
9702,66.2342450634563,26.2,32.051,0.211233518375848,3.3977200518,0,0,1,0
9703,42.4817405658535,26.99,32.407,0.256099682884651,3.07429255591554,1,0,0,0
9704,49.5209310360742,39.3,35.784,0.20039992118312,2.7192803766668,1,0,0,0
9705,67.2238089641553,9.84,33.619,0.0795950274147733,3.12185431224056,0,1,0,0
9706,68.5071999720419,7.15,28.739,0.371468505693468,4.10908252647893,0,0,0,1
9707,67.6616466229397,9.37,18.711,0.0874997878443848,3.5292445852539,0,1,0,0
9708,75.0386378684585,9.05,18.112,0.212679976750028,3.59995276311448,0,0,1,0
9709,65.1749283861514,33.27,7.222,0.0734600145863662,3.26283681738314,0,1,0,0
9710,65.6324522956234,28.88,36.663,0.15433556661637,3.7645465165366,0,1,0,0
9711,61.1842889231662,10.73,1.542,0.194320531270404,3.21453796516113,0,0,0,1
9712,70.3820641579539,23.61,33.306,0.211896814056819,3.9412347125685,1,0,0,0
9713,49.320011673382,9.09,7.065,0.259119244838772,2.83894772411984,0,0,0,1
9714,57.7017649915477,27.13,22.169,0.206125927888793,3.60344512070658,0,0,1,0
9715,59.2734078858297,19.99,15.431,0.185309555760359,3.01920581027208,1,0,0,0
9716,64.7238386872329,21.9,29.958,0.12020156276228,3.37476144717233,0,1,0,0
9717,63.9180196405996,27.32,1.339,0.120103401796083,3.69895679231168,1,0,0,0
9718,63.4305657103728,12.56,13.666,0.11696949421333,3.64827280624774,1,0,0,0
9719,59.1539664740565,29.86,24.972,0.15838423860488,3.36782509020526,1,0,0,0
9720,45.1943385052532,3.89,1.864,0.183755625453158,3.1489452573355,0,0,0,1
9721,53.9865146486862,27.49,2.887,0.157716795562998,3.54978963028588,1,0,0,0
9722,69.5079889691741,14.3,10.265,0.287568031961152,3.11410387772418,0,0,0,1
9723,58.4082921418047,16.65,20.785,0.126158823947439,2.85515875989153,0,1,0,0
9724,47.1462326769687,30.3,28.218,0.207415901182939,2.64373359908395,1,0,0,0
9725,63.7212727868779,15.83,0.905,0.352096618755241,3.60239567961469,0,0,0,1
9726,57.1660095358003,27.95,30.028,0.20063914751762,3.89093532940923,1,0,0,0
9727,41.7899939345615,33.14,42.835,0.237967585488426,2.85805634222033,1,0,0,0
9728,56.1161842776529,36.13,21.961,0.0966915595525125,3.01837436883679,0,1,0,0
9729,65.0621191800521,16.03,6.8,0.122496675368869,3.59483309568689,0,1,0,0
9730,54.3294031632726,11.27,24.838,0.252393733664404,3.42768441648248,0,0,1,0
9731,58.3187161315917,16.65,3.748,0.109000681341029,3.75305668701156,0,1,0,0
9732,61.5236296345667,31.53,32.334,0.282968666934281,3.13058961724108,0,0,0,1
9733,72.0122732505403,28.99,34.619,0.20779310684849,3.78380387497418,1,0,0,0
9734,61.8654676296531,32.56,28.87,0.0936474977034452,3.72481736783969,0,1,0,0
9735,67.4474273299294,25.77,13.86,0.265448519800814,4.03600115393231,0,0,0,1
9736,68.0008334148605,3.97,2.543,0.255740395250903,4.23463738152196,0,0,0,1
9737,62.4807821210598,30.46,26.937,0.183141530895321,3.42011117450583,1,0,0,0
9738,66.0729433674761,8.38,10.191,0.160801726919268,3.60641483566699,0,0,1,0
9739,62.2256056235533,25.07,30.573,0.222469747741595,3.11768946895154,0,0,1,0
9740,42.0222027386595,26.32,30.324,0.0941614664435705,3.02595370179199,0,1,0,0
9741,61.2283865935635,39.03,8.504,0.0948145167748843,3.40914454377428,0,1,0,0
9742,69.5730208462591,14.02,19.121,0.0886705787189973,3.29374076023772,0,1,0,0
9743,60.9659892667184,18.45,17.876,0.193584443496669,3.67116577925611,1,0,0,0
9744,67.4126127883596,14.36,10.864,0.193311029218387,3.64367749619426,0,0,1,0
9745,48.2006092313338,27.38,31.941,0.0954415713103106,2.64478910274516,0,1,0,0
9746,68.4080204524849,14.92,17.121,0.336026951938435,3.74489893939551,0,0,0,1
9747,68.6624399063385,13.71,10.411,0.363157683037222,3.36778595830591,0,0,0,1
9748,48.0964301215953,31.07,20.608,0.212949038786158,2.81784161041258,1,0,0,0
9749,61.31367601581,27.18,34.281,0.189709593453529,3.37628270219944,1,0,0,0
9750,60.1937736935769,21.35,4.949,0.229660676895182,3.7462664582329,1,0,0,0
9751,54.6673614212365,8.14,11.521,0.299850340698301,2.91542838335798,0,0,0,1
9752,65.2596809836769,34.64,27.075,0.11501041483553,3.35471420288203,0,1,0,0
9753,64.357710136328,17.95,16.728,0.247262925490479,3.23045003342671,0,0,1,0
9754,64.9062038669691,5.9,32.943,0.182038708573471,3.52283806274936,0,0,1,0
9755,63.3908067912958,12.94,16.97,0.0715037696300872,3.5116990339249,0,1,0,0
9756,61.6390844758641,26.28,26.785,0.144380582476016,3.28579101422969,1,0,0,0
9757,68.3285140542261,13.09,20.305,0.373533606006759,3.2236155154531,0,0,0,1
9758,45.0040980244848,26.46,22.479,0.0554372372065164,2.77653571143673,0,1,0,0
9759,63.2442831063329,29.36,31.421,0.295900408917592,3.54587537272323,1,0,0,0
9760,60.7002247602666,5.07,7.988,0.385466222673521,3.04897618010785,0,0,0,1
9761,45.6090396247733,22.98,26.707,0.263504443668848,3.35748667087978,1,0,0,0
9762,58.1350750346419,16.97,2.175,0.255212159073859,3.14394492901468,0,0,1,0
9763,64.6353499750798,11.63,12.521,0.0902346306434333,3.67474444000034,0,1,0,0
9764,60.0423625927035,24.79,23.245,0.146474573343411,3.38973626053995,1,0,0,0
9765,66.4041022978264,20.23,33.642,0.188849823671704,4.18929745863175,1,0,0,0
9766,54.5564063028786,41.1,39.986,0.190192415490919,3.53978309638718,1,0,0,0
9767,69.8511285814479,32.9,10.987,0.121334252756561,3.78208317183339,0,1,0,0
9768,72.2491713121193,11.46,11.946,0.0810412932513813,4.4165632451492,0,1,0,0
9769,72.2042729848859,25.53,18.884,0.295286177730061,3.24735995773423,0,0,0,1
9770,60.3867937908561,23.36,29.023,0.187504932442573,3.5901107523224,1,0,0,0
9771,68.9691803569703,15.79,19.471,0.11869609609239,3.68010007100811,1,0,0,0
9772,61.4810617577343,30.3,33.359,0.211222664248276,4.05618570267395,1,0,0,0
9773,60.2647896310952,19.72,18.769,0.178541314168901,3.29954290682157,0,0,1,0
9774,63.9604005818896,32.63,28.168,0.0895339487377784,3.47160477605526,1,0,0,0
9775,63.8342532627995,24.05,24.148,0.109308342935777,2.92611274183444,0,1,0,0
9776,53.8023005039341,32.83,22.278,0.110037015747151,3.20608123045968,0,1,0,0
9777,60.0909376196124,15.73,0.265,0.169433351621014,3.54338716033908,1,0,0,0
9778,67.5236109143962,33.49,23.791,0.0967191330268336,3.63761788278653,0,1,0,0
9779,68.2417981733113,7.89,22.209,0.27602363376336,3.2001487233075,0,0,0,1
9780,61.2578868437633,34.1,23.392,0.186445610000882,3.36168993678779,1,0,0,0
9781,45.8342102482872,36.21,30.461,0.12236343943,2.35565996195406,0,1,0,0
9782,61.2638023490722,26.97,27.124,0.233870544633493,3.61834452662126,0,0,1,0
9783,61.5013905390828,21.23,14.008,0.219832535251112,3.19612321614282,1,0,0,0
9784,59.9409846012173,5.03,7.501,0.211772328575366,2.89225339845081,0,0,0,1
9785,61.2132105920768,18.15,5.373,0.129168312449289,3.19337044217222,0,1,0,0
9786,61.8666721304603,18.14,7.396,0.210879741241988,3.18049608626011,0,0,1,0
9787,68.6126677590036,5.61,9.22,0.278900254179698,3.25439624700085,0,0,0,1
9788,61.6384147521826,23.44,4.679,0.268095726681332,3.17732794201825,0,0,0,1
9789,54.3823705895604,5.78,6.752,0.29592586800057,3.07020818188406,0,0,0,1
9790,67.480029161279,13.62,17.268,0.142154795045744,3.41099965787464,0,0,1,0
9791,52.6056845303415,30.6,24.465,0.113103836457474,3.27162104796435,0,1,0,0
9792,62.8054452671007,5.48,8.593,0.266732574499751,3.43015886942992,0,0,1,0
9793,69.4133687163868,7.97,26.192,0.341451000781659,3.49476177531973,0,0,0,1
9794,65.1123625894815,16.43,3.701,0.292639706889755,3.06418315373234,0,0,1,0
9795,62.689958960582,35.87,32.059,0.112457042653414,3.71395296857348,0,1,0,0
9796,59.7767388795691,35.43,22.907,0.0973387428082583,3.60709103145322,0,1,0,0
9797,45.5173140158591,34.21,30.227,0.103273711951363,2.77460254123765,0,1,0,0
9798,47.5082593454297,27.56,37.25,0.245615772918608,2.7989494989044,1,0,0,0
9799,71.7789325401276,10.77,22.052,0.381649358044076,4.01406676157351,0,0,0,1
9800,65.5008368468563,18.35,19.45,0.207993401043498,3.56724621325087,0,0,1,0
9801,54.248162820322,14.01,4.064,0.158412720857571,3.11761623936128,0,0,1,0
9802,63.9762857140952,17.55,11.995,0.163961162338413,4.02612471567553,0,0,1,0
9803,53.5466139647418,6.98,2.206,0.236780595100271,2.93945543203333,0,0,0,1
9804,60.780914537702,33.05,25.738,0.227569511642511,3.58669217240788,1,0,0,0
9805,63.8869027862576,31.77,8.148,0.0660955577479044,3.36263938824219,0,1,0,0
9806,59.387369569727,28.61,9.299,0.313709029721991,3.53590263307518,0,0,0,1
9807,45.4194177382309,29.78,31.874,0.143400718367891,2.70824065652999,1,0,0,0
9808,61.9257974693048,4.95,1.578,0.249218165312935,3.4402503934677,0,0,0,1
9809,50.5972515897719,15.73,8.536,0.343438493313433,3.11768907734428,0,0,0,1
9810,58.1966675206279,30.21,44.754,0.298992021831498,3.19250178623688,0,0,0,1
9811,45.7647019925254,11.51,3.468,0.305061226469433,2.80832272479665,0,0,0,1
9812,54.6277758897218,6.72,0.024,0.208052231909574,3.38361200953497,0,0,0,1
9813,64.9265895470594,11.84,11.193,0.238491667551739,3.68981616565069,0,0,1,0
9814,70.1808232696234,5.97,20.921,0.210037171952534,3.84640321255978,1,0,0,0
9815,63.5906711296606,23.42,17.537,0.131004410715376,3.29273917562485,0,1,0,0
9816,68.9087063326365,36.09,29.008,0.183957517808624,3.22925024193911,1,0,0,0
9817,54.2555410565205,11.8,15.879,0.165185178205789,2.62976754694988,0,0,1,0
9818,58.0214358475488,16.22,17.145,0.0751840881796377,3.41012724291779,0,1,0,0
9819,50.9515653813863,18.27,39.646,0.0654798921443584,3.15463255541251,0,1,0,0
9820,58.2850600607693,6.18,4.922,0.325614382470059,3.89557890114133,0,0,0,1
9821,64.6428798189382,4.23,5.564,0.088787843018283,3.72748438372519,0,1,0,0
9822,69.8397743911747,11.56,0.441,0.202089512447139,3.72227944855924,0,0,1,0
9823,53.1908990086912,12.06,5.165,0.344822859246822,2.83848835033381,0,0,0,1
9824,67.0928739351778,30.42,29.916,0.095787304387558,3.59078232994346,0,1,0,0
9825,62.4130378041812,39.75,11.585,0.2174663570862,3.04826964008491,0,0,0,1
9826,47.7926441329714,24.33,29.9,0.135087518107123,2.66970643585448,0,1,0,0
9827,57.524317926552,26.04,7.649,0.398700091520878,3.68809119857088,0,0,0,1
9828,62.1526140171981,28.38,26.748,0.289742430512694,3.21101292615397,0,0,0,1
9829,65.5100512161427,27.05,20.958,0.0878908215170381,3.42635861430004,0,1,0,0
9830,68.7537625577424,10.41,10.408,0.364367124518216,3.49570024740053,0,0,0,1
9831,57.813841509355,19.31,2.618,0.106739325880317,3.79113006451276,0,1,0,0
9832,59.1110378822316,26.24,31.156,0.233279364466469,3.1595996628329,1,0,0,0
9833,65.9558808692751,4.39,1.025,0.31629982656529,3.82305731784978,0,0,0,1
9834,46.2833859070935,31.26,45.434,0.304229652933809,3.1962656252897,0,0,0,1
9835,66.0757738342588,5.34,23.871,0.26588517266883,3.019082628793,0,0,0,1
9836,62.3900669046378,18.65,13.935,0.171252683091897,3.35683719327386,1,0,0,0
9837,72.1540295044501,8.42,32.928,0.276444317719198,4.05848674825424,0,0,0,1
9838,67.8940778818794,30.85,38.633,0.307287294067515,3.0706151732024,0,0,0,1
9839,77.034090470846,14.61,9.738,0.211109386716458,3.62329822717711,0,0,0,1
9840,60.9979262354442,41.54,12.878,0.23627805813026,3.75941462650863,0,0,1,0
9841,61.8783220057812,14.73,13.243,0.112076592142781,3.88677087371065,1,0,0,0
9842,60.9003819844828,22.71,7.757,0.1964180778878,3.32420801086681,0,0,1,0
9843,58.1251300670465,19.92,5.922,0.2060510353817,2.43868459892966,0,0,0,1
9844,61.3766516925007,38.49,38.392,0.0792883253930333,3.43040384822794,0,1,0,0
9845,68.7080479262188,9.66,28.278,0.313413006444072,3.95958488993582,0,0,0,1
9846,67.1721409878472,9.61,2.052,0.275713259438813,2.92830869620795,0,0,0,1
9847,63.4693623841214,37.14,5.257,0.0908966920552458,3.56634946005731,0,1,0,0
9848,63.9193448055373,18.83,4.993,0.231087612317444,3.77980602281136,1,0,0,0
9849,60.4207273084068,19.07,16.705,0.242657758672352,3.35735182640198,1,0,0,0
9850,56.1590231199373,20.11,5.635,0.214610502588403,2.93152956524305,0,0,1,0
9851,46.4961755132303,28.83,33.382,0.112377826288895,2.80593412666253,0,1,0,0
9852,58.6950350756123,19.15,13.633,0.273619776842811,2.84954584908966,0,0,1,0
9853,61.9559901289928,31.62,33.538,0.194831886512839,3.59394025671968,1,0,0,0
9854,56.926138177841,36.29,44.007,0.16910694878826,3.35978964503661,0,0,1,0
9855,71.3309198186804,30.84,9.766,0.114217597455362,3.85960059817849,0,1,0,0
9856,42.9155402571409,7.0,8.745,0.208480229597212,3.41652436203037,1,0,0,0
9857,66.629308665225,28.21,32.165,0.217932424668207,3.12558847226022,1,0,0,0
9858,64.2445583556741,14.21,15.306,0.122440189913614,3.35863036908476,0,1,0,0
9859,62.7083809613772,20.6,1.611,0.19178676778088,3.24187021183882,1,0,0,0
9860,63.4859968574678,31.3,25.297,0.246356503630891,3.67970878829695,1,0,0,0
9861,61.5362607311772,29.64,48.207,0.059146061505567,4.0310824763798,0,1,0,0
9862,42.1131876188491,29.63,19.232,0.216353209948561,2.7852461421934,0,0,1,0
9863,67.5191884525366,37.87,40.867,0.12117151420844,3.34144559473359,1,0,0,0
9864,71.7570766148617,14.99,16.794,0.251588573234825,3.58683588032974,0,0,0,1
9865,45.9287140339139,27.1,29.059,0.140849052500552,3.02782684471748,0,1,0,0
9866,67.1223426906009,34.18,27.046,0.139534252117706,3.56323107086078,1,0,0,0
9867,55.7111251950936,28.37,6.279,0.275068497226141,2.38837100552502,1,0,0,0
9868,67.6505305966456,14.14,25.591,0.23264630352732,2.98081444521611,0,0,1,0
9869,62.1824041040069,26.43,31.458,0.202016116688527,3.52325675660013,1,0,0,0
9870,69.4588593609627,27.61,28.479,0.192418895188102,3.79163237356313,1,0,0,0
9871,66.9838478578353,12.14,9.375,0.217277269134782,3.60819908316207,1,0,0,0
9872,68.3809615611883,32.97,26.686,0.222207115342212,3.6391653795396,1,0,0,0
9873,63.243612950872,3.41,0.463,0.21918124502568,3.46242236981964,0,0,0,1
9874,51.7746193742431,32.04,33.256,0.181081901725032,2.9924229161581,0,0,1,0
9875,65.6262621493969,12.85,6.141,0.243379613127626,3.62161302433669,0,0,1,0
9876,63.3126440096254,34.21,17.853,0.108451796494713,3.48736860111522,0,1,0,0
9877,64.6584399400142,38.34,8.967,0.258272966634813,4.23839024014508,0,0,0,1
9878,47.810065263612,27.96,36.671,0.225341179454786,2.93892451505813,1,0,0,0
9879,50.695609427616,21.16,33.461,0.254781949367668,2.92539299391098,1,0,0,0
9880,54.7982043920369,8.47,0.265,0.300282040156668,3.15088926220166,0,0,0,1
9881,62.9705036513943,17.64,1.365,0.175344479956021,3.25725663814008,0,0,1,0
9882,63.2146188734455,30.61,30.625,0.226210973773181,4.12240980228455,1,0,0,0
9883,57.7692972797921,18.69,18.831,0.208608065289255,3.41229766044548,1,0,0,0
9884,64.5708370694458,17.61,4.462,0.0811100031595765,4.27838212922595,0,1,0,0
9885,59.3874871971505,21.88,25.744,0.182538101759354,3.70346758578007,1,0,0,0
9886,66.0014188398339,30.43,27.182,0.0762662267983893,3.39120902398723,0,1,0,0
9887,58.9977562679642,29.73,15.92,0.144981090313435,2.73520040464967,0,0,1,0
9888,50.3865250261905,5.79,0.047,0.344137074374992,3.03587577929759,0,0,0,1
9889,56.701390428942,33.51,23.345,0.189070689528615,3.3635436488795,0,0,0,1
9890,65.5700654413375,22.84,5.327,0.189601068179755,3.97012549461686,0,0,1,0
9891,53.3912368012821,18.75,8.685,0.133238342327869,3.68924377760318,1,0,0,0
9892,64.3381818064418,31.92,36.289,0.211851745422347,3.05784135945412,1,0,0,0
9893,51.7114380016424,24.34,35.424,0.205273017761188,3.35478237473333,1,0,0,0
9894,65.229730443725,21.57,7.099,0.322746963029664,3.84221568678893,0,0,0,1
9895,55.551521497132,13.43,7.296,0.112174033332199,3.47415395317008,0,1,0,0
9896,61.2403428653387,25.61,15.341,0.165455922248855,3.32346571129674,1,0,0,0
9897,64.5195235830885,28.21,30.254,0.131515907783233,2.96874380835768,0,1,0,0
9898,65.9449889481092,35.76,24.22,0.204285645946143,3.01538277570122,1,0,0,0
9899,45.8959065126217,28.97,26.469,0.121240162738441,3.00678615513479,0,1,0,0
9900,71.2619806474297,12.03,31.083,0.11711350225105,3.21479639719943,0,1,0,0
9901,62.7507288170496,9.75,15.832,0.102597485018448,3.53896935624473,0,1,0,0
9902,69.4584731549408,6.94,6.019,0.444950259084581,4.07287124011703,0,0,0,1
9903,56.5533609210405,15.62,4.644,0.147173380054473,3.50683689796221,0,0,1,0
9904,53.0184514239203,11.1,3.528,0.302084584582359,3.73899569165839,0,0,0,1
9905,68.3127777295205,25.79,8.24,0.228537982591552,3.64541550910399,0,0,0,1
9906,62.5876919441557,39.66,24.874,0.158157141380918,3.65403960585957,0,0,1,0
9907,66.7514077322508,10.61,13.532,0.112751206067259,3.71538261919231,0,1,0,0
9908,56.5018911549785,11.94,5.617,0.097633889435614,3.74619914561625,0,1,0,0
9909,60.8626431385163,32.8,15.894,0.248559034926794,4.106839588069,0,0,1,0
9910,69.8831479429243,29.11,37.398,0.118644519667657,3.37525856489853,0,1,0,0
9911,60.607482615356,8.19,9.89,0.268478718729332,4.01304472627252,0,0,0,1
9912,65.4765274079892,17.66,13.272,0.163367941564781,4.2129394856159,0,0,1,0
9913,56.1868304728529,18.64,2.824,0.253822752947456,3.25665967645693,0,0,0,1
9914,42.9266999141636,22.69,23.478,0.290451670466094,3.21705922419495,1,0,0,0
9915,61.7072585979782,30.84,46.163,0.181916574293804,3.6429814473997,1,0,0,0
9916,43.8230616825453,35.37,32.442,0.0765413078014531,3.04791999798491,0,1,0,0
9917,62.0899127463708,21.6,7.778,0.253748789043972,3.49692316860366,1,0,0,0
9918,53.9805495441071,29.55,26.584,0.0797444112398102,3.30194928304693,0,1,0,0
9919,70.3230523785047,9.75,3.591,0.112045831603622,3.89808382940502,0,1,0,0
9920,72.9003998551682,34.33,22.37,0.0965153322003603,3.99921699226032,0,1,0,0
9921,71.1388707176571,5.33,12.219,0.11300389373091,3.51264087614184,0,1,0,0
9922,67.6088707610253,38.24,3.034,0.098604577900046,3.33816853231195,0,1,0,0
9923,64.5003232525449,23.01,40.386,0.177741997864535,3.79372283152803,0,0,1,0
9924,64.4406592194138,32.14,7.231,0.19633575047785,3.79704493286445,1,0,0,0
9925,41.7079594562831,33.68,24.669,0.100234011599393,2.8284532593598,0,1,0,0
9926,67.036968173087,3.8,2.353,0.248991633975917,3.86847041212151,0,0,0,1
9927,64.0199994659246,4.73,5.993,0.281928008463964,4.34492628686452,0,0,0,1
9928,47.2122415442284,30.8,24.157,0.347311703854063,3.23436781115901,0,0,0,1
9929,61.0032224210123,27.43,29.0,0.105233144094166,3.01213005511285,0,1,0,0
9930,67.8874316897114,26.85,27.274,0.17554041339388,4.66546706048362,1,0,0,0
9931,49.3008109402455,28.65,27.826,0.105135483803292,3.30535459069542,0,1,0,0
9932,63.8082762271422,6.62,19.26,0.260911343278963,3.37844964004729,0,0,0,1
9933,57.7074041541684,13.54,10.408,0.2743171741954,3.08605669870392,0,0,0,1
9934,64.790766736994,16.13,12.279,0.230778010525052,3.15415773598758,1,0,0,0
9935,66.0590132310733,6.79,31.917,0.080668019901353,4.12176606935465,0,1,0,0
9936,62.2412227704354,34.85,25.715,0.115473887634023,3.10358468510031,0,1,0,0
9937,47.3079721785347,30.04,11.215,0.11070201477526,2.50281753944632,0,1,0,0
9938,65.1896338598197,28.67,38.995,0.19002415964707,3.77797504156359,1,0,0,0
9939,66.5995214440743,9.3,29.29,0.201865081221764,3.54323424015456,0,0,1,0
9940,60.9725729996946,19.5,0.92,0.22967370821692,3.41530611640882,0,0,1,0
9941,39.4636893471716,35.58,38.113,0.0974232476216098,2.18503109342276,0,1,0,0
9942,64.1537543388041,11.63,18.394,0.31000812697916,3.71333019668879,1,0,0,0
9943,50.3260764300013,31.11,31.478,0.106137266914418,2.96117950492659,0,1,0,0
9944,62.7001041023639,16.94,17.117,0.242729580917219,3.00014814044659,0,0,1,0
9945,57.9505774886758,7.92,3.4,0.314509970758233,3.21940501730688,0,0,0,1
9946,63.7261467188689,27.48,32.047,0.172605869268985,3.56184933037275,1,0,0,0
9947,59.3257010000161,29.77,3.556,0.11847981005324,3.3214094998501,0,1,0,0
9948,56.4843684128524,19.5,13.646,0.239687459494203,3.60845285873382,1,0,0,0
9949,61.1404132640061,30.74,21.633,0.157106901406278,3.17927902090519,0,0,1,0
9950,67.6898689777088,14.64,32.545,0.106890069119607,4.07773203195568,0,1,0,0
9951,60.0737311233876,27.35,29.681,0.244790766476932,3.47100958536813,0,0,0,1
9952,63.708745427541,22.83,23.674,0.189119311927979,2.94109417003761,1,0,0,0
9953,44.1338731943317,30.67,12.384,0.248949049911064,2.76094742706324,1,0,0,0
9954,62.938542035317,14.28,21.033,0.212913962054594,3.28987443473422,0,0,1,0
9955,61.4801602176476,23.44,19.426,0.308857320526274,3.35644396792884,0,0,0,1
9956,64.8460790939488,17.32,18.975,0.180843000834327,3.89647234235863,0,0,1,0
9957,62.9511667118997,30.35,35.226,0.303761164845818,2.7706463957249,0,0,0,1
9958,63.289381002273,14.38,31.254,0.270140933061683,3.47980885100846,0,0,0,1
9959,45.0301111919641,28.41,22.748,0.07743117147963,2.82814302344501,0,1,0,0
9960,68.7123812120542,19.07,4.161,0.175662095306856,3.80300146972567,0,0,1,0
9961,71.4662829682522,7.95,21.889,0.240999410613734,4.34830942160456,0,0,0,1
9962,63.1398215527636,23.0,11.625,0.318069436608704,3.14745546001474,0,0,0,1
9963,66.5392499320555,6.74,8.881,0.169846105181452,3.55706094717167,0,0,1,0
9964,44.1574347906652,35.03,15.667,0.155800942134047,3.52275014714929,1,0,0,0
9965,64.0234970981526,9.69,10.995,0.239935868713417,3.02495279094729,1,0,0,0
9966,59.2663700412093,8.44,4.928,0.182390490093476,3.03604592872945,1,0,0,0
9967,62.8131099641834,11.93,24.097,0.257558832999151,3.23190040098806,0,0,0,1
9968,72.9814828502128,9.98,29.978,0.121227711559884,3.8756575191042,0,1,0,0
9969,47.0202718463544,35.52,12.994,0.0829523987782699,2.96919720337138,0,1,0,0
9970,38.2139670170727,33.0,26.816,0.0908054150070229,2.658585497224,0,1,0,0
9971,67.719908556193,22.57,7.663,0.254853653168133,3.35508690578832,0,0,0,1
9972,64.3082749860352,14.18,17.424,0.248735064617191,3.41129605214075,0,0,0,1
9973,64.3073234272814,41.46,23.03,0.235660523165427,3.52181978419024,0,0,1,0
9974,74.0022699144128,11.65,25.636,0.174346099057999,3.71307387646375,0,0,1,0
9975,55.2369478747257,5.35,2.214,0.130801116172364,3.78774296806201,0,1,0,0
9976,55.0966522474659,23.52,25.787,0.114850436411474,2.97775036057834,0,1,0,0
9977,72.2075067746826,6.33,31.104,0.254972510914296,4.11536710737448,0,0,1,0
9978,59.6746399163204,20.58,8.683,0.231292064551686,3.84946802567364,0,0,1,0
9979,66.8371912657055,14.03,29.313,0.394147022060819,4.18474596531789,0,0,0,1
9980,65.046538085785,8.47,2.975,0.119174196635617,3.535609263313,0,1,0,0
9981,68.7636454845737,6.99,34.906,0.0834687494097013,3.34639874865619,0,1,0,0
9982,61.8002670820577,22.83,8.226,0.191077418634763,3.8689359148551,0,0,1,0
9983,50.6907421977995,33.24,26.214,0.064638045863039,3.34536642520712,0,1,0,0
9984,67.7511822818395,7.85,33.563,0.122709824117434,3.90202168572035,0,1,0,0
9985,50.0299487133056,32.33,34.737,0.241718446352998,3.16105035350089,0,0,0,1
9986,58.6289445607857,22.03,3.761,0.252644362594611,3.03902422499775,1,0,0,0
9987,54.9826168931517,22.53,0.054,0.25983234648364,3.15177685714235,1,0,0,0
9988,54.4967484857208,16.83,19.874,0.222215010260517,3.9657949380617,0,0,1,0
9989,64.6150032052675,35.62,21.657,0.215890116286461,3.96741145005013,1,0,0,0
9990,64.5385796838293,22.96,15.12,0.249124644348129,2.8364327669315,0,0,1,0
9991,43.2522598491083,5.59,8.804,0.218328594707506,3.05905139282517,0,0,1,0
9992,63.2995993300367,37.13,36.415,0.208776865440359,3.29061297442188,1,0,0,0
9993,71.265513539248,9.98,32.831,0.156614284212875,4.07362331878644,1,0,0,0
9994,45.8441271203605,26.9,36.424,0.124945136374782,2.96088033177959,1,0,0,0
9995,66.5163703278608,7.79,12.141,0.305510090166872,4.06215754821885,0,0,0,1
9996,72.4341803369895,18.55,2.793,0.278566100214961,4.00285858570652,0,0,0,1
9997,61.5214435867383,18.1,16.69,0.212042636811718,3.6357731201693,0,0,1,0
9998,68.4305719488455,13.09,5.551,0.317171931799567,4.24300869615694,0,0,0,1
9999,66.8706434304045,29.09,24.279,0.10861375279465,3.65317423242083,0,1,0,0
10000,60.1683961249064,8.55,6.293,0.31877614931901,3.31541428508498,0,0,0,1
10001,64.7113328932212,7.22,15.033,0.313476988761502,3.68499603377957,0,0,0,1
10002,56.8696719141636,13.15,14.582,0.193411284672806,4.01819654195104,0,0,1,0
10003,60.933814989402,19.28,1.283,0.246296309955782,3.48273857225398,1,0,0,0
10004,63.323683188344,31.05,21.81,0.240201872936799,3.95735493071671,0,0,1,0
10005,47.6823009027523,25.5,28.801,0.0868997119372074,2.90156456538081,0,1,0,0
10006,66.0889203349417,10.1,29.404,0.182300378501865,3.24285997955806,0,0,1,0
10007,61.2383578919616,35.32,20.451,0.255163757845367,3.83603374584949,0,0,0,1
10008,58.9066301693547,31.58,36.748,0.090162836987219,3.48357774171944,0,1,0,0
10009,58.4531573290195,35.88,31.953,0.0821758422568876,3.26884136464372,0,1,0,0
10010,48.6365747139651,36.25,49.879,0.241090846225512,3.254598619657,0,0,1,0
10011,66.3622270264689,4.6,2.205,0.252342017404321,3.25800230233656,0,0,0,1
10012,50.2696113218726,7.53,1.947,0.477257715656891,2.61032547916199,0,0,0,1
10013,60.1128428837948,24.32,6.907,0.129092215776877,3.01088356171492,0,0,1,0
10014,64.1360802049693,9.7,19.107,0.253446191458626,3.72486372038979,0,0,1,0
10015,49.0708959424451,14.08,7.642,0.335212531447655,3.1097357897218,0,0,0,1
10016,61.7954049564185,11.3,2.231,0.278890520008758,3.54297731548466,0,0,0,1
10017,64.7439737197173,21.91,22.671,0.242062584062991,3.33749696026771,0,0,0,1
10018,58.8884305784553,15.68,5.78,0.162244358020206,3.40721287718712,1,0,0,0
10019,70.3311759528993,28.49,14.83,0.102951395668154,2.9836181621451,0,1,0,0
10020,56.18460540141,7.65,0.527,0.257804848041806,3.7439814599376,0,0,0,1
10021,68.0238516202716,25.24,14.429,0.359369365343125,3.36631225912234,0,0,0,1
10022,69.5374354150193,34.31,34.086,0.119500317075796,4.11195628526339,0,1,0,0
10023,71.0618539305843,16.96,7.286,0.209871188745861,3.95858275542978,0,0,1,0
10024,70.484332152459,12.59,31.572,0.347455122064105,4.57874913120458,0,0,0,1
10025,63.3025016382173,21.89,17.102,0.215479391065754,3.96679820400174,0,0,1,0
10026,65.9455456751401,14.15,20.432,0.341293407763471,2.87819027233142,0,0,0,1
10027,47.6799082230796,26.58,32.463,0.2167572055216,3.16021579641581,1,0,0,0
10028,57.8628563243714,4.26,6.827,0.233525679171494,3.22146711538613,0,0,1,0
10029,50.1655632073799,13.37,4.495,0.106454777363867,2.83208394632301,0,1,0,0
10030,58.209057524035,29.76,28.131,0.204766917040379,3.6639548237494,0,0,1,0
10031,62.8301258228344,21.53,17.163,0.224975143273734,2.85154798120545,1,0,0,0
10032,67.4826022681329,9.41,30.756,0.11722973951401,4.0101758404627,0,1,0,0
10033,64.1795784006588,28.57,15.698,0.157921971544255,3.68719887703772,1,0,0,0
10034,58.7102652277132,36.09,23.277,0.260662791961971,3.46187821560915,0,0,0,1
10035,59.6009102805625,22.82,12.29,0.112470933059051,3.32478217061561,0,1,0,0
10036,62.6267794993542,34.16,34.478,0.203677046755468,3.81188513541907,1,0,0,0
10037,61.8884288696478,15.55,14.467,0.178246630186403,2.94351445113569,1,0,0,0
10038,63.3353692895484,33.08,32.784,0.187021734081885,3.4371499750902,0,0,1,0
10039,50.6644705529133,32.99,24.36,0.0976638023938916,3.15701228948659,0,1,0,0
10040,64.2741485792391,9.9,21.981,0.215485561451382,3.33403583126244,0,0,1,0
10041,59.1825147354139,32.45,37.198,0.398383052149251,2.69980387390029,0,0,0,1
10042,50.5905720801382,4.37,2.796,0.271272466574935,3.4498265912113,0,0,0,1
10043,71.2875756580823,34.24,43.955,0.265936875189191,4.18293995436735,0,0,0,1
10044,65.1105419950296,31.41,36.779,0.216643635101936,3.83434316009957,0,0,1,0
10045,68.6552380808655,9.11,23.078,0.321074931259917,3.95850343823947,0,0,0,1
10046,51.1171016042387,4.1,9.643,0.291740978219384,3.06018681063645,0,0,0,1
10047,69.428390266302,29.29,27.394,0.115174177607074,3.77646188679118,0,1,0,0
10048,68.3309315727766,9.59,15.65,0.408322619492155,3.69686108997011,0,0,0,1
10049,47.5808209578327,6.44,0.019,0.360368344890906,3.30384259866938,0,0,0,1
10050,46.3894375335423,30.05,26.901,0.117704296581741,2.97518384359507,1,0,0,0
10051,67.9736122836144,13.74,13.043,0.0694328002101002,2.92483830000098,0,1,0,0
10052,61.8455392667303,30.41,12.824,0.0953114089116405,3.60507562561106,0,1,0,0
10053,69.6110879766282,12.89,8.586,0.171956466692892,3.82392964259854,1,0,0,0
10054,64.9013798887365,27.97,2.342,0.264001770385174,4.20445944642759,0,0,0,1
10055,66.0041914732373,25.12,31.235,0.196187237941411,3.18954307529782,1,0,0,0
10056,67.1354354328813,11.95,34.388,0.180022367291111,2.9458108901387,1,0,0,0
10057,60.5197131912307,32.02,31.642,0.209078619788449,3.52416568014913,1,0,0,0
10058,50.8744356735438,13.59,15.335,0.0717157301438972,3.15621285594431,0,1,0,0
10059,57.2568404508812,10.68,9.344,0.11580599448637,3.55267301825575,0,1,0,0
10060,74.0181777452008,12.05,33.044,0.120154072788333,3.572520081507,0,1,0,0
10061,54.407608559952,35.63,32.229,0.184871813446522,2.74718905266748,1,0,0,0
10062,49.971078428782,4.84,5.243,0.111504326682149,3.52600973266132,0,1,0,0
10063,68.2433825933417,6.37,28.485,0.173543119331456,3.71693789703536,0,0,1,0
10064,68.6194680382074,7.05,19.528,0.129554567167946,3.87951391003497,0,0,1,0
10065,49.457455091151,36.24,25.805,0.1964776064279,3.52789248210162,1,0,0,0
10066,58.6155222106857,29.22,18.211,0.225441922064052,3.34608915583302,0,0,0,1
10067,53.6746311598129,6.05,9.389,0.260307470543236,3.54422939537889,0,0,0,1
10068,68.3546387382772,8.58,11.328,0.0808407326055982,3.31548112760703,0,1,0,0
10069,55.6434853065422,33.52,22.838,0.19389626317749,2.83559763216196,1,0,0,0
10070,70.9680877405444,13.08,11.07,0.0895155544627958,4.18422302025345,0,1,0,0
10071,68.0936925809514,30.93,33.671,0.0867218265061971,3.82230210893547,0,1,0,0
10072,52.7279847125784,20.3,0.02,0.188683593351669,3.39337574896548,1,0,0,0
10073,63.8615787827177,35.6,38.402,0.201781027250511,3.66145630521496,1,0,0,0
10074,51.7885456391077,7.11,6.917,0.396317309106506,3.24719603360675,0,0,0,1
10075,64.8969744031671,18.87,34.397,0.279065007473339,4.25586191064234,1,0,0,0
10076,63.5754699466843,10.15,10.68,0.219025550802779,3.29715106962863,1,0,0,0
10077,63.6513429462514,7.63,8.494,0.15735618454751,3.72231901761583,0,0,1,0
10078,66.05771421928,31.77,28.334,0.103032734095018,2.94911048715497,0,1,0,0
10079,66.1878214668387,38.67,39.926,0.16193678869963,3.71874828225231,1,0,0,0
10080,40.3561651139422,30.22,31.558,0.0856761578031177,2.49449732441832,0,1,0,0
10081,61.544688149789,26.08,38.863,0.0984942211893342,3.89820863760122,0,1,0,0
10082,60.4761010060694,30.15,7.658,0.200183402273722,3.96608522818507,1,0,0,0
10083,67.8203729695535,5.75,31.708,0.0906722331765684,3.59907206009234,0,1,0,0
10084,69.6107898048792,6.13,17.524,0.257111420094425,3.5245687870455,0,0,0,1
10085,64.7967853257014,9.0,22.0,0.314129745752652,3.45780291225165,0,0,0,1
10086,68.4065047576532,6.33,30.078,0.279278243356882,3.32277336799565,0,0,0,1
10087,62.9396104739079,4.72,2.185,0.102348985073077,3.0233052315337,0,1,0,0
10088,56.2446100546211,18.89,3.295,0.191349523828537,3.19394454807307,0,0,1,0
10089,63.0524653533331,26.2,37.483,0.125615539110321,3.60313743701647,0,1,0,0
10090,63.8968279923154,7.49,11.476,0.120559551328338,3.08101484909513,0,1,0,0
10091,70.6159847824015,5.51,15.087,0.0619938069606009,3.17882213201797,0,1,0,0
10092,57.257587943847,19.48,9.26,0.173109992148445,3.58899171510133,1,0,0,0
10093,61.3887543575579,27.15,20.864,0.218755504389256,3.83585622513171,1,0,0,0
10094,61.5085999412575,13.66,5.884,0.186173872176359,3.16939560757809,0,0,1,0
10095,65.2481432539744,14.0,11.881,0.158420572594816,3.4324425049566,1,0,0,0
10096,55.8966207837338,4.68,2.345,0.33192233697243,3.28641875304238,0,0,0,1
10097,56.5574351633451,13.67,8.673,0.170940284684841,3.99461602155267,0,0,1,0
10098,64.4600251518494,30.66,20.224,0.0874950220901143,3.54190351705669,0,1,0,0
10099,46.3954446519217,32.87,25.236,0.242173472562362,3.48282659910482,0,0,1,0
10100,58.3727935165505,12.96,12.824,0.351294293434712,3.26204014554781,0,0,0,1
10101,66.1290065189637,14.37,29.928,0.164949250363465,3.24485932351493,1,0,0,0
10102,65.8140560480666,26.29,25.933,0.0881218023128676,3.16154910955476,0,1,0,0
10103,60.9071240656724,37.3,43.34,0.235558309579977,4.3424474182095,0,0,1,0
10104,62.0304346476372,20.08,15.969,0.229056890571807,3.38273685819527,1,0,0,0
10105,70.51434091681,8.61,25.651,0.119791019395368,3.72587667325908,0,1,0,0
10106,54.0684111978864,10.0,3.891,0.302080736059157,3.25221602058923,0,0,0,1
10107,50.5931064109282,28.74,35.452,0.189407036937506,2.70647715445191,1,0,0,0
10108,59.7228092553685,17.87,3.63,0.201315118219798,3.52247446436365,0,0,1,0
10109,54.5476764694967,4.9,9.404,0.303524886678723,3.09647093273215,0,0,0,1
10110,41.9781136911198,7.7,3.57,0.320527291870102,3.45231277454354,0,0,0,1
10111,66.6540974993863,18.33,9.451,0.193060799601637,3.83582006353237,0,0,1,0
10112,64.9616802146365,30.39,27.677,0.187032966948385,3.63474364432377,1,0,0,0
10113,66.5030505396833,35.53,22.226,0.186938182055902,3.84385354080958,1,0,0,0
10114,61.0096592801684,20.41,9.733,0.103072864072087,3.93004392572582,0,1,0,0
10115,61.9574822978008,33.17,51.55,0.175733205708611,3.4293100050765,1,0,0,0
10116,64.1957872056745,5.23,3.117,0.20085879099264,4.09524333091677,1,0,0,0
10117,56.3423904522229,14.94,10.783,0.180273565231474,3.39069315025694,1,0,0,0
10118,57.6712265389342,10.01,2.8,0.374626381457677,3.37207367556256,0,0,0,1
10119,62.7976679084995,12.73,9.959,0.110887035891381,3.67691177847206,0,1,0,0
10120,61.0293231941646,33.7,10.579,0.219088796930142,3.23195657967366,1,0,0,0
10121,65.5619650290284,25.5,14.637,0.1780087039312,3.67835496915169,1,0,0,0
10122,61.936934482609,31.68,27.029,0.286966445301696,3.01346008683668,0,0,0,1
10123,57.7885666803413,18.27,2.581,0.204041822030416,2.97773016954393,1,0,0,0
10124,50.7528233513994,32.29,24.691,0.0810243250954249,3.26161560487966,0,1,0,0
10125,61.2157384778985,25.49,28.217,0.122280062067131,3.22163183770719,0,1,0,0
10126,43.3341276678256,29.91,24.882,0.191986679218011,2.95716249714169,1,0,0,0
10127,59.7933723426222,33.98,19.25,0.278066459560948,3.61121798029451,0,0,0,1
10128,57.700839960404,15.8,1.549,0.28762797090993,3.75695853908799,0,0,0,1
10129,61.0763801741556,30.27,29.326,0.0602382635538847,3.42595053231824,0,1,0,0
10130,67.8603148287084,26.52,30.662,0.206371686270652,3.617926115068,1,0,0,0
10131,62.6382459386231,24.47,8.756,0.17511451238991,3.23834336996584,1,0,0,0
10132,74.6335949360851,5.16,3.086,0.101347420155296,3.53975091517051,0,1,0,0
10133,60.402073129633,25.17,38.104,0.211527435035169,3.7314661380786,1,0,0,0
10134,44.6491575038262,25.68,36.056,0.234589404501352,2.95558010454892,0,0,0,1
10135,67.2698972909207,30.28,29.065,0.168151426297993,3.52323185750367,1,0,0,0
10136,67.23880894573,10.8,4.935,0.351057536074538,3.59878759710695,0,0,0,1
10137,73.7938305833963,9.8,5.911,0.302339487481364,3.01551661414954,0,0,0,1
10138,61.2940231121951,31.95,27.942,0.122493803969685,3.58940384416898,0,1,0,0
10139,68.0956926993117,19.46,4.308,0.0836331397281663,3.49135835429674,0,1,0,0
10140,59.8354213140699,23.64,8.797,0.183148842020261,3.14256547394269,1,0,0,0
10141,66.8779224165638,14.53,25.05,0.115423121572164,3.81319672452249,0,1,0,0
10142,65.9590048532902,39.15,34.778,0.182444437789178,3.54065285693786,1,0,0,0
10143,69.6732352294692,14.89,11.752,0.0912300229129902,3.23540618456956,0,1,0,0
10144,64.3872932255834,25.73,30.984,0.118380152602629,3.19081705642724,0,1,0,0
10145,65.8770107936393,36.82,27.118,0.336048539657051,3.27204739746481,0,0,0,1
10146,60.8027551417374,36.02,37.787,0.305503931451022,3.48759851290668,0,0,1,0
10147,63.1605829752824,15.41,19.781,0.103350351429439,3.82371311907771,0,1,0,0
10148,63.9358779049548,10.15,6.731,0.195552178860788,3.8693972031446,0,0,0,1
10149,66.7532655427711,8.33,18.49,0.165502147606471,3.59530995158861,0,0,1,0
10150,44.4619533271064,20.32,30.596,0.132460743222543,3.07229473514007,0,1,0,0
10151,59.4305892279919,25.28,24.045,0.189536733003585,3.48168750527273,1,0,0,0
10152,64.4997480762488,25.49,1.65,0.239464467840817,3.12599261352839,0,0,1,0
10153,40.6513294860836,5.56,4.394,0.228132055024224,2.47632408683118,0,0,1,0
10154,43.1721820822972,6.44,7.156,0.284471815003772,2.93943115159686,0,0,0,1
10155,57.9870174719234,17.56,7.946,0.147631392519513,3.61455875661944,1,0,0,0
10156,47.9603601818948,11.41,5.043,0.293364393231603,3.11336591500813,0,0,0,1
10157,52.3904184788018,8.12,7.6,0.256546108512203,3.42146066659412,0,0,0,1
10158,68.7431211301512,21.82,8.677,0.18532810342915,3.99932252952439,1,0,0,0
10159,58.1498870296351,9.02,0.348,0.289167649356346,2.61340290369646,0,0,0,1
10160,63.3570061670708,29.47,13.471,0.28324017625629,3.46091030253635,0,0,0,1
10161,71.1046037478653,11.87,20.202,0.333793831243391,3.87004221800344,0,0,0,1
10162,65.053758477609,31.31,28.136,0.115514527475177,3.79403096572719,0,1,0,0
10163,57.2413690414906,9.42,5.662,0.133576531824651,3.15703329324367,1,0,0,0
10164,64.3428729150559,38.03,41.966,0.0599983622164213,3.94879110738044,0,1,0,0
10165,66.6999381500873,13.18,26.052,0.24612086454754,3.4288309149249,0,0,1,0
10166,48.3132678626463,25.67,32.336,0.387895885034205,4.06201662557776,0,0,0,1
10167,71.3103311607323,14.66,34.616,0.142613117325295,3.52795144440306,0,1,0,0
10168,59.9364925216076,27.31,9.872,0.0869240335065994,3.54352539221092,0,1,0,0
10169,62.9614595808478,30.69,32.259,0.217350139147676,3.36681503805127,1,0,0,0
10170,49.8629907950126,33.93,30.978,0.203388887891294,2.8415768667829,1,0,0,0
10171,69.056732024546,35.91,10.69,0.33487722225882,3.66351255722358,0,0,0,1
10172,67.5897971402029,13.74,29.075,0.0800461403978971,3.89190415310256,0,1,0,0
10173,62.060650950245,9.72,3.136,0.273222414174092,3.82054318622403,1,0,0,0
10174,66.0709233603152,7.27,17.556,0.274700809662549,3.36774228716191,0,0,0,1
10175,53.3863406470008,36.69,33.353,0.0920504745941731,3.23645686069112,0,1,0,0
10176,62.8660897988167,17.15,7.154,0.194343145012789,3.40475087312628,1,0,0,0
10177,64.7704301947229,32.12,17.604,0.124381480743281,4.31535408231786,1,0,0,0
10178,61.9356627750178,20.67,0.114,0.194991386648773,3.5898194400369,0,0,1,0
10179,59.7086991057452,29.76,22.774,0.216976046516191,3.45316219193009,1,0,0,0
10180,51.3744016735084,31.08,27.097,0.126172695005414,2.93973206754995,1,0,0,0
10181,66.508743109953,27.3,31.673,0.0790533849734662,4.10117141487443,0,1,0,0
10182,53.4326688665912,35.95,39.828,0.0797719770461486,2.4838418335933,0,1,0,0
10183,62.9057258513327,29.8,8.413,0.214337340335062,3.57202327846652,1,0,0,0
10184,66.6201318714148,7.07,9.508,0.187360096058913,3.27844294577728,0,0,1,0
10185,60.3578133422066,13.74,12.221,0.149259670808179,3.35580058280768,0,0,1,0
10186,61.1606289450097,17.1,7.078,0.156943200313123,3.6407519306681,1,0,0,0
10187,61.5958164121331,21.49,10.114,0.087365995138647,3.64214106871635,0,1,0,0
10188,61.6425096944515,21.41,21.226,0.234218596259822,2.76868234612007,1,0,0,0
10189,64.2661676072046,28.91,36.282,0.16726137165035,4.16567439158623,1,0,0,0
10190,62.5132115746356,25.94,25.146,0.182760734156436,3.47984856576786,1,0,0,0
10191,63.3887397563898,10.75,2.781,0.323355699591064,4.47408005760357,0,0,0,1
10192,63.3054432394448,15.75,18.906,0.191458691204404,3.20095355777205,1,0,0,0
10193,42.6167412696605,32.13,44.392,0.336378054182442,3.05938447732696,0,0,0,1
10194,45.810051376747,32.53,44.953,0.164748826634767,3.11195028333242,1,0,0,0
10195,70.274094265296,30.72,28.216,0.107307775408589,3.96527884326189,0,1,0,0
10196,68.6532066952337,34.37,34.516,0.191855225143731,4.77416964852357,0,0,1,0
10197,70.4722011103847,24.91,19.14,0.26227218905579,4.70966750522526,0,0,0,1
10198,67.551811321805,14.64,18.22,0.107937062665047,3.70536961629268,0,1,0,0
10199,59.3656549573639,19.08,22.672,0.202893933728151,3.21342891389179,0,0,0,1
10200,63.7139390136936,3.78,4.971,0.259891125538611,3.31606300085753,0,0,0,1
10201,68.5828373860262,30.53,38.583,0.113087660802753,3.46190783530698,0,1,0,0
10202,69.1121126425449,29.49,45.816,0.0852649998231359,3.72111085411908,0,1,0,0
10203,67.4371679470152,25.58,30.77,0.202500163418197,3.5409694987034,0,0,0,1
10204,62.2498227145696,34.53,8.688,0.208631612538945,3.53071272668521,0,0,0,1
10205,63.0537124409143,33.62,35.755,0.111357146476124,3.36226268992252,0,1,0,0
10206,58.2645629629885,14.19,19.446,0.0819551470774828,3.23353121659687,0,1,0,0
10207,64.2214529547495,31.74,30.873,0.185652174512628,3.03095011703188,1,0,0,0
10208,73.0393286827174,13.27,11.373,0.0960756235782805,4.0944005471235,0,1,0,0
10209,75.5574417996258,14.33,32.666,0.225683650973559,3.63073972203337,0,0,1,0
10210,61.3924314859415,16.11,18.508,0.0510763122293674,3.40052597936158,0,1,0,0
10211,59.6173606766073,28.8,22.352,0.216393442997073,3.47299351864566,0,0,1,0
10212,58.0765643969721,10.25,5.078,0.29377935815748,3.32256812456506,0,0,0,1
10213,71.1697772912352,8.29,24.179,0.107572346153994,3.41243599883532,0,1,0,0
10214,44.0828858344433,29.9,15.922,0.0940847102649756,3.66953201593837,0,1,0,0
10215,59.7220063677966,29.48,19.613,0.0950669670250952,3.40008472991637,0,1,0,0
10216,67.8056403636663,6.34,33.427,0.101721712109819,4.10754713066802,0,1,0,0
10217,55.8435443806374,4.78,3.371,0.248101905827849,3.40833408580507,0,0,0,1
10218,64.1863936990694,18.65,9.939,0.0729396130133121,3.70922000199936,0,1,0,0
10219,54.0082419864669,6.57,1.753,0.482612497823547,2.65060378744242,0,0,0,1
10220,61.5116548305831,27.34,31.042,0.126175061562581,2.89533558478734,0,1,0,0
10221,61.5542152473101,13.64,6.617,0.100888042945421,2.92505152304111,0,1,0,0
10222,47.0437682142532,5.98,8.209,0.260386156108936,3.24802836658013,0,0,0,1
10223,64.424711948421,10.63,15.57,0.105240262356654,3.72937769018007,0,0,1,0
10224,57.60788071833,17.45,0.899,0.166797268886,4.05322091732089,0,0,1,0
10225,75.9356028657131,6.96,33.639,0.267579975358327,4.01387590101787,0,0,0,1
10226,59.4762683489491,19.87,12.041,0.224042636975321,3.72549079881798,0,0,1,0
10227,57.8672188820239,34.04,24.648,0.186508377754318,3.57375033728081,1,0,0,0
10228,53.3178875598722,34.39,33.386,0.16404622269745,3.40534755892296,1,0,0,0
10229,62.8218173434689,7.77,7.687,0.34754662240761,4.68838697209653,0,0,0,1
10230,63.487013244507,27.94,23.164,0.214037143732215,3.54515456973063,1,0,0,0
10231,69.849101089961,36.54,39.307,0.147837776808533,3.26959023425898,1,0,0,0
10232,72.9346810859638,13.37,25.642,0.0832117741593431,3.53368553691558,0,1,0,0
10233,56.935384047922,26.19,28.603,0.119075446662039,3.49560989611777,0,1,0,0
10234,76.1942885373962,17.26,19.688,0.239455125807906,3.75457910987099,1,0,0,0
10235,57.7156518227706,20.0,9.305,0.118301108722432,3.36776203621987,0,1,0,0
10236,64.5581986107332,22.39,13.119,0.177852177131439,3.75529924232342,1,0,0,0
10237,55.606896349139,9.43,1.023,0.210325933069432,3.15915833549615,0,0,1,0
10238,44.0078360815856,7.83,2.63,0.130449917788357,3.03366440991943,0,1,0,0
10239,64.6917240401118,29.21,1.3,0.177020232251289,3.37257489567402,1,0,0,0
10240,64.3247997147293,30.58,34.486,0.107985989310884,3.50373636710562,0,1,0,0
10241,73.8919334606618,7.83,28.547,0.290570354786183,4.27372706779537,0,0,0,1
10242,70.2888706790139,39.75,21.623,0.0980615896642169,3.29789069096395,0,1,0,0
10243,64.5621077444643,27.52,29.294,0.289029779354629,3.40367170553569,1,0,0,0
10244,43.6313097011623,30.26,17.93,0.176936424805594,3.25664321134189,1,0,0,0
10245,68.8500984676523,14.78,22.227,0.271033527941315,3.93647046592073,0,0,0,1
10246,64.6167684365708,22.8,37.967,0.151505185800563,3.1179755441473,0,1,0,0
10247,61.0297167448237,16.76,14.944,0.187338078697522,3.62569113599654,0,0,0,1
10248,62.6263054997946,14.44,19.686,0.204953867019513,3.57361770484977,0,0,1,0
10249,66.0788848105284,8.44,32.669,0.255447231131325,3.67731234543061,0,0,0,1
10250,55.6407967877276,18.61,12.689,0.15619735881176,3.40384735787857,0,0,1,0
10251,59.7875256157856,23.03,8.602,0.428652295233766,3.30328556712395,0,0,0,1
10252,35.5153211577955,11.44,0.133,0.280201273756644,2.65904114662007,0,0,0,1
10253,68.698722832604,25.46,31.038,0.179178509844598,3.80717850733955,1,0,0,0
10254,63.244687356627,13.75,16.989,0.208268858365267,3.41467796294024,1,0,0,0
10255,63.366194657131,24.79,20.954,0.121441303654706,3.67339609234324,0,1,0,0
10256,63.8226523347201,21.36,3.448,0.0918197795673735,3.73142031563355,0,1,0,0
10257,69.6933079592289,31.29,50.885,0.275402644567646,3.85881532208478,0,0,0,1
10258,72.1280352790092,28.37,34.819,0.219794179383444,3.95039111736865,0,0,0,1
10259,70.1276084615574,7.57,21.35,0.0695508036978508,3.70882935011238,0,1,0,0
10260,59.2990187022532,9.08,6.565,0.227862700404046,3.2289309876957,0,0,0,1
10261,63.4992396891584,26.73,41.862,0.193791582436769,3.45612954838547,1,0,0,0
10262,68.9380393170808,11.16,24.849,0.0947676592532813,4.15491841834419,0,1,0,0
10263,51.8147391315022,12.62,2.96,0.212048313526405,3.32532485013888,0,0,0,1
10264,57.3248978119715,5.92,5.218,0.252473756662602,3.79712704153982,0,0,0,1
10265,66.4573426210282,17.53,12.779,0.172194366217447,3.97533705953213,0,0,1,0
10266,47.6571819698407,26.74,33.49,0.19394877561934,3.19072554840891,1,0,0,0
10267,51.0956437402328,33.58,29.991,0.154986303400968,3.59784787983163,1,0,0,0
10268,44.8933548307178,32.01,35.556,0.133497095014066,2.82550682185016,0,1,0,0
10269,62.1818329945386,29.99,28.254,0.249095717386497,3.83179984170573,1,0,0,0
10270,69.9397864583411,9.87,13.404,0.133079748661082,3.39312330555294,1,0,0,0
10271,67.5761902090993,11.26,30.961,0.102689738850679,4.11933261051024,0,1,0,0
10272,62.5403583780345,24.64,5.5,0.160931837787146,4.22651824727019,0,0,1,0
10273,58.0993687432734,9.43,8.788,0.135238735354244,4.11612735361399,1,0,0,0
10274,48.0284084646502,30.86,34.686,0.234341530129866,3.36739035566652,1,0,0,0
10275,48.0696772433183,15.27,28.405,0.084758708059436,3.43943550299003,0,1,0,0
10276,62.819972646802,9.84,7.977,0.183144155170449,3.86707652402397,0,0,1,0
10277,64.7028259603299,21.61,6.653,0.222487979768409,3.7033832319316,0,0,1,0
10278,46.1156552408694,20.98,24.334,0.0867803450971477,3.36306194069291,0,1,0,0
10279,49.4084756522808,32.56,13.288,0.247884563292657,3.4963164577931,0,0,1,0
10280,57.187778771523,31.64,36.964,0.0536871333187853,3.4470867423019,1,0,0,0
10281,64.1414784425432,4.75,8.332,0.376566392866086,3.58211578613381,0,0,0,1
10282,57.9620748655029,22.23,5.821,0.148935068337088,3.28208975807678,1,0,0,0
10283,58.2340654908328,29.2,20.446,0.197881912950485,3.17623657009208,1,0,0,0
10284,67.0897491274292,5.93,15.868,0.267625268698936,3.46606168290783,0,0,0,1
10285,52.6513934246604,27.25,15.099,0.0873668865687506,3.09384304249756,0,1,0,0
10286,47.9344057119149,5.55,8.783,0.208990697509732,3.15993001319451,0,0,0,1
10287,62.4403783031427,14.47,19.826,0.291931214266913,3.53615228081746,0,0,0,1
10288,65.5601108957246,25.53,4.749,0.176229326652914,4.1848670301464,0,0,1,0
10289,47.5466114458005,9.45,5.421,0.209505056607148,2.98651656233719,0,0,0,1
10290,60.5004522804355,11.4,17.53,0.222218119735249,3.37755685225587,0,0,1,0
10291,63.7216631067989,18.44,13.357,0.208065147767856,3.0634670704216,1,0,0,0
10292,66.8152228202057,3.7,0.305,0.265437340890922,2.88989381255239,0,0,0,1
10293,59.1299062554223,22.37,26.684,0.184110892769168,3.22300825259875,0,0,1,0
10294,66.7813135260365,6.35,8.928,0.0871968112985421,3.43154629733122,0,1,0,0
10295,66.421638310681,25.54,42.622,0.212326309226048,3.38959194259088,0,0,1,0
10296,61.9816323521614,30.22,29.452,0.274349466587291,4.18570342339389,1,0,0,0
10297,60.8910924616227,24.06,26.357,0.17732488698531,3.52336895526054,1,0,0,0
10298,55.8641794911862,31.19,23.218,0.175450866717101,3.48398304085947,0,0,1,0
10299,63.421238976443,28.56,29.286,0.129771554938917,2.90275956330887,0,1,0,0
10300,66.3262928147562,35.21,36.151,0.0892564447852642,4.05947562434634,0,1,0,0
10301,59.4579815639644,32.07,36.481,0.098590762481357,3.61166650288252,0,1,0,0
10302,70.4098484872577,9.32,14.712,0.327763402794277,3.69873701361023,0,0,0,1
10303,68.9051986588263,13.64,14.577,0.149271588196044,4.05139679463964,0,1,0,0
10304,56.0338578167325,22.81,12.976,0.134897382775878,3.40580588275275,0,0,1,0
10305,36.8803642349512,6.33,4.262,0.401720339564803,3.2309034741704,0,0,0,1
10306,65.8275078616187,5.38,5.99,0.314380966758246,3.41790120025113,0,0,0,1
10307,66.6051905828404,29.57,25.629,0.125301183513715,3.88562711494263,0,1,0,0
10308,62.4711200768261,22.06,22.113,0.125102649968898,3.73850768699663,0,1,0,0
10309,48.2962975120609,33.2,39.44,0.374854137696331,3.23020482503178,0,0,0,1
10310,66.2403647697381,5.85,26.907,0.12289944184814,4.17359060045326,0,1,0,0
10311,58.3105931771571,29.6,18.775,0.264009517924481,3.55534901369312,1,0,0,0
10312,68.5293544022779,38.51,41.715,0.192722845360807,3.17130962822808,1,0,0,0
10313,44.324277711962,37.62,15.441,0.110296720477416,2.89848018422177,0,1,0,0
10314,58.131227244814,18.15,5.402,0.0817763269467132,3.45412336861003,0,1,0,0
10315,69.7030777507261,9.12,26.588,0.197534890951096,3.43460453259841,0,0,1,0
10316,68.9490931598459,10.29,22.409,0.0918752212106032,3.72242190737197,0,1,0,0
10317,62.4783937593445,33.72,28.945,0.25186282707166,3.69764094703528,1,0,0,0
10318,55.8647177111804,24.01,29.966,0.238787355321488,3.30988517494551,0,0,1,0
10319,51.0625835126269,9.82,2.218,0.303426676305994,3.52185362408089,0,0,0,1
10320,56.86283780408,23.42,10.642,0.125073730198487,3.31704085357761,0,0,1,0
10321,60.9667458004566,12.25,12.195,0.179373817408062,3.56281784493766,1,0,0,0
10322,62.3559262281323,6.26,5.282,0.310840526981781,3.89401730185519,0,0,0,1
10323,71.053332530978,10.17,24.095,0.339812505227876,3.3004208151691,0,0,0,1
10324,68.3967398446291,30.42,28.242,0.101242727461275,4.41404939049505,0,1,0,0
10325,62.8152075721415,17.95,13.682,0.234731583830823,2.92495962510785,0,0,1,0
10326,55.2343607469053,23.7,8.15,0.26091625576194,3.47758560475747,0,0,1,0
10327,58.8870976581377,10.75,14.86,0.244574967705085,3.88593044804125,0,0,1,0
10328,45.2037132078973,43.98,17.347,0.196830697160483,3.38564338196802,1,0,0,0
10329,60.4463904083477,31.96,45.909,0.254569687578741,3.4313773532237,1,0,0,0
10330,61.4131506980823,12.2,7.779,0.187853599995216,3.64971637442988,1,0,0,0
10331,69.2384053162876,30.64,30.322,0.0868536681932064,3.65934520027866,0,1,0,0
10332,47.5414185008862,9.89,3.771,0.278940259948089,3.32504686964052,0,0,0,1
10333,66.7650165989944,24.65,28.238,0.332115380841546,3.79079735033166,0,0,0,1
10334,46.5045758818437,23.98,39.689,0.147615159320533,3.5145211236665,1,0,0,0
10335,43.6979878380528,29.86,16.947,0.180992080890735,3.37832426526482,1,0,0,0
10336,69.5835031895773,14.11,14.534,0.0845047417678984,3.7512321703229,0,1,0,0
10337,64.0112421486744,37.65,3.305,0.0695313285438315,3.84076591239008,0,1,0,0
10338,69.9455209636166,8.63,8.807,0.201756826762543,3.10315349479943,1,0,0,0
10339,50.0672465366698,11.94,5.065,0.365904497495667,3.39605759437763,0,0,0,1
10340,65.7060339782882,26.38,38.159,0.246044418109682,4.23235876407516,0,0,1,0
10341,47.1757440636151,5.78,7.116,0.195111176335801,2.8539146172065,0,0,0,1
10342,72.9939818640648,13.56,12.359,0.0784326491128819,3.78136617721122,0,1,0,0
10343,64.5207091448971,24.99,14.042,0.2152097764798,3.60214200372919,1,0,0,0
10344,69.6762470332746,15.92,12.202,0.198838517240997,3.94111110687367,1,0,0,0
10345,68.3649247167911,4.64,0.51,0.320771037830828,3.04094639806571,0,0,0,1
10346,72.0507986728477,12.67,25.837,0.160223255366774,3.73219602293391,1,0,0,0
10347,57.3152879289593,18.45,5.544,0.158454587936154,3.57045992184496,1,0,0,0
10348,50.2063577148742,22.29,35.311,0.115277839736546,3.70864447211266,0,1,0,0
10349,68.412156052326,29.69,17.488,0.121995115432053,4.34453490526763,0,1,0,0
10350,62.6630479309073,8.65,17.967,0.238778073528244,3.28598328402709,0,0,1,0
10351,53.776706779538,6.12,1.402,0.187742595612701,3.4772194265695,0,0,0,1
10352,46.0988379125438,3.41,9.288,0.246841678891266,3.27718223912993,1,0,0,0
10353,62.2137444042118,6.14,16.294,0.24985056808839,3.52090990437548,0,0,0,1
10354,66.5505188549788,10.28,31.621,0.0946639251271419,3.30373547956431,0,1,0,0
10355,50.2169673168135,7.71,5.018,0.220324996246434,3.11256608241275,1,0,0,0
10356,57.7188556424285,18.99,6.319,0.199037319081514,3.36585935430592,0,0,1,0
10357,70.6642568309116,32.88,12.007,0.313644237848064,4.02290420339386,0,0,0,1
10358,63.0511399668129,31.34,46.029,0.161157493748141,4.31015675973343,1,0,0,0
10359,39.1695730390815,29.75,28.896,0.221594051185846,2.36196473198671,1,0,0,0
10360,64.8928269473798,8.39,24.345,0.381334709416305,3.55333103101658,0,0,0,1
10361,50.7188947888758,29.63,40.592,0.263586282103131,3.09211144771734,1,0,0,0
10362,52.9794500944916,8.32,0.81,0.196822064187271,3.36948019861227,0,0,0,1
10363,49.2542244831345,29.32,32.455,0.241734058980911,2.94039310243,1,0,0,0
10364,68.5321021950534,35.28,19.191,0.293312333293653,3.97055376205596,0,0,0,1
10365,62.6091970055486,6.18,23.344,0.29472989297359,4.0067882592624,0,0,0,1
10366,56.8125644281033,36.55,28.463,0.177738632106888,3.4904347284654,1,0,0,0
10367,48.3778885522725,31.77,28.418,0.250965194294367,2.65950738727249,1,0,0,0
10368,64.0262768715327,31.66,25.732,0.43603587887176,2.84147788972064,0,0,0,1
10369,71.7309802299988,17.41,19.073,0.202921515620376,3.25208453717273,0,0,1,0
10370,64.4695889470854,14.23,11.928,0.11234632720905,3.63825287210159,0,1,0,0
10371,44.7749469014767,27.22,33.979,0.136757711131215,2.61955766934849,1,0,0,0
10372,59.4400090388533,28.22,22.386,0.244419988672742,3.7019305700109,1,0,0,0
10373,62.1494384938246,16.91,14.558,0.148462484148594,3.76849841814632,1,0,0,0
10374,63.3116831706954,9.53,14.507,0.0805806165643156,2.7664354997235,0,1,0,0
10375,49.4517752924372,26.67,18.931,0.191817582859798,3.14841684332886,1,0,0,0
10376,61.9076769645667,26.18,7.592,0.266588297819325,3.66886666239835,0,0,1,0
10377,67.637472999096,31.69,16.645,0.139360190254851,3.13101183415711,0,1,0,0
10378,63.4387986190501,31.16,35.213,0.149344553749182,4.52460921450934,0,0,0,1
10379,56.7054570986528,6.44,0.057,0.265021851228545,4.19134928468901,0,0,0,1
10380,61.9019511151394,19.04,9.191,0.173267994002461,3.34720781235266,0,0,1,0
10381,46.9834728335138,28.07,35.006,0.197408658224439,2.95131217755954,1,0,0,0
10382,61.9913734710477,22.47,0.068,0.22293218285424,3.82805150278224,1,0,0,0
10383,52.7881150254986,26.71,40.409,0.178542619532099,3.48273309632028,1,0,0,0
10384,48.7755361109381,24.66,36.055,0.209550445196303,2.93938410886709,0,0,1,0
10385,61.9801074633369,27.37,19.471,0.0947796344153213,3.37627119520194,0,1,0,0
10386,64.4176652859834,29.99,33.884,0.131025256670421,4.07168807848363,1,0,0,0
10387,65.3701039977229,29.19,22.92,0.247949567275445,3.85789668983604,1,0,0,0
10388,60.5916400874308,19.83,0.262,0.239819119416591,3.30516754572313,0,0,1,0
10389,73.4169951808537,12.5,22.874,0.11793398710932,3.71263971053364,0,1,0,0
10390,47.8202333876539,5.23,6.087,0.289392584627121,3.055956794205,0,0,0,1
10391,59.1561344741349,23.77,16.874,0.130644736830804,2.97882116482402,1,0,0,0
10392,47.3464765312302,31.15,28.639,0.149620644727471,3.45465232853983,1,0,0,0
10393,51.1705612875618,33.46,31.169,0.119274560419481,3.0827988385077,0,1,0,0
10394,64.5364167662551,34.76,31.373,0.334355848326184,4.4490157193823,0,0,0,1
10395,49.7101983149594,36.41,26.108,0.150776990138195,2.98075704743514,1,0,0,0
10396,66.7522482648392,37.1,35.527,0.174259222740669,3.09727710287634,1,0,0,0
10397,61.8000301185738,25.08,18.767,0.208053704467135,3.1925949475656,0,0,1,0
10398,66.2086953177526,29.02,49.88,0.22053655918962,4.4593797272544,1,0,0,0
10399,44.6701183865514,24.62,37.106,0.15581973521572,3.29148150964424,1,0,0,0
10400,63.85253988702,31.46,21.868,0.240775343877838,3.39658284913989,1,0,0,0
10401,61.8661551616759,16.44,0.335,0.252811823754698,3.32029047330753,0,0,1,0
10402,62.5930317402308,25.27,30.141,0.0921622227360595,3.05557647669619,0,1,0,0
10403,59.1023427489517,23.46,15.746,0.315495108489277,3.99216581596267,1,0,0,0
10404,60.9178895816042,6.12,9.94,0.292971716619967,3.72338955254949,0,0,0,1
10405,67.3196766771385,10.88,27.705,0.0733224411996148,3.82644771537638,0,1,0,0
10406,67.3866267824613,7.09,25.464,0.177354891755287,3.31098553330138,1,0,0,0
10407,43.367244625822,31.24,35.257,0.21545824971804,3.18556315070475,1,0,0,0
10408,70.3515323716081,12.93,27.489,0.191973720718868,4.42627047469649,1,0,0,0
10409,62.8832700488037,12.01,18.055,0.131155485559266,3.29783098369176,0,1,0,0
10410,64.6122638102279,33.64,30.323,0.220217912621171,3.24966185500501,1,0,0,0
10411,63.77222794407,28.51,1.542,0.243009864176654,3.38770267248006,0,0,1,0
10412,63.1996014212463,16.99,16.823,0.175107181353693,3.84452593082294,0,0,1,0
10413,63.6531510029459,30.2,23.519,0.255344909752147,3.64695386322214,1,0,0,0
10414,63.8500131484241,7.06,4.725,0.18317235922402,3.51092274504524,1,0,0,0
10415,62.9837104169861,37.6,29.841,0.18606687663691,4.37683695890841,1,0,0,0
10416,64.6231845706604,20.19,34.749,0.152892663531997,4.21563559050885,0,0,1,0
10417,58.6224872551648,31.74,24.081,0.171321094404207,3.89956170239772,1,0,0,0
10418,44.2295546977557,16.0,5.303,0.361357925337912,3.08408923756215,0,0,0,1
10419,69.5864270303253,38.93,39.908,0.187816857264709,3.90591795389056,1,0,0,0
10420,64.4021424683375,7.07,24.96,0.3310669034436,3.57263649009639,0,0,0,1
10421,54.6358641592319,31.47,19.86,0.102142739231246,3.43314553926769,0,1,0,0
10422,62.4584603375179,26.71,27.493,0.0917853128643256,3.61708539894979,0,1,0,0
10423,59.7881053867083,15.15,18.404,0.182715833430755,3.48069482216434,0,0,1,0
10424,63.0263645728901,34.69,34.883,0.180283791155538,3.60031743223255,1,0,0,0
10425,67.5521683337093,10.39,11.014,0.274785529502255,4.05705326274275,0,0,0,1
10426,58.6544478638509,20.06,1.046,0.249203747248433,3.78387058849769,1,0,0,0
10427,68.1627142151043,16.34,23.481,0.472704784297049,3.67255320775876,0,0,0,1
10428,64.5067536226949,8.17,10.364,0.270057336230996,3.27943494881342,1,0,0,0
10429,48.6161342749208,38.19,17.378,0.213771179552351,2.66369250576355,1,0,0,0
10430,64.1903617491827,12.65,5.342,0.22287460991544,2.86648995212053,0,0,0,1
10431,52.4463106783003,6.45,9.611,0.359761167872549,3.17352174726657,0,0,0,1
10432,66.7135629342059,12.4,27.019,0.162446977519,3.6604188355723,1,0,0,0
10433,60.4110018902344,34.58,38.894,0.294227298082407,3.37677831176141,0,0,0,1
10434,66.0648926964524,22.57,5.922,0.237741625408565,4.15352904882057,0,0,1,0
10435,61.6733965803227,17.04,5.634,0.305815375618641,3.4199846262552,0,0,0,1
10436,69.4584627516944,13.8,30.121,0.26434292752803,3.82462471103232,0,0,1,0
10437,66.0557911819798,33.18,20.756,0.219105277479337,3.88718532194132,0,0,1,0
10438,65.7601714080161,29.97,31.817,0.0774835880978312,3.96916299631745,0,1,0,0
10439,66.6178539116179,16.99,21.908,0.292015922739787,4.37987106564427,0,0,0,1
10440,63.3424406932309,27.62,17.125,0.219593194300562,3.97369297741544,1,0,0,0
10441,59.7608387726343,38.32,19.987,0.1666422892146,3.48174536386106,1,0,0,0
10442,61.3731345305878,29.03,27.759,0.134443535427913,3.47950274245068,0,1,0,0
10443,57.7913348723457,32.35,32.43,0.208995663412319,3.43544829186715,1,0,0,0
10444,64.3813901521555,39.19,35.404,0.178362694687618,3.43198873286314,1,0,0,0
10445,63.4690092911555,11.32,5.219,0.166366739021659,3.19638598856759,1,0,0,0
10446,65.3686883599064,5.54,34.115,0.282664665258022,3.47320737192816,0,0,1,0
10447,61.5884742310478,22.68,15.29,0.10244231849961,3.78390830775755,0,1,0,0
10448,51.63851708639,27.78,41.007,0.210922730169995,3.26214627192984,1,0,0,0
10449,61.920090368156,38.9,32.531,0.218091246502363,3.51029662007272,1,0,0,0
10450,63.0169951786268,32.19,41.663,0.184387682457491,3.92244637385538,1,0,0,0
10451,53.4351792192211,30.2,7.533,0.296045751497151,3.3995227312737,0,0,0,1
10452,50.4012332921248,4.98,9.625,0.219591827516913,3.32505546393972,0,0,0,1
10453,67.3974319935977,33.89,23.229,0.200193163820469,3.8206656939194,1,0,0,0
10454,67.1653184071249,12.08,28.1,0.208732401121197,3.94582538843826,0,0,1,0
10455,65.1305489233506,22.65,36.201,0.371065540675082,3.57645287527782,0,0,0,1
10456,60.9980841124128,35.1,18.767,0.16445040828772,3.54799828779857,1,0,0,0
10457,48.5019247277666,42.02,34.198,0.273488549826278,3.50243125842034,1,0,0,0
10458,55.8731094178013,21.09,16.083,0.157155179319264,2.95478020899349,0,0,0,1
10459,59.5364394520263,35.64,44.958,0.232490947054699,3.28829647462684,1,0,0,0
10460,49.4535036829962,18.95,1.146,0.292179471534152,3.01461033715007,0,0,0,1
10461,64.9103110274061,23.97,32.471,0.162850239283368,4.13524967100758,1,0,0,0
10462,60.7008053808538,23.46,17.974,0.13247572064094,3.46061302933502,1,0,0,0
10463,47.3430536481193,35.27,27.358,0.166536393320504,3.08635171434396,1,0,0,0
10464,52.4562833135667,31.61,20.839,0.126508802438471,3.28146841764273,1,0,0,0
10465,56.7871028152377,9.31,7.51,0.353414949938871,3.70739975327686,0,0,0,1
10466,71.2279315181154,5.74,32.509,0.121562787859697,3.82765829011278,0,1,0,0
10467,57.6778792301768,39.61,21.792,0.278712495127302,3.52531530428767,0,0,0,1
10468,48.5420221068923,40.8,40.699,0.216092651050372,3.54363954794559,1,0,0,0
10469,65.9328108391609,30.76,15.741,0.122643845676972,3.21548826638016,0,1,0,0
10470,55.3947018766962,6.09,6.859,0.113966533477993,3.1797404357268,0,1,0,0
10471,49.8226578993545,11.54,3.695,0.268237832580336,3.30651972310631,0,0,0,1
10472,61.4774171714908,30.9,43.887,0.106236559642023,3.97970463180913,0,1,0,0
10473,40.7701060255634,26.78,20.838,0.176781809459439,2.97711390226516,1,0,0,0
10474,60.0619910664998,11.1,8.151,0.296658842726788,3.52230588465934,0,0,0,1
10475,50.7188969589345,8.13,8.84,0.357131396193025,3.32095889551708,0,0,0,1
10476,63.1147161807699,5.13,22.741,0.0868453188499267,3.27575951332398,0,1,0,0
10477,68.361818688008,9.85,9.48,0.23456115617288,3.408332032914,0,0,0,1
10478,44.0529038805073,5.58,7.315,0.403611819607703,3.01707230196886,0,0,0,1
10479,58.5367476748711,26.38,11.514,0.184836922920324,3.02569655482787,0,0,1,0
10480,58.6230751359393,6.62,1.38,0.107034458882459,3.155235697755,0,1,0,0
10481,64.5162114729878,27.22,18.934,0.318599491444469,3.71131264423602,0,0,0,1
10482,55.758407375543,23.49,4.749,0.168582868686161,3.55647591816007,0,0,1,0
10483,65.2924526742052,32.48,16.232,0.285848590081908,3.48502892039555,1,0,0,0
10484,57.9065755390373,22.42,14.679,0.190575105072534,3.58191426475284,1,0,0,0
10485,66.9102348039196,9.79,33.033,0.447820312773368,3.91548163115898,0,0,0,1
10486,65.3464672769632,5.18,34.824,0.099294744013877,3.95917160228785,0,1,0,0
10487,56.0947315630081,16.22,2.196,0.0695576235102037,3.59605755159897,0,1,0,0
10488,71.5619763193113,12.53,22.469,0.320485487157301,4.09067267387199,0,0,0,1
10489,63.9985820837509,12.99,26.855,0.11179358768096,3.26038422844459,0,1,0,0
10490,63.589547247676,18.69,12.132,0.191993876360876,2.89629101456971,1,0,0,0
10491,48.8157465728483,27.5,23.861,0.101249030668408,3.11936815397992,0,1,0,0
10492,68.5146384576736,18.43,9.525,0.181054946877417,3.91494389686572,1,0,0,0
10493,45.4083314663642,30.8,22.254,0.166690188103045,3.18805061818643,1,0,0,0
10494,56.332077719489,31.98,27.761,0.172737795039191,3.38899475096571,1,0,0,0
10495,55.549245196185,18.91,10.023,0.192027537202208,3.14048064513333,1,0,0,0
10496,72.9955388122733,21.24,3.953,0.0960714466843693,3.92580678734557,0,1,0,0
10497,49.5641464991578,34.14,31.603,0.235361700477099,3.61629926271996,0,0,1,0
10498,72.9122867809024,13.15,28.116,0.0945676631851121,4.37611370357416,0,1,0,0
10499,59.5410089897393,6.06,1.245,0.265863330126783,3.40538319625176,0,0,0,1
10500,69.9024398219869,5.77,22.267,0.29321143537128,3.86098836044718,0,0,0,1
10501,57.9065322072083,17.15,22.86,0.305350714556231,3.2600271391319,0,0,0,1
10502,68.1609669538373,5.21,9.39,0.306991030122516,3.79804767674255,0,0,0,1
10503,61.232637838107,35.63,9.093,0.302869513260092,3.58718686856156,1,0,0,0
10504,61.2497274843508,20.54,10.132,0.163642156787575,3.15085899861812,1,0,0,0
10505,53.296683470139,6.97,2.845,0.240413811269901,3.43124225550955,0,0,0,1
10506,53.9335926736671,7.94,1.819,0.279924491088164,3.11207839577731,0,0,0,1
10507,69.7978009892146,5.73,30.682,0.0816795486211915,3.27020886161915,0,1,0,0
10508,51.0390846214666,29.61,36.889,0.224856619104752,3.38369129876158,1,0,0,0
10509,55.930475844546,27.73,8.822,0.203996999954998,3.89372139668928,0,0,1,0
10510,59.2827630846101,25.74,36.837,0.14591386624616,3.09638434998978,1,0,0,0
10511,56.3028268646987,18.92,9.302,0.359208666563458,3.36920126097795,0,0,0,1
10512,46.285235783579,19.42,30.934,0.179605489980746,3.44060402263814,1,0,0,0
10513,57.8686382299584,27.11,9.834,0.354282893621279,2.76561731117714,0,0,0,1
10514,60.6596203892614,24.49,19.047,0.0937195274883247,3.40671302227914,0,1,0,0
10515,69.4501831826376,11.53,23.268,0.34519497620202,3.71181241635775,0,0,0,1
10516,61.8096289518051,23.63,6.748,0.155838358174905,2.88484003285336,0,0,1,0
10517,50.8723723338678,37.33,22.487,0.156160779956286,3.31370647350618,0,0,1,0
10518,68.5175715270698,12.72,11.339,0.179884833207929,4.13721822299311,1,0,0,0
10519,66.6993396423602,17.44,2.685,0.187662133961719,3.48514550657019,0,0,1,0
10520,48.9387700403978,3.63,6.784,0.2699533867204,3.25862297338599,0,0,0,1
10521,67.1728214427167,10.79,34.214,0.165843278915353,3.48851320183444,0,0,0,1
10522,51.9189779299475,24.06,46.544,0.228608853577967,2.85979503148208,0,0,1,0
10523,51.295025865141,16.68,4.634,0.219785105372864,3.22927907697239,0,0,1,0
10524,64.313648334204,23.87,3.938,0.191310550246823,3.39029631691878,1,0,0,0
10525,62.9875880756466,10.4,14.344,0.120514137619436,3.43147596642922,0,1,0,0
10526,49.1695539751481,27.1,17.385,0.235516143227633,3.18909512342755,1,0,0,0
10527,65.7856462225715,33.25,10.848,0.168196844432779,3.2900465046065,0,0,0,1
10528,64.0105680028453,27.27,36.713,0.24866583333334,3.61049224447072,1,0,0,0
10529,69.7501062033799,6.58,6.952,0.104107866592803,3.48343178645322,0,1,0,0
10530,56.3417022562115,27.32,37.254,0.156620714448922,3.18205069894977,1,0,0,0
10531,64.7806163920204,31.66,22.277,0.0850554038313154,3.91582174050177,0,1,0,0
10532,55.6662053037198,4.25,7.99,0.417202131726936,2.96924703917099,0,0,0,1
10533,60.3666054531154,19.12,8.384,0.174578757667297,3.30777159633688,0,0,1,0
10534,62.0999276554422,27.36,14.323,0.239291753229436,4.00075153104596,0,0,1,0
10535,72.8700655700249,8.74,21.604,0.30085696095091,3.9771379625582,0,0,0,1
10536,63.2419403205494,20.33,14.754,0.214819356740658,4.12406879822698,0,0,1,0
10537,65.2371733795568,7.32,13.663,0.132485026010506,3.14658416960037,0,1,0,0
10538,58.4310793431364,34.64,27.173,0.226074039945383,3.51509292976232,1,0,0,0
10539,55.474411753508,21.73,35.693,0.164934074391622,3.2355441942586,1,0,0,0
10540,62.647297238803,12.17,26.82,0.125233442979801,3.53384190279905,0,1,0,0
10541,50.4148558281496,31.8,36.218,0.0935739756028919,2.68960457276932,0,1,0,0
10542,73.0498351781915,23.06,8.556,0.113785088302484,3.75262863833366,0,1,0,0
10543,44.7539959924052,29.36,24.407,0.191995823208196,3.25121495121775,1,0,0,0
10544,64.8326114585952,6.32,8.905,0.236290412796027,2.68942011317944,0,0,0,1
10545,64.0601871595102,9.87,0.611,0.180800570780547,3.16728761479291,0,0,0,1
10546,52.5451610763493,24.06,25.038,0.192541995420117,2.92228307478756,1,0,0,0
10547,74.0928224016393,7.03,11.859,0.0730926770079644,3.29380172453375,0,1,0,0
10548,65.3591444406032,33.51,28.205,0.190202599531912,4.18174116153451,1,0,0,0
10549,65.6848341868817,16.51,16.728,0.277110283608985,3.87805653385006,0,0,0,1
10550,49.9131112036346,4.32,5.365,0.347851936637666,3.44354713116558,0,0,0,1
10551,49.0200034288073,26.06,33.643,0.116278458882899,3.41193367542835,1,0,0,0
10552,58.8121381676367,23.26,4.182,0.175341190858926,3.66756340577725,0,0,1,0
10553,65.224289690583,28.33,32.228,0.0990488581307843,3.22010284143165,0,1,0,0
10554,70.6552273245561,6.6,15.29,0.252194143647328,3.72596717230958,0,0,0,1
10555,64.8370540676943,13.32,22.522,0.097985227604728,3.41077383592075,0,1,0,0
10556,55.8948432831877,23.42,25.201,0.0684873630144584,3.08188158973139,0,1,0,0
10557,52.9187644765496,20.9,31.925,0.241235316419835,2.90367138226498,1,0,0,0
10558,55.7019340789087,34.49,35.049,0.418005610569387,3.44031647111423,0,0,0,1
10559,61.5184617304802,33.81,21.848,0.109791693338548,3.68349497621431,0,1,0,0
10560,61.6055442552244,22.69,10.085,0.159352820313369,3.69597060535512,1,0,0,0
10561,67.1366262238801,13.11,27.653,0.18954486324246,3.55161414408499,1,0,0,0
10562,65.777429222899,10.69,30.559,0.363499855943361,4.01498266118436,0,0,0,1
10563,64.6499213532606,23.89,33.797,0.18845106705447,3.91024446586736,1,0,0,0
10564,70.865796790152,11.5,17.903,0.115163028821146,3.62907657092797,0,1,0,0
10565,58.9089762257305,6.76,6.69,0.248405653377919,3.50419086642762,0,0,0,1
10566,60.7269446717798,11.29,10.092,0.371354532562551,3.96577012780919,0,0,0,1
10567,64.7844025370127,22.47,10.146,0.148032204295128,3.36634142303171,1,0,0,0
10568,59.1919922666748,23.08,29.953,0.112412238677004,3.72936095428018,0,1,0,0
10569,66.7997978528331,29.1,20.08,0.255922795469693,3.47525654488886,0,0,1,0
10570,48.5961758571507,31.94,36.288,0.216987591637001,2.22977299485373,0,0,1,0
10571,49.215738826405,34.89,10.504,0.257960572219654,2.87054153355797,1,0,0,0
10572,62.2143351700949,21.71,4.386,0.230465251776945,3.3820990930197,0,0,1,0
10573,66.4353487988313,7.06,18.424,0.229443756057642,3.80851506128835,0,0,0,1
10574,62.243402794851,21.67,11.836,0.245172048647583,2.55429341188392,0,0,1,0
10575,57.1701033716556,24.55,36.437,0.239345907111944,4.26591887450879,1,0,0,0
10576,59.2900800701666,9.26,5.27,0.143014818716278,3.47374739890256,0,0,1,0
10577,64.0521131396621,16.45,0.873,0.125813590018912,3.9699838282152,0,0,1,0
10578,71.9454093636542,14.51,12.508,0.0864561641155128,3.60894733676381,0,1,0,0
10579,45.7199712274583,5.42,1.874,0.351489784825513,3.22842584212744,0,0,0,1
10580,61.8976184327865,36.99,26.661,0.190885769235435,3.776296207865,1,0,0,0
10581,72.1872794318645,17.67,19.415,0.335543984169744,4.46722954686502,0,0,0,1
10582,61.9754486750394,19.55,16.596,0.257426025967373,3.96061601464334,0,0,1,0
10583,63.8013523403975,23.31,3.717,0.212830797185143,3.71848503688108,1,0,0,0
10584,64.1221094722589,16.27,16.101,0.167272466830829,3.16916847950967,1,0,0,0
10585,65.1544208873605,33.86,35.067,0.280759098441225,3.24594391785341,0,0,0,1
10586,40.4868136210591,39.53,21.612,0.195361121568079,2.90080847248647,1,0,0,0
10587,73.1423625919269,9.23,21.531,0.118061520137891,3.94101223678075,0,1,0,0
10588,60.2065786617233,17.13,0.178,0.0941374639384811,3.90552529759364,0,1,0,0
10589,62.2609283310718,30.07,47.234,0.181867339822204,3.81055056177632,1,0,0,0
10590,55.7232791120107,26.53,28.132,0.0818501994296894,3.04532760250339,0,1,0,0
10591,48.0301209272157,18.64,2.252,0.367264751008168,3.2998083525192,0,0,0,1
10592,56.5089141506227,15.71,15.572,0.195127168057118,2.9592686383217,0,0,1,0
10593,55.6666325095787,30.92,36.871,0.287465007267447,3.94406046667825,1,0,0,0
10594,64.8497680078723,36.83,20.082,0.155368490687876,3.82036202680134,0,0,1,0
10595,65.3165202576907,19.8,24.96,0.0865266589868721,3.30775938062002,0,1,0,0
10596,60.8283598117238,28.98,18.102,0.322842001736924,3.61290417271761,0,0,0,1
10597,41.6235603631839,33.59,21.759,0.171896714667237,2.92263759672874,1,0,0,0
10598,55.0569320005628,7.25,9.723,0.248551153003173,3.50593196891847,0,0,0,1
10599,59.6006924347969,24.87,17.167,0.102386719231253,3.58199549629686,0,1,0,0
10600,66.9233931680675,14.0,34.432,0.102568694041374,3.50285936444229,0,1,0,0
10601,41.7764829496527,25.41,30.48,0.234141771649025,2.73930202105782,1,0,0,0
10602,60.7789363919774,18.53,9.549,0.278457618519049,3.53705705214587,0,0,1,0
10603,72.3594948513357,15.82,16.639,0.324167103757396,3.74102726132899,0,0,0,1
10604,50.8581344800194,38.15,30.166,0.0682854672874557,3.03657956572889,1,0,0,0
10605,53.1480242562662,25.2,22.919,0.0664310193374218,3.02048293188461,0,1,0,0
10606,59.9519799356672,21.9,0.655,0.217167793329268,3.77555920413217,0,0,0,1
10607,53.4113348612825,3.63,3.865,0.313050685011668,3.02411435501458,0,0,0,1
10608,47.8225506117556,33.24,24.816,0.249672393036352,2.91696739736357,1,0,0,0
10609,66.9402812756434,12.78,5.008,0.287364631243334,3.66635005482728,0,0,1,0
10610,68.2401397647226,13.43,20.937,0.10018449385041,4.09683067871847,0,1,0,0
10611,59.0376404697689,10.45,3.535,0.306748321835986,3.08334884412415,0,0,0,1
10612,65.0457724768689,17.36,6.137,0.288666276889205,3.89451667805553,0,0,1,0
10613,67.1702865210354,37.9,7.775,0.297832562290832,3.2376856672744,0,0,0,1
10614,42.5187021793724,6.65,1.621,0.324187661107813,2.85817064800423,0,0,0,1
10615,66.4701541816562,22.79,17.716,0.145977752889949,3.77382851328477,1,0,0,0
10616,60.0075590395181,35.67,13.767,0.193128280054791,4.14927393468717,1,0,0,0
10617,61.8675686932701,29.62,17.795,0.188129358721611,3.63671972793939,0,0,1,0
10618,71.7690924146744,5.75,8.308,0.0919739981816158,5.15787710100891,0,1,0,0
10619,69.1422227363134,39.26,8.288,0.0989072011718589,4.06073352510005,0,1,0,0
10620,58.8320185004791,32.74,32.778,0.28924405548656,3.23974925446029,1,0,0,0
10621,62.7694413692089,24.04,11.353,0.178842952068225,3.39219323673109,0,0,1,0
10622,63.3717639818613,17.21,16.466,0.200708361425327,3.82052704862162,0,0,1,0
10623,62.1639266912019,18.85,37.736,0.20815407613017,3.58392895595924,1,0,0,0
10624,57.2019850682837,10.32,5.017,0.317397470056314,3.78358983906123,0,0,0,1
10625,70.6414809710219,12.38,19.189,0.286770809514812,3.53331086325745,0,0,0,1
10626,65.2792890790443,6.12,1.195,0.310220748234752,3.5439714983088,0,0,0,1
10627,46.523153430784,5.99,6.391,0.172802540247282,3.23192072217546,1,0,0,0
10628,64.8612632798009,38.04,13.149,0.179713649498027,3.55417252268542,0,0,0,1
10629,69.0317216278315,12.33,25.049,0.129467449931749,3.77527814721224,0,1,0,0
10630,52.7144016059326,23.73,45.209,0.3922237576155,2.83231430936036,0,0,0,1
10631,63.3958996913381,19.86,7.259,0.242643147667385,3.11002674461054,0,0,1,0
10632,58.9764661080856,15.63,1.124,0.170856428770583,3.58410629523892,1,0,0,0
10633,47.1551431489253,42.26,41.951,0.0761245663512634,3.07477241895679,0,1,0,0
10634,76.4559942338292,6.5,13.03,0.32026052231804,3.92872210931627,0,0,0,1
10635,68.2164384995762,14.42,12.902,0.0953376631672108,3.86151952567793,0,1,0,0
10636,58.1067745440617,22.42,0.482,0.221146812007094,2.85489252637375,1,0,0,0
10637,66.4192744367337,7.54,1.012,0.114821524157079,3.39997950677046,0,1,0,0
10638,62.2510789782632,30.2,26.664,0.238737379672315,3.11411403730324,1,0,0,0
10639,53.7869051279546,6.73,9.93,0.324283950903027,3.38545032509464,0,0,0,1
10640,47.8132573452552,4.39,0.386,0.299538957450213,3.57398519375025,0,0,0,1
10641,62.6511721867805,19.03,10.975,0.152622105424587,3.15526122889006,0,0,1,0
10642,62.9497596396132,14.29,26.445,0.217321422876635,3.18901384170287,0,0,1,0
10643,56.882142861711,40.05,40.456,0.123247867653172,3.12997626277123,0,1,0,0
10644,70.1588490099851,15.99,4.015,0.264253529565459,3.90227569157543,0,0,0,1
10645,66.4111353834184,22.71,15.84,0.266937763639347,3.42455915322425,0,0,0,1
10646,49.994667918097,24.42,31.958,0.0800142757392754,3.12382018035134,0,1,0,0
10647,62.6363642569081,4.77,1.928,0.0982668893710655,3.17443837249546,0,1,0,0
10648,62.3352910824066,27.0,5.334,0.209466588748533,2.88524828111631,0,0,1,0
10649,55.6090636034306,17.78,7.758,0.237954253763135,3.38020375111399,0,0,1,0
10650,60.8684529218408,31.92,25.447,0.19193713291373,3.3379477922433,1,0,0,0
10651,68.0279456114898,12.57,22.47,0.0474052693668701,4.12915797445987,0,1,0,0
10652,52.9214901537788,18.76,2.179,0.0785317292971638,2.74380093173557,0,1,0,0
10653,43.2303926067212,7.27,9.019,0.122743193605956,2.71359700406074,0,1,0,0
10654,69.0619090276468,31.68,17.623,0.111843395570459,3.74523529934877,0,1,0,0
10655,64.7015081780569,8.92,19.827,0.22005677686557,3.15395916816377,0,0,1,0
10656,68.602935098637,33.7,23.752,0.116942556722814,3.91346262125426,0,1,0,0
10657,45.9736834464989,25.05,27.427,0.2039278642579,3.04572024267523,0,0,1,0
10658,54.4619842485488,35.24,34.735,0.0921808520596972,3.45989063126091,0,1,0,0
10659,61.188769875364,9.24,22.423,0.3118813536467,3.36743686466906,0,0,0,1
10660,73.4004677305842,6.83,6.172,0.274322079686274,3.00085027906053,0,0,0,1
10661,70.8282273369896,24.0,23.11,0.062940434002702,4.2893485844645,0,1,0,0
10662,51.9467277156827,29.9,32.59,0.166103723810737,3.48444680258576,1,0,0,0
10663,62.5782317244947,9.65,5.616,0.0740420650366906,3.43282169088518,0,1,0,0
10664,55.3918622426815,23.96,22.762,0.283013805570148,3.27350347969879,1,0,0,0
10665,70.4333649593164,19.56,15.359,0.237339373052914,3.26022482119972,1,0,0,0
10666,59.7376593077029,35.66,25.001,0.113588775136295,3.40052031776301,0,1,0,0
10667,67.0642326139009,33.44,44.523,0.0729267889963491,3.53486027747146,0,1,0,0
10668,42.4026371767771,32.5,39.25,0.330100987087119,2.95621080630957,0,0,0,1
10669,60.7575972933947,23.11,22.467,0.0976954871956737,3.51366100598455,0,1,0,0
10670,54.3192797961501,6.66,0.781,0.120962682983716,2.3078959858651,0,1,0,0
10671,57.1889567800245,5.4,6.333,0.396902767767705,3.52270724143803,0,0,0,1
10672,69.0094134618047,9.41,19.191,0.174066445656859,4.16365269076295,0,0,1,0
10673,61.1882925462855,8.62,2.331,0.341710232038515,3.29169059469987,0,0,0,1
10674,61.0859032398444,30.21,16.557,0.262192320729661,3.12527119970117,0,0,0,1
10675,61.8281378721348,29.49,22.018,0.131620105212616,4.21357924730384,0,1,0,0
10676,65.0355694432043,33.05,26.1,0.267635985123191,3.29432217861876,0,0,0,1
10677,45.1441034881739,42.13,34.566,0.101081006533121,2.82134012907769,0,1,0,0
10678,66.5068265958691,21.5,14.16,0.240206673478872,3.70166260257698,0,0,1,0
10679,55.6274034464175,34.59,38.194,0.197337690590171,3.41968568123234,1,0,0,0
10680,59.0578164386329,23.52,27.69,0.228810817489817,3.84915106443822,1,0,0,0
10681,68.1506505720954,4.9,3.779,0.351986584995694,3.70484091361648,0,0,0,1
10682,72.2776126185561,13.54,30.92,0.189779108079719,4.11176189537758,0,0,1,0
10683,44.430200452939,28.5,32.221,0.0893557000215018,2.7558559314079,0,1,0,0
10684,71.370804065831,35.91,14.184,0.091471291087526,4.02667020528463,0,1,0,0
10685,66.9099033668107,6.88,16.683,0.186826984052253,3.66777316379785,0,0,1,0
10686,50.0148205667816,33.73,31.526,0.213170159470699,3.68505934173686,0,0,1,0
10687,69.3049238312963,24.41,30.675,0.252936912577769,3.48370334686729,1,0,0,0
10688,50.1129983716181,5.04,5.335,0.496031411293307,2.86181273910939,0,0,0,1
10689,71.8657481564105,13.16,28.773,0.367285615222693,2.76461344895116,0,0,0,1
10690,71.9277296120743,13.47,28.059,0.0921260755616932,3.78339372199873,0,1,0,0
10691,39.890680914735,17.51,1.612,0.0749341880229587,2.88330993534002,0,1,0,0
10692,70.7104527402222,33.25,11.159,0.122005845801704,3.42299389124772,0,1,0,0
10693,58.0959764317549,31.19,29.428,0.212959855263472,3.66789891973802,1,0,0,0
10694,65.1373071735799,6.53,1.646,0.305115042210991,3.31003029240478,0,0,0,1
10695,52.5550626902148,16.67,28.135,0.0871739380831513,3.64854320652292,0,1,0,0
10696,68.2420886185968,30.91,29.278,0.0789153950298882,3.52573346585849,0,1,0,0
10697,47.4149480320087,31.5,23.436,0.0684587942593411,3.19099283173941,0,1,0,0
10698,72.0154018315117,30.3,21.647,0.118803792758802,3.99065704273997,0,1,0,0
10699,63.9750258941453,21.73,3.361,0.223939275303748,3.86340910918767,0,0,1,0
10700,62.8017256139267,26.19,30.0,0.10195683032632,3.7601514463703,0,1,0,0
10701,37.7114656727811,32.79,30.126,0.282671774179847,2.56949697217629,0,0,0,1
10702,66.6146763775051,33.16,30.485,0.0887002080311591,2.91247517292258,0,1,0,0
10703,62.272384125775,28.4,25.204,0.0910675725121812,3.67881082910209,0,1,0,0
10704,57.1056730782022,34.01,27.867,0.164546912559903,2.98240092849175,0,0,1,0
10705,67.3842861186239,24.96,28.626,0.205372402977379,4.18716784910074,1,0,0,0
10706,56.2666306381518,30.9,10.878,0.254800218076929,3.49088850809695,0,0,1,0
10707,66.4722894891841,18.47,0.792,0.268143878282772,3.60291888438238,1,0,0,0
10708,63.6583138047756,20.53,7.947,0.135218252932244,3.81705157871591,0,1,0,0
10709,58.2694329956608,22.92,29.548,0.099021522474899,3.74842498862162,0,1,0,0
10710,44.1782875007718,31.75,31.245,0.242875599053336,3.31644138843137,0,0,1,0
10711,64.2940431508124,34.67,31.366,0.100713882104401,3.66564558383934,0,1,0,0
10712,55.0276385237103,19.04,7.059,0.275455989803416,3.31656338217993,0,0,0,1
10713,66.0958825724103,33.85,35.346,0.282991432685155,3.57026418845872,1,0,0,0
10714,66.3877925283191,13.41,33.855,0.22027922278218,3.78596291575191,0,0,1,0
10715,62.4993382525424,13.25,24.857,0.230281164158733,3.41002984106486,0,0,0,1
10716,65.0599551681257,15.88,0.584,0.204076067725245,3.86076339123661,0,0,1,0
10717,47.6479014942247,40.5,36.573,0.211148446076722,2.77509243763333,0,0,0,1
10718,66.5126710946792,24.41,19.798,0.194599192776549,3.84904799095715,1,0,0,0
10719,61.2355446296043,29.26,16.135,0.209642326907807,3.36184090944333,0,0,1,0
10720,43.483765598974,23.36,31.711,0.0904892835871013,3.00288633859727,0,1,0,0
10721,70.5061573383669,10.93,28.274,0.204752520107906,4.03269506529109,0,0,1,0
10722,55.3081467851942,14.46,1.947,0.104631808555109,3.44714171162679,0,1,0,0
10723,63.0226551639329,19.6,10.689,0.17533603537661,3.66285585074701,1,0,0,0
10724,50.0852879332575,39.68,19.154,0.238524219973001,3.19303228618921,1,0,0,0
10725,68.2022488703562,13.66,20.973,0.222332159186503,3.7816289673725,0,0,1,0
10726,60.5538686828043,14.77,3.359,0.192498874264346,3.64333766233043,0,0,1,0
10727,65.5363245709997,6.92,4.057,0.35072723979723,3.42811879190588,0,0,0,1
10728,66.2083251696725,27.03,23.594,0.2324011744182,3.93736602245714,1,0,0,0
10729,70.5588002617295,11.02,26.344,0.364179542184669,3.94840362391391,0,0,0,1
10730,57.0678114870838,3.76,9.543,0.231458646669509,3.36777605521419,0,0,0,1
10731,60.3512741001968,23.22,3.637,0.188734739291644,3.56445464358538,0,0,1,0
10732,56.837747432901,12.33,17.716,0.103117911855589,3.78924906711144,0,1,0,0
10733,67.0880177566302,29.12,33.255,0.202341780047121,3.57911300226485,1,0,0,0
10734,59.8587331800853,15.43,19.45,0.114386084938873,2.64791180902295,0,1,0,0
10735,61.9054077512172,6.91,8.028,0.261532530779563,3.58802160272606,0,0,0,1
10736,60.3039050979136,35.87,10.209,0.135353426461225,3.96356889188686,0,1,0,0
10737,66.7980651071185,7.69,16.68,0.110702346579688,3.5811765168974,0,1,0,0
10738,60.0201101800523,29.43,33.856,0.0393851870295462,3.36230416981776,0,1,0,0
10739,72.5712802034038,8.22,26.335,0.194049243228136,3.33189059302047,0,0,0,1
10740,66.5624140312957,12.24,8.381,0.312135159725789,3.4232811679058,0,0,0,1
10741,59.5648506760984,12.95,18.391,0.0813475234947075,3.65671732071819,0,1,0,0
10742,60.812380448079,12.1,13.122,0.16979790276757,2.64529691052842,0,0,1,0
10743,54.4361309056638,7.69,3.402,0.325557604881827,2.81615096292449,0,0,0,1
10744,67.0808023196471,14.64,8.487,0.0831602637079187,3.04494492242846,0,1,0,0
10745,45.7550643314005,30.93,30.888,0.115547952265002,3.1512721085092,0,1,0,0
10746,63.0014220217153,14.65,18.369,0.0809811919067363,3.29223217067633,0,1,0,0
10747,69.4988212325267,23.74,19.672,0.0616203870248153,3.28332816489382,0,1,0,0
10748,60.0455859470232,32.33,30.449,0.124609947077629,3.87271810198885,0,1,0,0
10749,66.5066925187008,9.23,28.105,0.0765021262266725,3.84239832438483,0,1,0,0
10750,70.9596256166196,25.02,18.194,0.15108175647267,3.87823978390351,0,0,1,0
10751,70.4328244342061,24.74,7.055,0.0808446752272682,3.25329465400825,0,1,0,0
10752,65.3777811812189,21.37,35.989,0.188793759500355,3.83779267116391,1,0,0,0
10753,67.8880643274132,7.42,8.261,0.270350291717348,3.85202100611764,0,0,0,1
10754,51.306071097087,28.49,22.035,0.145531242984843,3.47585975624682,1,0,0,0
10755,58.1060641326655,16.45,9.681,0.218019865294578,3.29597167513028,0,0,1,0
10756,67.0012211220748,8.02,15.498,0.110940313139003,3.45390555802303,0,1,0,0
10757,65.9945416835843,29.99,17.37,0.196576823690629,4.37442822342708,1,0,0,0
10758,54.0946868835238,24.71,5.8,0.209185947359253,2.84992516823776,0,0,1,0
10759,62.4377165040276,15.71,3.105,0.219827267467891,4.20948408974321,0,0,1,0
10760,70.0828793670575,9.2,28.179,0.280739514579581,3.96035810248289,0,0,0,1
10761,59.7386272986563,35.27,31.461,0.0970363530570813,3.71795961746887,0,1,0,0
10762,63.3891671473839,6.57,7.927,0.245630313167009,3.2659638949161,0,0,0,1
10763,72.2356818091573,9.26,9.215,0.326350385766535,3.51824654224231,0,0,0,1
10764,58.5193321428789,29.87,18.688,0.283507648483885,3.35481466585245,0,0,0,1
10765,51.2211370959625,5.86,4.866,0.283491956005581,3.02307350427261,0,0,0,1
10766,44.4288375990925,28.27,47.204,0.218263798764532,2.97934790863618,0,0,1,0
10767,66.578745678763,9.95,32.081,0.0880518197114132,3.92561298621526,0,1,0,0
10768,56.9883715982681,5.99,5.976,0.293366256423653,4.41262271557429,0,0,0,1
10769,68.8742442897256,10.76,25.219,0.127368389254102,3.73843316132541,0,1,0,0
10770,57.5977259679545,3.55,8.881,0.299996894026328,3.43006800089374,0,0,0,1
10771,65.3914153795049,24.28,17.375,0.370970999762429,3.55615819830011,0,0,0,1
10772,43.1804068137949,28.39,29.129,0.120287892688598,2.83861216066529,1,0,0,0
10773,63.8216488826546,32.96,21.78,0.309104405760342,3.88967394571947,0,0,0,1
10774,53.4109845258321,24.56,0.099,0.0963584693979657,3.2331282248143,0,1,0,0
10775,42.252176215923,25.93,25.846,0.128253784836728,3.00200053499609,0,1,0,0
10776,68.7731091190706,7.72,27.559,0.127735712264132,3.66130741339272,0,1,0,0
10777,37.4965197602682,25.05,38.522,0.229775393587799,2.85504928585437,0,0,1,0
10778,46.4265518138563,27.23,32.447,0.235731819188862,3.10483623159849,0,0,1,0
10779,66.6182271060866,13.13,34.075,0.21706531517511,2.8816039329601,0,0,0,1
10780,68.0939362684225,7.92,6.569,0.16889865594367,3.39932905194473,1,0,0,0
10781,63.5771810305301,26.56,35.538,0.0553338129507264,3.21924966370391,0,1,0,0
10782,60.3544966090155,26.39,37.756,0.12318833642992,3.68674494248263,0,1,0,0
10783,53.0950144950469,6.24,3.084,0.110060579974488,3.25397331480111,0,1,0,0
10784,51.1430153918781,3.43,8.171,0.263272970252571,3.41376172543976,0,0,0,1
10785,70.7990324256986,6.16,29.888,0.146075865312674,3.39915154064428,0,0,1,0
10786,50.0652216664165,3.31,0.599,0.378845922553921,3.53752483223845,0,0,0,1
10787,55.8822461675024,37.1,36.386,0.273239424344938,3.47569241790378,0,0,1,0
10788,51.7717997445433,36.21,18.069,0.115201633557548,3.34866656626317,0,1,0,0
10789,67.9479662822832,9.08,33.735,0.116168298107204,3.60287837757297,0,1,0,0
10790,71.1423682403415,7.61,15.408,0.17770480042746,4.36859289087781,0,0,1,0
10791,47.4540001074248,9.93,9.732,0.0919187122456061,3.01851374238156,0,1,0,0
10792,57.4335502371175,24.46,3.043,0.221854572478731,4.0734237706263,0,0,1,0
10793,49.9155497053496,36.22,42.699,0.180812396777559,3.29392005396375,1,0,0,0
10794,61.2637718332342,31.49,4.051,0.115742350749035,3.67371309453743,0,1,0,0
10795,60.4504747392077,30.63,24.817,0.0955985848037566,3.35892818535737,0,1,0,0
10796,59.8892886532489,19.93,0.368,0.181681044829187,3.97442417164145,0,0,1,0
10797,41.6658530770613,21.61,27.917,0.223193529244753,3.36826944141525,0,0,1,0
10798,56.5956038968407,21.56,14.346,0.125318606184978,3.23800336677839,1,0,0,0
10799,67.0943716773804,6.68,18.444,0.153367865739582,3.98022242470882,0,1,0,0
10800,48.045023011697,3.47,0.529,0.313274201627719,2.8873741816648,0,0,0,1
10801,73.1735091668271,7.54,15.037,0.278693516722263,3.77388909937946,0,0,0,1
10802,43.5188144209581,34.33,32.116,0.111652791585179,2.73589815325861,0,0,1,0
10803,67.9903110772336,23.71,36.604,0.144838642940947,4.45382929293201,1,0,0,0
10804,66.6145398727859,28.69,2.257,0.294703299605953,3.62718805589375,0,0,1,0
10805,54.9609073417802,3.41,1.202,0.26449168412979,3.20519494056194,0,0,0,1
10806,62.0200385061246,4.73,1.953,0.195481302263905,3.7126770732876,0,0,0,1
10807,66.4983059448482,14.01,19.52,0.292116760318205,3.09584575935751,1,0,0,0
10808,65.7741837464915,17.08,15.353,0.214928870302352,3.46325917595301,1,0,0,0
10809,63.6768495754205,20.59,0.902,0.117617879385775,3.77419196878681,0,1,0,0
10810,62.8789467270408,13.41,8.129,0.260650109134946,3.67368702554303,0,0,0,1
10811,65.3460830185976,8.79,10.297,0.0985999125272288,3.51746694811475,0,1,0,0
10812,44.0346946549795,24.13,32.639,0.268874265667237,3.13231772652731,0,0,1,0
10813,67.074547997091,41.18,35.615,0.274884175373423,4.94216322203529,1,0,0,0
10814,63.3095568861901,13.88,12.078,0.277791703055929,3.60219485966518,0,0,1,0
10815,58.9209136632046,37.3,19.753,0.211535228168741,3.62890983834776,1,0,0,0
10816,64.8126643156576,14.75,22.758,0.10984481013205,3.64088708008888,0,1,0,0
10817,65.0919038914776,31.58,21.598,0.0835998685648688,3.94266662786462,0,1,0,0
10818,63.4740714693912,14.25,4.285,0.100001287103639,3.2653518922224,0,1,0,0
10819,66.1380489509477,30.43,28.323,0.243902279819057,3.48368185124702,1,0,0,0
10820,60.4850786205815,20.28,12.84,0.0942916143422753,3.31494223743436,0,1,0,0
10821,62.8275667339801,21.67,15.767,0.193183873237717,3.46768102544713,0,0,1,0
10822,50.3873369637574,13.59,8.197,0.231909021910941,3.29842032732392,0,0,0,1
10823,62.7047134406433,25.44,12.979,0.231844470267945,3.70762813962712,1,0,0,0
10824,45.293304065486,12.65,9.388,0.342366267885641,2.48267798352656,0,0,0,1
10825,49.8221490356857,24.72,5.312,0.346019611483121,3.08812972307265,0,0,0,1
10826,58.5250821150233,21.58,28.827,0.199781767350229,4.21959257847149,0,0,1,0
10827,47.4074805077761,3.24,9.86,0.237926849927557,3.50414235730197,0,0,1,0
10828,63.1808675462896,27.22,19.135,0.188156118527728,3.62795227126881,1,0,0,0
10829,59.4753037040837,18.68,3.423,0.224183638235546,3.44341783214392,1,0,0,0
10830,62.8456591406833,30.98,38.755,0.338418241431344,4.44019864546737,0,0,0,1
10831,49.8635729137683,12.82,4.755,0.261263257165816,3.45605881889125,0,0,0,1
10832,68.7313146920002,6.25,13.672,0.100253778264319,3.81452249466013,0,1,0,0
10833,72.8177767853954,11.99,10.067,0.108418112703241,3.63176638645871,0,1,0,0
10834,61.6692115492092,19.78,34.416,0.234227663396867,3.59542756047033,1,0,0,0
10835,55.8565179952097,23.37,7.324,0.119087900110942,3.43111998610096,0,1,0,0
10836,53.7900846955552,20.58,1.508,0.265267819814945,2.96808917523498,0,0,1,0
10837,70.3419311144817,14.85,26.288,0.199184375559226,3.75994568260144,0,0,1,0
10838,59.9021542379464,24.96,6.957,0.21019132841318,2.68939158642261,1,0,0,0
10839,58.9718273723664,17.56,3.421,0.194589369681941,3.70341004749708,1,0,0,0
10840,63.8972167834906,18.28,10.782,0.186253638265941,3.38075797546208,0,0,1,0
10841,65.807601366743,6.43,34.219,0.283074046145593,3.38418036535834,0,0,0,1
10842,71.7075075337836,5.25,8.242,0.0895874220547973,3.59495578579357,0,1,0,0
10843,67.343418654886,28.26,32.499,0.100072260114406,3.46332469532062,1,0,0,0
10844,65.810149324164,9.48,10.07,0.114243394374886,4.08771262716202,0,1,0,0
10845,60.652444744478,38.08,32.384,0.150331597011848,3.13098208100495,1,0,0,0
10846,64.2965230593907,19.82,10.751,0.124586250524118,3.45668513833883,1,0,0,0
10847,68.6948353214564,12.38,9.575,0.210003680280064,3.63271280918082,0,0,0,1
10848,77.9519791937438,14.33,14.92,0.123304705982586,3.7802155074587,0,1,0,0
10849,47.3338687138941,4.26,9.215,0.270698912350842,3.08698213946562,0,0,0,1
10850,59.0099307278331,30.65,44.981,0.179650107739263,3.46237794157449,1,0,0,0
10851,55.9713698114908,30.65,38.685,0.163610191007724,3.62006013514973,1,0,0,0
10852,52.3743465361186,38.47,28.581,0.131537930125895,3.50149551503764,0,1,0,0
10853,64.3278100227363,8.73,13.954,0.0853280442842301,4.4232363276336,0,1,0,0
10854,59.7060261144883,18.94,12.954,0.204423130651548,3.77027174782105,0,0,1,0
10855,66.7126817259258,13.59,22.535,0.137135028780478,3.73995516447718,0,1,0,0
10856,63.9535215746806,22.78,8.96,0.158700024262314,3.82426481482172,0,0,1,0
10857,67.8528657801906,5.25,15.235,0.101244022142566,3.87533204655337,0,1,0,0
10858,68.0704560630221,13.18,9.596,0.21347158434308,3.54436309740407,0,0,1,0
10859,67.7546027697872,14.79,15.319,0.24590508129735,3.95993282625077,0,0,1,0
10860,47.1063497204781,29.22,34.914,0.24382288259211,2.64032801590747,1,0,0,0
10861,62.531456808766,16.99,13.17,0.169937220621957,3.61169801278849,0,0,1,0
10862,57.2849046506862,28.58,32.731,0.205903548301586,2.94249250341856,1,0,0,0
10863,63.2571248951038,30.23,37.741,0.219157124115129,3.00104594133725,1,0,0,0
10864,65.6753521081015,4.65,7.013,0.316816291366903,3.92507180207414,0,0,0,1
10865,62.3772881247732,10.13,7.941,0.323346381151531,3.71034715714154,0,0,0,1
10866,64.4212426353125,8.98,5.011,0.223224470034049,3.4118920002193,0,0,0,1
10867,46.1065361863521,4.17,2.239,0.274283748000178,3.16678790563709,0,0,0,1
10868,64.4395665915289,10.07,2.689,0.118329916734545,3.57505991835057,0,1,0,0
10869,59.3035848045635,31.09,0.664,0.214056329446161,3.57428803982036,1,0,0,0
10870,41.2589478367783,4.38,0.853,0.0815357164595751,3.1702779281969,0,1,0,0
10871,51.7348045127799,42.64,28.22,0.21130701222878,2.79316882426838,0,0,1,0
10872,68.1786824170078,5.39,25.761,0.0949492206988012,3.66898226227306,0,1,0,0
10873,44.4373031035968,29.06,29.46,0.112930215897674,2.89757858987936,0,1,0,0
10874,63.5734130204946,11.07,10.313,0.26372454832865,3.68205008746132,0,0,1,0
10875,67.1701597552149,29.35,38.004,0.178402946895948,4.04609036849921,1,0,0,0
10876,65.8385276825287,34.16,26.19,0.178167648996487,3.98003474297048,1,0,0,0
10877,56.5588894562931,8.85,13.677,0.289906651544249,3.65141239270446,0,0,0,1
10878,71.7286655231169,12.79,14.549,0.110894405464414,3.65845965155074,0,1,0,0
10879,54.1384849082793,23.59,13.94,0.249837385235034,3.39071258871547,1,0,0,0
10880,68.2038602193267,12.8,14.337,0.0801188007216375,3.31459344818895,0,1,0,0
10881,67.4429469290175,11.71,13.581,0.310012822944597,3.50777722408013,0,0,0,1
10882,70.750670266256,15.18,22.021,0.105675174958756,3.59991129344443,0,1,0,0
10883,58.1102063403167,39.51,19.947,0.409659138912595,3.45269798453825,0,0,0,1
10884,66.0242216204127,31.01,20.641,0.20108555359698,3.77473372218034,1,0,0,0
10885,62.9824272887814,8.83,4.951,0.120584262855475,3.78464004971203,0,1,0,0
10886,59.1190577155823,27.27,25.904,0.112071099151797,4.20399806413653,0,1,0,0
10887,67.6919970784865,35.71,43.636,0.137656142224195,3.46020664340066,0,1,0,0
10888,59.4393860933371,19.46,0.159,0.194212451670777,3.8723192098025,0,0,1,0
10889,51.0635160121419,26.34,33.267,0.242039963604664,3.07775295303598,1,0,0,0
10890,64.2051667453673,16.37,9.98,0.208377235819488,2.88973762414669,0,0,1,0
10891,47.1998958753482,32.18,19.201,0.0407527986669762,2.94978860107263,0,1,0,0
10892,64.4155462439567,9.63,17.5,0.176392557550425,3.5874758861006,0,0,1,0
10893,73.7362898425006,7.71,25.903,0.207029792333896,3.84431009682351,0,0,1,0
10894,66.6258135249044,20.01,11.228,0.185848535332667,3.68247391820505,1,0,0,0
10895,73.0530539498358,9.65,29.162,0.267541324290168,3.93217437657131,0,0,1,0
10896,65.1497804836393,20.18,1.533,0.16349999794282,4.47899876614538,0,0,1,0
10897,62.4443854607467,17.68,8.748,0.383226749455822,4.06997540725647,0,0,0,1
10898,49.6022970703806,34.98,18.343,0.0908129875642214,2.90134453711699,0,1,0,0
10899,70.363026573498,6.91,15.35,0.392801374826886,3.39038934851058,0,0,0,1
10900,62.0659690157971,24.39,37.924,0.0814648088752871,3.97941515076472,0,1,0,0
10901,57.7277868253533,9.25,14.245,0.102643782337272,3.48472021941086,1,0,0,0
10902,55.3817974626766,4.95,0.602,0.332886898598417,3.28996734328115,0,0,0,1
10903,42.1738711554038,32.59,27.532,0.181967266144252,2.85395147198838,1,0,0,0
10904,62.1986294704082,4.06,9.588,0.188403164181951,3.34669174428682,1,0,0,0
10905,45.3670910311548,25.7,31.442,0.196382046027382,2.3394306735947,1,0,0,0
10906,71.3786134645289,5.23,19.5,0.28664011043083,3.33331529228937,0,0,0,1
10907,62.0020564474103,19.97,13.081,0.192446802465627,3.37267398628194,1,0,0,0
10908,58.428831214377,16.57,14.795,0.246194363759647,3.24051736505242,1,0,0,0
10909,50.595880682605,5.18,4.806,0.0653120209140758,3.31886506825342,0,1,0,0
10910,61.5147866126237,31.44,39.604,0.0556914002665946,3.22172893236983,0,1,0,0
10911,57.3023261274158,4.53,7.173,0.336595534344957,3.21779706727076,0,0,0,1
10912,60.6542902725552,18.94,12.572,0.21013121052903,3.46736404886353,0,0,1,0
10913,49.8148412729426,35.76,22.743,0.213757821075599,2.90080870363769,1,0,0,0
10914,70.4245710191993,11.59,15.143,0.224680216649003,4.1928769391823,0,0,0,1
10915,59.6909870746926,23.06,18.298,0.194924701608827,3.46451612562257,0,0,1,0
10916,61.0197074178193,15.65,2.942,0.0798863624902382,3.29824197708137,0,1,0,0
10917,48.5025233830339,30.13,32.47,0.137527763739074,3.24339160804607,0,1,0,0
10918,67.3166190210655,25.52,19.328,0.0898624706760204,3.91735819109016,0,1,0,0
10919,65.429219738152,37.28,29.648,0.165446891989871,3.65177607650854,1,0,0,0
10920,62.0574381553866,29.94,25.528,0.312421688497767,3.45750718252483,0,0,0,1
10921,64.7086285441105,17.49,14.086,0.221082390468467,3.65323732924745,0,0,1,0
10922,44.526177835632,30.85,36.509,0.175132268555744,3.1844312348257,1,0,0,0
10923,60.1786479294057,18.03,7.914,0.200181408418424,4.0271821673944,0,0,1,0
10924,38.4274843731284,5.86,8.98,0.131021934156127,2.52916007888383,0,0,1,0
10925,67.4592685519146,11.67,10.871,0.209239937054931,3.28705301137512,0,0,1,0
10926,65.2615549038233,24.74,2.058,0.0933099641328204,3.4239972906413,0,1,0,0
10927,68.016983763892,4.6,2.894,0.239028564448636,3.41221957069828,0,0,0,1
10928,58.0890824476781,8.06,13.956,0.114023158937983,3.94161002814468,0,1,0,0
10929,68.7637170052369,7.65,22.416,0.0894703014491427,3.93047937893796,0,1,0,0
10930,62.8662927247892,24.11,0.63,0.195232262140359,3.53299028249596,1,0,0,0
10931,53.1668909292204,12.8,9.778,0.382360911332407,2.87538524725213,0,0,0,1
10932,43.208920738631,27.46,27.481,0.195399816176952,2.91639139917622,1,0,0,0
10933,64.838800853818,19.76,12.084,0.142558744674422,3.47685084120083,1,0,0,0
10934,68.0408136304415,12.28,12.316,0.0924421652260061,3.77586835644546,0,1,0,0
10935,65.4944813461195,13.98,38.514,0.263471705698576,3.35216309491699,0,0,0,1
10936,63.3551809215615,20.99,8.932,0.218803069587473,3.38539109844778,1,0,0,0
10937,46.6924336509604,22.88,27.344,0.283831766307299,2.93640344295916,0,0,0,1
10938,65.4773866444843,25.15,3.963,0.215769345959444,3.63199634646935,1,0,0,0
10939,57.6474837445182,10.32,9.949,0.271761687185095,3.22231167090435,0,0,0,1
10940,60.8720174875295,23.74,2.564,0.205815924889877,3.1612074412316,0,0,1,0
10941,63.9599536658494,32.89,28.737,0.247822476923614,3.71810554452738,1,0,0,0
10942,61.7202537846446,25.75,32.285,0.1481254863827,2.98341421175641,1,0,0,0
10943,41.2323178088819,27.47,24.418,0.114761367612732,3.01451407571718,0,1,0,0
10944,61.3871226498306,24.02,7.517,0.280583355877635,3.08588772180522,0,0,0,1
10945,50.7837775714622,29.07,35.408,0.194217555455003,3.33337065734949,1,0,0,0
10946,66.9809652045291,19.71,17.1,0.302677050348697,2.85836006263399,0,0,0,1
10947,59.9114519573357,26.51,36.005,0.128965324830941,3.21213682017831,0,1,0,0
10948,70.4549767232802,8.59,18.38,0.123377291237804,4.00760355571887,0,1,0,0
10949,73.5148686855396,12.11,22.244,0.127588596134797,3.92824733523099,0,1,0,0
10950,50.2486488060498,6.75,1.77,0.308236504034687,3.41990927057416,0,0,0,1
10951,53.4975558258662,7.09,5.459,0.289783956959157,3.90776817141185,0,0,0,1
10952,60.9450915466242,32.22,6.224,0.0916041251557092,3.60199117020472,0,1,0,0
10953,59.922716996092,28.98,35.624,0.126364181722982,3.65863151246751,0,1,0,0
10954,63.2972584268007,32.72,21.199,0.190075061642737,3.24044852301067,0,0,0,1
10955,63.5886346130127,6.87,12.458,0.197045146332514,3.15095287475559,0,0,1,0
10956,68.4100446386521,11.68,13.41,0.223846418779894,3.12108614764458,0,0,0,1
10957,68.7357978243435,7.26,25.94,0.0990196503537416,2.80574574737983,0,1,0,0
10958,59.3375628755907,21.74,19.303,0.180867625878004,3.34637700190876,1,0,0,0
10959,56.6180532428795,27.65,36.924,0.097715672608495,3.26980715799125,0,1,0,0
10960,64.0027502026523,11.37,8.25,0.0946430705971478,3.61539194708995,0,1,0,0
10961,61.466414171871,29.52,27.903,0.131355405355673,3.78465970538388,0,1,0,0
10962,62.9841868461352,20.15,8.18,0.108704484575715,3.74297120990544,0,1,0,0
10963,64.7882670669974,8.7,1.421,0.234149634268794,2.86390529532599,0,0,0,1
10964,61.9728727827131,28.23,33.656,0.243532362479311,3.2871845867914,1,0,0,0
10965,50.1108795901804,32.54,15.904,0.088936308042636,3.53874806215513,0,1,0,0
10966,56.1482344810263,10.34,4.258,0.389703856420309,2.98298223250404,0,0,0,1
10967,72.5410278776543,11.19,28.062,0.0789661688855495,4.02369204079691,0,1,0,0
10968,63.3669415082365,23.73,25.783,0.227493483949215,3.48503871481808,1,0,0,0
10969,67.4234527801314,9.4,11.286,0.193053957324167,3.99910919862057,1,0,0,0
10970,64.6498462282915,31.78,44.412,0.049117900720517,4.09190408742234,0,1,0,0
10971,57.9941332805061,21.96,31.36,0.318918684031807,3.5118149847565,0,0,0,1
10972,60.5008888146998,20.02,7.626,0.266049579151531,3.64704577317549,1,0,0,0
10973,60.7218163663505,18.9,12.056,0.124366927455339,3.34589857171785,0,1,0,0
10974,68.0459371583851,12.53,12.663,0.124588985497593,3.73689332350946,0,1,0,0
10975,68.3175572190226,8.37,25.306,0.184842336029983,2.87869555922288,0,0,1,0
10976,59.9757194720538,22.53,4.606,0.107921920344574,3.16684819760166,0,1,0,0
10977,63.1090311024013,30.24,12.863,0.223400630469069,3.34828080751889,0,0,0,1
10978,58.2332566506999,9.78,7.543,0.0854754818632614,3.20684728596805,0,1,0,0
10979,51.7370331118334,6.56,0.439,0.273254466500564,2.94855436061804,0,0,0,1
10980,46.8781337571965,23.41,24.394,0.234838289566066,2.95668710707454,0,0,1,0
10981,70.3976456122539,24.4,29.298,0.0943461586874492,3.51577935456577,0,1,0,0
10982,55.0353863199476,12.36,3.273,0.408313422609966,3.61103484405346,0,0,0,1
10983,59.4847728956184,22.3,8.975,0.115916526442336,3.76901756439883,0,0,1,0
10984,58.1316006155166,23.08,17.516,0.232833782078278,3.25437852362304,0,0,1,0
10985,52.9089507310563,36.7,22.66,0.200645107247166,2.96450512597078,1,0,0,0
10986,70.3149721948801,8.71,14.081,0.127501957753213,3.02568734158613,0,1,0,0
10987,64.2777547795462,15.23,10.302,0.264482233493102,3.87926594750763,1,0,0,0
10988,62.5878455930168,35.74,47.205,0.101862382095794,3.47277540137772,0,1,0,0
10989,58.6561665820625,15.05,0.044,0.343757733624733,3.60025927561625,0,0,0,1
10990,69.9972911308627,9.46,26.328,0.110051913976136,4.13958942590494,0,1,0,0
10991,60.7441326496937,13.78,6.733,0.12600639482575,3.05174547116907,0,1,0,0
10992,66.4053557282329,7.33,11.635,0.211104783267063,3.6774332729541,0,0,1,0
10993,62.6007107897691,18.87,2.454,0.242100244543219,4.04110801270187,0,0,1,0
10994,66.0580469338642,38.08,27.875,0.228222614318111,3.37764441470587,1,0,0,0
10995,66.5751236963782,7.76,16.271,0.135464122258453,3.68537888725347,0,1,0,0
10996,61.6471122361974,12.1,18.682,0.227042583709865,4.26307584721398,1,0,0,0
10997,62.0758011766592,38.2,27.904,0.189242251559913,2.59963965989838,1,0,0,0
10998,47.6498139812753,27.19,25.296,0.197488459264853,3.11998940123124,1,0,0,0
10999,67.2624646411311,12.15,20.58,0.272470299348361,3.89026187515145,0,0,0,1
11000,56.8959324368131,30.97,10.26,0.211834257469246,3.47033192226956,0,0,0,1
11001,60.3797638757104,20.99,14.725,0.125560590554849,3.30128067934715,1,0,0,0
11002,64.5877384101316,22.97,3.925,0.115496446534552,3.58069695742492,0,1,0,0
11003,64.3195110202879,15.52,6.675,0.304343705797461,3.76353627462343,0,0,0,1
11004,62.8422015155145,28.03,37.37,0.245619013126219,3.7795421780604,0,0,1,0
11005,70.9203819358143,12.89,17.971,0.160709412445502,3.81084269926941,0,0,1,0
11006,52.5392442122458,26.85,21.312,0.248104838462866,3.26288251109672,1,0,0,0
11007,49.036953441006,3.7,5.55,0.307601574811421,2.58503640479515,0,0,0,1
11008,68.3450131579887,37.81,6.166,0.114541696372935,3.91628016308322,0,1,0,0
11009,65.9173478290987,17.96,19.847,0.163647264474563,3.77530870026616,1,0,0,0
11010,63.6898210222353,22.43,34.77,0.199101968185439,3.36640590390374,0,0,1,0
11011,63.6086677858458,31.83,21.764,0.230863337921029,4.07832186316416,1,0,0,0
11012,57.557413973899,23.31,8.688,0.235161728944326,3.41906647723912,1,0,0,0
11013,50.6055479381926,37.97,24.155,0.195033729563335,3.40550350659295,1,0,0,0
11014,51.7820253042633,8.69,7.205,0.239654899897664,3.71883051377375,0,0,0,1
11015,59.9702872310085,33.67,24.168,0.303803667187298,4.06386128270732,0,0,0,1
11016,67.968478946804,38.96,40.102,0.208869808645836,4.00726638227062,1,0,0,0
11017,58.6079900766061,16.1,2.049,0.206209538335311,3.4501513259848,1,0,0,0
11018,61.2732150226078,38.28,20.759,0.158535837268043,3.06926238894358,1,0,0,0
11019,66.5577116300011,11.68,10.654,0.119635513378258,3.41790749950927,0,1,0,0
11020,69.3149004796647,22.63,18.198,0.191733881935929,4.08119619859863,1,0,0,0
11021,45.4276276123606,24.34,20.967,0.124591782634513,3.17918226269235,0,1,0,0
11022,69.5025715777256,31.24,29.286,0.196718196396987,4.17429185617725,0,0,1,0
11023,46.8689243762371,28.69,20.065,0.17384173650274,2.89318802004054,1,0,0,0
11024,61.1619439007785,33.05,15.956,0.345537760662375,3.28087715573432,0,0,0,1
11025,44.6694906358367,4.51,1.486,0.368440757080449,2.75945833103977,0,0,0,1
11026,51.3287229896192,35.61,33.649,0.0815087819436297,2.96483295825868,0,1,0,0
11027,68.0437252940294,8.49,11.9,0.129405356069326,4.21634613323787,0,1,0,0
11028,71.5478713808694,12.01,19.939,0.163289848268829,3.82565940407756,0,0,1,0
11029,57.3058168776839,20.25,21.789,0.232062719719664,3.03621053729983,1,0,0,0
11030,67.3804406720771,10.01,7.101,0.0981802332757909,3.71874904289397,0,1,0,0
11031,60.1000403725293,30.96,30.169,0.404992791883802,3.67883686409729,0,0,0,1
11032,63.4382173674273,7.93,24.79,0.190155483301249,3.09248189087942,0,0,1,0
11033,67.7434225762258,12.6,10.612,0.188155037389515,3.6421102979894,1,0,0,0
11034,64.5136867749612,14.02,1.714,0.078006710334811,2.92266765414781,0,1,0,0
11035,67.9530758528792,19.06,6.392,0.204892302884518,3.85421418159638,0,0,1,0
11036,61.5492432212015,29.45,28.263,0.197803164977266,2.97863954693765,1,0,0,0
11037,68.842322861124,32.36,3.829,0.269392859056029,3.97707353825763,0,0,0,1
11038,55.5404323440366,33.39,45.75,0.14124015555489,3.40267435456035,1,0,0,0
11039,73.3221277928888,29.75,29.528,0.180195594769729,3.44116266101727,0,0,1,0
11040,61.5039048764997,7.88,24.241,0.171858185604326,3.5415983676501,1,0,0,0
11041,58.0888789023524,33.8,38.572,0.123068347597116,3.11396841560214,0,1,0,0
11042,58.4823987354154,14.45,0.754,0.220487958710418,3.19929875019373,0,0,0,1
11043,47.4878722408586,6.52,3.764,0.340550019111379,2.96603334767592,0,0,0,1
11044,50.1590546446336,27.52,32.425,0.1728989985168,2.81459249022971,1,0,0,0
11045,52.3433036266513,15.56,40.273,0.121527579898335,3.62574432106473,0,1,0,0
11046,47.2875316791061,10.27,2.656,0.346156182187649,2.65746542476386,0,0,0,1
11047,51.2116666388887,7.8,6.305,0.238248843969481,3.335455272702,0,0,0,1
11048,61.7872421855999,36.13,32.992,0.148507573384363,3.42640579712368,1,0,0,0
11049,48.0891642991114,35.08,31.757,0.230913547005647,2.4620993132056,1,0,0,0
11050,44.654704042322,7.27,7.295,0.271711913089642,2.98186204139821,0,0,0,1
11051,62.9107490019039,37.97,13.495,0.085409607788168,3.45165018435995,0,1,0,0
11052,73.6087868828629,28.99,34.026,0.101422441641665,3.11248655744563,0,1,0,0
11053,70.1509115244095,11.81,8.95,0.23956150798153,2.95081833783632,0,0,1,0
11054,64.1269890798027,17.24,7.287,0.107617709621136,3.56716724964758,0,1,0,0
11055,58.6006025896272,25.01,23.621,0.163557951917165,2.86221722305268,1,0,0,0
11056,66.0731878199469,25.82,9.149,0.240898730903807,3.62219924488495,1,0,0,0
11057,47.5228085300227,31.05,32.915,0.167031622834857,3.39465353252207,0,0,1,0
11058,64.8296698642017,37.57,15.126,0.101079473874103,3.62375962094959,0,1,0,0
11059,60.0005473875589,24.25,24.354,0.106074053945891,3.04767480040032,0,1,0,0
11060,74.9777381031051,18.8,5.466,0.106588548524869,3.53055868857906,0,1,0,0
11061,48.2595369067633,29.48,13.488,0.0999316190414989,3.47061871761601,0,1,0,0
11062,51.8960035808808,34.67,41.78,0.227608889687351,3.8463103806853,0,0,1,0
11063,61.2934058296581,3.37,7.675,0.10689899851809,3.08647693017333,0,1,0,0
11064,64.3351211139061,27.66,22.259,0.36578161517494,4.16900856920252,0,0,0,1
11065,43.9860124233403,28.81,31.575,0.110855519509359,3.27417942783842,0,1,0,0
11066,56.1556710577317,29.65,35.126,0.245032747224018,3.58060613586647,1,0,0,0
11067,68.2405983167444,14.0,21.723,0.138011811362441,3.83222769115634,0,1,0,0
11068,61.0827560166764,20.43,2.35,0.182484617101281,3.18615921730092,0,0,1,0
11069,71.8841151117544,5.02,16.193,0.264881184430144,3.50187848360913,0,0,0,1
11070,46.3216332420852,29.08,32.708,0.0690180679704748,3.00883823311254,0,1,0,0
11071,67.7742883486659,18.52,7.801,0.288394386570453,2.93867661366637,0,0,1,0
11072,62.1955257240337,8.46,7.976,0.314765555691015,3.60624378712555,0,0,0,1
11073,66.4691966011874,16.57,8.007,0.133695741463508,4.26277859546065,0,0,1,0
11074,48.8195805969731,29.15,38.813,0.179993375963693,3.04697023188745,1,0,0,0
11075,64.6563436961682,5.27,12.772,0.271924672597408,3.80387894736568,0,0,0,1
11076,72.0299493836397,7.52,7.858,0.117340494753638,3.54349473819987,0,1,0,0
11077,62.2435250568474,8.92,23.981,0.0917817682781953,3.70398877621567,0,1,0,0
11078,53.6193977904583,29.28,25.478,0.175006438022975,2.62435632704892,0,0,1,0
11079,64.9344256377938,29.3,29.435,0.187629930483063,3.6898675850533,1,0,0,0
11080,60.1862603978802,36.22,35.574,0.238652965071625,3.68143985544269,1,0,0,0
11081,61.4471326304099,25.86,29.96,0.206026002808787,3.10837727844317,1,0,0,0
11082,72.2421180429189,14.9,8.391,0.0891980190596728,4.10611573146793,0,1,0,0
11083,70.4807150853807,25.65,18.562,0.120778852264252,3.35347529927675,0,1,0,0
11084,63.0185664215793,32.18,38.471,0.0930144281190528,3.3636247244145,0,1,0,0
11085,49.8703497063673,4.12,6.296,0.404388256343108,3.01284573428216,0,0,0,1
11086,69.131088616657,7.24,29.37,0.226112350185129,3.1938149522935,0,0,1,0
11087,70.5736103105237,10.98,23.385,0.226191524438518,3.65269891283462,0,0,1,0
11088,61.3951119127616,33.24,15.432,0.153896240261486,3.22608592376546,1,0,0,0
11089,63.7606154691389,35.8,40.415,0.234794938598867,3.41341336865707,1,0,0,0
11090,67.0421157684388,27.94,23.391,0.312840162595091,4.06510521950099,0,0,0,1
11091,35.6467641289779,3.43,7.88,0.323869700576867,2.52723404414788,0,0,0,1
11092,67.3826282990432,4.43,4.819,0.240008524648282,3.59311155990389,0,0,1,0
11093,45.613213811365,27.12,45.201,0.21481555290365,3.19899345003472,1,0,0,0
11094,65.9776338465482,10.48,13.056,0.0939716449958836,4.02874656208484,0,1,0,0
11095,48.1705203040509,36.16,30.058,0.105295347001785,2.95131007890788,0,1,0,0
11096,50.4100879506248,24.2,4.581,0.212602258451357,3.54141979196157,0,0,1,0
11097,45.8047902215875,30.3,15.797,0.157560986129698,3.28737023195962,0,0,1,0
11098,60.9528733645796,5.2,8.949,0.0903218506613576,3.54899202943249,0,1,0,0
11099,61.660076973461,33.05,36.471,0.178099790761549,3.36380096457036,0,0,1,0
11100,48.0031374788229,12.87,0.956,0.186002146081474,3.16907058663655,1,0,0,0
11101,69.901635411623,11.84,19.523,0.196042979157888,3.92377922196706,0,0,1,0
11102,64.6251872115415,33.74,5.012,0.20131081166893,3.72791855709581,1,0,0,0
11103,56.6841412923985,23.43,12.596,0.0950453381545331,3.44507706168107,0,1,0,0
11104,67.0288005329967,7.34,30.73,0.116849391471511,3.21149612049408,0,1,0,0
11105,54.1326992872301,11.08,8.439,0.303462531571687,3.31837515467515,0,0,0,1
11106,60.6166003196538,29.97,31.292,0.248276435873592,3.17066785950681,1,0,0,0
11107,63.5985784869669,10.91,5.833,0.264593788827544,3.3558552958494,0,0,0,1
11108,62.6402392619253,8.13,29.405,0.0653689472450168,3.75872981757335,0,1,0,0
11109,65.1822915823134,28.85,29.17,0.139331314739586,3.93489791762899,1,0,0,0
11110,56.8173582304943,8.08,0.055,0.328463881602617,3.10457406892102,0,0,0,1
11111,67.5099669082602,14.18,21.422,0.118359143380732,3.273038484317,0,1,0,0
11112,68.7518826847735,29.35,26.553,0.239589697887219,3.49916677683549,0,0,0,1
11113,66.6172958388574,33.01,31.787,0.249307020302389,4.13721238711695,1,0,0,0
11114,51.4335237854155,29.23,24.87,0.194372061516279,3.17353036122524,1,0,0,0
11115,62.584792005723,30.86,26.305,0.163393730010113,3.96386098230492,1,0,0,0
11116,63.8739579446325,24.62,35.915,0.187290950816905,3.19649014593531,0,0,1,0
11117,63.6265722221882,12.21,2.504,0.250878438671703,3.19119005575864,0,0,1,0
11118,60.6334536324211,21.07,0.41,0.187709162534557,3.49671505733755,0,0,1,0
11119,49.2186489089008,8.76,3.192,0.237587266901265,2.76968350911573,0,0,0,1
11120,62.9802628216528,8.08,2.743,0.411918253820296,3.2154160524656,0,0,0,1
11121,47.0956071603638,34.96,30.4,0.0894769831878894,2.80963174285933,0,1,0,0
11122,73.7180605692984,18.55,9.464,0.140364423659675,4.16117739637003,0,1,0,0
11123,48.0203051095184,39.24,39.691,0.101819400600609,2.94524591299939,0,1,0,0
11124,69.9026366352753,10.9,30.643,0.123804782092655,4.72453769551432,0,1,0,0
11125,53.7257317013219,31.61,23.31,0.289124954864894,3.78764103524346,0,0,0,1
11126,62.1386772883115,24.75,15.449,0.107445672040392,3.25330827969021,0,1,0,0
11127,64.420438464966,20.42,2.565,0.0842343380711509,3.64454403577772,0,1,0,0
11128,54.2380522384471,14.51,22.07,0.289271101142648,3.21441975856793,0,0,0,1
11129,59.3378729725573,21.58,17.741,0.234332579079236,4.05651455051809,0,0,1,0
11130,56.1705987876836,24.17,0.271,0.166516247245186,3.29061399395637,1,0,0,0
11131,49.2618832360769,25.23,26.452,0.0629823057591625,3.60751092260188,0,1,0,0
11132,62.6444417736589,13.93,10.699,0.229024760737744,3.94910472702944,0,0,1,0
11133,51.9261693829537,34.21,22.39,0.147740784967471,2.99506639762347,0,0,1,0
11134,44.5740891460072,5.3,7.625,0.157992756872526,2.93643205725874,0,0,1,0
11135,62.8274524557815,7.06,29.02,0.106799076869571,3.05636475473454,0,1,0,0
11136,65.1226724914266,29.27,6.195,0.196653973997722,3.14052008757739,0,0,1,0
11137,66.3300617575054,31.64,33.731,0.18868590627235,3.24203229462174,0,0,1,0
11138,58.1998625501959,20.62,8.7,0.205851705675125,4.11834166652148,0,0,1,0
11139,67.1210033623784,5.46,12.13,0.346214037054821,3.57482008561999,0,0,0,1
11140,58.7273889906612,4.19,9.132,0.332247755339132,3.62885902497009,0,0,0,1
11141,50.8834743554356,8.04,8.73,0.244194389090404,3.33306117096694,0,0,0,1
11142,50.3557157875051,35.46,19.588,0.114516519221026,3.06726114689475,1,0,0,0
11143,61.1827450665434,18.0,19.972,0.121386980633566,3.12867887079591,0,1,0,0
11144,65.1143776355913,14.73,22.672,0.173270743274029,3.85383067317942,0,0,1,0
11145,64.9517240404098,13.1,0.446,0.23490657732589,3.55920683892025,0,0,1,0
11146,47.7307577852825,16.21,9.125,0.457610016157871,3.04322800912886,0,0,0,1
11147,67.2525739390407,8.11,15.043,0.349955894873264,3.88005059335063,0,0,0,1
11148,55.6225887925603,4.27,2.643,0.221495045274211,3.44313990816708,0,0,0,1
11149,63.1561112069605,25.61,17.817,0.142247960223467,3.5615718071056,1,0,0,0
11150,46.3589376467613,25.8,25.874,0.192013144752827,2.81134911162845,0,0,1,0
11151,69.5226373829461,32.19,36.156,0.171007413924747,3.34173055314764,1,0,0,0
11152,61.2705108778754,35.81,32.536,0.111828529292151,4.12647755640617,0,1,0,0
11153,50.4385511362852,4.13,0.51,0.161444532400746,3.38755798998252,1,0,0,0
11154,39.8725208627761,28.54,41.988,0.104694289318527,2.87419830769056,0,1,0,0
11155,53.9602411215108,6.03,2.173,0.279271054334792,3.61429136811689,0,0,0,1
11156,48.6814135424455,32.14,24.044,0.211195385691716,3.37940932923032,1,0,0,0
11157,59.3077716347171,16.84,14.195,0.239980255383521,3.48217075230139,0,0,1,0
11158,42.9036410685259,35.75,13.838,0.193173137343799,3.15537792326161,1,0,0,0
11159,60.8766960037251,29.14,22.431,0.37021926906158,3.17820311860422,0,0,0,1
11160,65.3797275995011,37.31,34.775,0.289477187007766,3.87155079060813,1,0,0,0
11161,55.05598049576,22.34,8.728,0.230353767951596,3.33412181762756,1,0,0,0
11162,66.029571328139,19.0,6.742,0.367627520612339,3.34815274569853,0,0,0,1
11163,44.2393296451478,26.31,37.817,0.172351223898191,2.90488673351936,1,0,0,0
11164,57.2894525201199,29.02,26.414,0.102076982769367,3.45960729444707,0,1,0,0
11165,44.9917143592957,25.78,38.913,0.216887086845401,3.0566500743886,1,0,0,0
11166,66.6408921015921,31.14,25.503,0.300761056004144,3.40734123933835,0,0,0,1
11167,73.4517447410088,6.64,16.251,0.30105466702164,3.67063470087199,0,0,0,1
11168,63.7269718307208,29.76,27.639,0.101432476490764,3.51197977330575,0,1,0,0
11169,55.2495622042998,27.13,22.299,0.220046418214001,3.40864386006453,1,0,0,0
11170,64.2001780812021,33.72,24.013,0.188949315072191,3.63518123210668,1,0,0,0
11171,60.7646729891557,25.0,12.817,0.225780078937525,2.59090770275553,0,0,1,0
11172,56.5583763199844,5.95,8.468,0.337567157961549,3.74506091005647,0,0,0,1
11173,66.0264889344435,14.45,15.554,0.145931671887079,3.56703112192811,0,1,0,0
11174,49.2028510952017,31.7,33.521,0.21925971640494,2.49868434820652,1,0,0,0
11175,58.9630523298786,26.61,26.51,0.12958238736612,3.4030386482371,0,1,0,0
11176,60.2636433909058,16.09,6.059,0.0968648053418879,2.87365813225002,0,1,0,0
11177,63.0989215775926,28.21,35.192,0.110885603855268,3.87835198795426,0,1,0,0
11178,58.1738413480529,19.83,8.07,0.0768276321022881,3.3040262433867,0,1,0,0
11179,59.585014472833,4.21,2.284,0.101601056183472,3.92834905731657,0,1,0,0
11180,49.8234401945443,4.53,5.615,0.206884896962779,2.90384289190733,0,0,0,1
11181,60.0728602370498,26.78,15.336,0.331492183666632,3.2051807955808,0,0,1,0
11182,58.7871222691791,25.46,24.7,0.225860284555676,3.28101324829458,1,0,0,0
11183,53.4303967660956,6.98,5.619,0.101455291682297,3.36344198595138,0,1,0,0
11184,74.1125488063672,20.21,17.093,0.118325869329918,4.06827379510819,0,1,0,0
11185,44.9340899670408,28.87,27.925,0.145108194602102,2.82468877239104,0,0,1,0
11186,69.2939425196124,35.86,28.746,0.343769097297568,4.33316245101047,0,0,0,1
11187,63.3596052589082,29.71,30.944,0.0727548199721156,3.53704024036862,0,1,0,0
11188,65.6097627164751,17.11,9.272,0.198546255241043,3.68378162023359,0,0,1,0
11189,47.9710908931955,29.34,32.326,0.191073969349765,3.17927155078115,1,0,0,0
11190,72.5591679343004,36.42,13.972,0.115064064956123,5.15950074935942,0,1,0,0
11191,63.5940105889276,28.27,32.151,0.119836982074023,3.41443757454847,0,1,0,0
11192,36.3754646333697,41.96,37.059,0.259958379949328,2.58189831491941,1,0,0,0
11193,67.3209268665711,9.02,15.537,0.205598774027659,4.00272315347238,0,0,1,0
11194,59.028016289039,12.09,1.113,0.297365281057217,2.74760745096425,0,0,0,1
11195,67.4443634437691,14.05,29.649,0.342272965874499,4.08268544943873,0,0,0,1
11196,61.156051837783,11.3,5.148,0.215400560934251,4.29648062800146,0,0,1,0
11197,65.3295241972224,23.54,14.3,0.220692563328234,3.4250884486162,0,0,1,0
11198,48.8967549902118,16.3,34.248,0.048194437833091,2.92206074376268,0,1,0,0
11199,44.7652217640968,4.76,9.248,0.0977762607435512,3.03042098690407,0,1,0,0
11200,67.9626137818635,24.28,17.579,0.103268168348365,3.99087484269225,0,1,0,0
11201,65.2764615457844,4.85,7.19,0.0956676238552508,3.93384806143113,0,1,0,0
11202,45.1510828832298,33.16,34.235,0.170127695372417,3.10209623474137,1,0,0,0
11203,62.35778046173,34.57,21.969,0.107365656889644,2.81505352857712,0,1,0,0
11204,60.340532425994,26.27,18.068,0.18487383353589,3.05126270613107,1,0,0,0
11205,62.0993900717902,28.34,22.723,0.280102974275704,3.39977896306436,0,0,1,0
11206,55.5823606048882,24.22,27.603,0.197890700376274,3.75280993297692,1,0,0,0
11207,65.032355540601,20.56,19.789,0.238383897852089,3.185913048452,0,0,1,0
11208,65.3617497821487,24.51,1.119,0.128575526177743,3.81884787850661,1,0,0,0
11209,70.8853921897275,5.68,22.171,0.363946294596177,3.72474620312904,0,0,0,1
11210,65.5880029958912,20.26,3.084,0.233753773162375,4.05141403019477,1,0,0,0
11211,52.7207153867551,38.4,17.269,0.113088842349103,3.47566760073107,0,1,0,0
11212,64.7189351767771,36.37,23.511,0.350996033889592,3.74613099156846,0,0,0,1
11213,60.986644757208,20.03,18.041,0.211311257230495,4.59070963796381,0,0,1,0
11214,60.0786389377804,34.07,37.347,0.197329439121355,3.47949258345228,1,0,0,0
11215,64.975897105374,37.56,10.83,0.0749749340593672,3.56781603498377,0,1,0,0
11216,57.6309997975946,31.48,38.929,0.273780412062458,3.82975306120016,1,0,0,0
11217,67.4185225835247,14.67,32.328,0.101928520083995,2.85299795758864,0,1,0,0
11218,70.7619940266204,29.76,17.018,0.362633526178236,3.92078839959508,0,0,0,1
11219,73.6366731834642,5.05,9.96,0.120976083730504,3.96865650570011,0,1,0,0
11220,61.5154991913585,41.25,14.552,0.138714578970323,3.30903455611656,1,0,0,0
11221,69.267600024456,36.35,34.371,0.148160969643387,3.45470629249385,1,0,0,0
11222,62.3900790145939,26.48,13.878,0.137090160889646,3.06354537249637,1,0,0,0
11223,58.3548835212156,6.06,9.236,0.270541340094991,3.5064993493086,0,0,0,1
11224,58.9063194914972,28.51,17.401,0.284706251278221,3.79848854845922,0,0,1,0
11225,64.5831691814494,27.08,9.244,0.222309671924152,3.45155739609241,1,0,0,0
11226,68.9014388686094,11.77,20.367,0.130178282244067,3.94519401962214,0,1,0,0
11227,65.3275719086268,13.04,29.147,0.227169782266191,3.96647153528318,0,0,0,1
11228,62.9507252202362,23.08,3.744,0.174899796647602,2.81276690045792,0,0,1,0
11229,67.1173881776774,13.32,19.021,0.125448176087228,3.77792323197145,0,1,0,0
11230,61.4521699423625,23.18,34.968,0.185552549069745,3.54323407429455,1,0,0,0
11231,50.2288661203146,28.48,32.643,0.0852552497666321,3.33246066182546,0,1,0,0
11232,54.9473042888807,26.36,34.546,0.236399319867515,3.17087214285747,0,0,0,1
11233,49.254135869446,31.81,49.025,0.167992017991114,2.7845506599811,1,0,0,0
11234,52.0374076884857,8.74,9.081,0.213818456827739,2.94860393593382,0,0,1,0
11235,44.2466869456018,31.24,45.555,0.264877321590772,2.83581770671771,0,0,0,1
11236,70.5965201160111,31.93,10.956,0.0918019739848501,3.92693841701113,0,1,0,0
11237,55.5709818162032,22.98,9.408,0.27921995515308,3.73239354887883,1,0,0,0
11238,57.9880786353987,24.5,27.14,0.182777788455915,3.01231107278889,0,0,1,0
11239,56.9256946602324,30.28,13.331,0.27561080944171,3.55578594251501,0,0,0,1
11240,55.3266373967856,29.37,8.924,0.11093691040289,3.25864866799681,0,1,0,0
11241,47.5189059050729,3.28,5.544,0.411085378707244,3.35403747052572,0,0,0,1
11242,61.2226260317663,10.88,12.987,0.338045749878429,3.32643393685721,0,0,0,1
11243,59.4750781402981,18.35,13.631,0.154786341254391,3.29741847264626,1,0,0,0
11244,65.1485985117548,11.44,10.754,0.10921730893692,3.62546118498016,0,1,0,0
11245,45.238088756841,10.86,3.095,0.28626085673005,3.17599900374688,0,0,0,1
11246,63.6170952041542,4.35,6.968,0.268225308695375,3.10305743175007,0,0,0,1
11247,55.2923790723872,6.09,7.649,0.198277642122645,3.80205703496327,1,0,0,0
11248,63.3450350364013,30.42,38.396,0.217524652916383,3.07065428925991,0,0,1,0
11249,39.8219834503435,3.58,3.961,0.279230069691148,2.92421507292242,0,0,0,1
11250,46.6509102234559,30.81,34.558,0.210299585326302,3.29358665736864,1,0,0,0
11251,56.2790599769947,16.61,13.179,0.22940027362468,3.20668221485749,1,0,0,0
11252,64.2959029833178,14.23,9.45,0.242520259404715,3.37802156587071,1,0,0,0
11253,62.7687236659837,21.57,10.407,0.114761451369844,3.839026598541,0,1,0,0
11254,64.7447936017455,3.72,3.11,0.273438887940136,3.76709391742846,0,0,0,1
11255,49.6874274588146,31.69,22.899,0.218083714284938,2.90675068982475,1,0,0,0
11256,65.0546370341128,26.58,0.511,0.228553354932371,3.93551488852775,0,0,1,0
11257,64.4849708889157,11.99,28.825,0.0791245528991395,3.26168063944671,0,1,0,0
11258,57.71299690659,24.53,19.961,0.178306327838155,3.32231622043009,0,0,1,0
11259,61.8704067153107,25.78,35.049,0.195273335644604,3.11553076065113,1,0,0,0
11260,60.4592844763046,31.13,47.248,0.190911719037828,3.29248000598471,1,0,0,0
11261,66.1053454527075,35.97,32.266,0.31843064018968,4.20009574643653,0,0,0,1
11262,63.3856453897605,5.96,25.02,0.228087592481014,3.60072358678075,0,0,1,0
11263,55.8706465069678,16.97,16.523,0.223083216151027,3.19805454096124,0,0,1,0
11264,68.4965638590195,6.34,8.726,0.298544501483063,3.51924482631225,0,0,0,1
11265,60.8973097766146,27.67,2.961,0.0667194799211783,3.11577506008152,0,1,0,0
11266,56.0942545837608,18.57,4.807,0.182992056230472,2.9532335890818,0,0,1,0
11267,55.3007276910429,9.35,18.255,0.22358037162263,2.90647382769336,1,0,0,0
11268,68.8093937373986,8.91,12.831,0.137855601771478,4.5362736403564,0,1,0,0
11269,55.3196756922242,5.99,7.76,0.339809480590262,3.27283461003033,0,0,0,1
11270,65.3315192014142,15.53,16.913,0.0835975799575047,3.77646327827378,0,1,0,0
11271,60.3645006166107,20.23,12.426,0.185273330887845,3.12627226066879,1,0,0,0
11272,46.8935833620058,34.0,15.8,0.217705261999196,3.24709776431069,1,0,0,0
11273,70.4396002841916,13.03,21.174,0.0983849036007954,3.66450776792993,0,1,0,0
11274,67.6958125789275,8.24,28.871,0.232787209817375,3.67832973968522,0,0,1,0
11275,62.5743635576524,24.02,22.667,0.178040053817357,3.31696626811768,0,0,1,0
11276,60.7815979900154,28.32,34.512,0.241784648226426,3.8017834596205,1,0,0,0
11277,70.755295948952,31.46,33.639,0.265554006145361,3.84984881070714,0,0,1,0
11278,69.2789489864408,27.12,29.886,0.169010981490879,3.85901815782613,1,0,0,0
11279,58.3982468665461,22.45,19.705,0.222155929230174,3.00183182937371,1,0,0,0
11280,61.6745275628214,37.3,24.759,0.215727085696804,3.73374751810643,1,0,0,0
11281,62.5980365468679,21.99,5.379,0.144163112296429,3.45853950704976,1,0,0,0
11282,58.8214456033784,24.43,41.224,0.206870437891065,3.72028972513992,0,0,1,0
11283,42.8759275903408,30.22,44.01,0.238523784375427,2.80452738910777,0,0,1,0
11284,49.2056399939228,20.68,16.72,0.381468006884414,2.98016917602387,0,0,0,1
11285,70.2733548724669,5.91,7.766,0.266322578690072,4.19953688072001,0,0,0,1
11286,65.3146744099922,7.44,12.521,0.100587978491604,4.43298207954612,0,1,0,0
11287,62.3661378959229,7.52,3.691,0.29680968366688,4.11987961473668,0,0,0,1
11288,47.3315459076428,34.48,25.834,0.245351536749319,3.50376207954262,1,0,0,0
11289,46.1298431208718,4.39,6.613,0.327121686894211,3.4576227313544,0,0,0,1
11290,61.9427826674809,21.35,0.848,0.155086186326522,3.15867336839475,1,0,0,0
11291,69.8068936813253,7.51,32.288,0.329619170644432,3.9567317414784,0,0,0,1
11292,57.9614719084567,24.57,6.854,0.224199541160556,3.47656862566184,0,0,1,0
11293,67.5332104955619,38.31,6.358,0.320614295339531,4.41942920225026,0,0,0,1
11294,66.3098490004157,9.86,11.319,0.312702960931304,4.08479810493285,0,0,0,1
11295,62.0276687163226,6.16,9.563,0.420903828275134,3.45083831746038,0,0,0,1
11296,65.2977748054155,6.61,9.652,0.121889606315024,3.95024189019401,0,1,0,0
11297,50.6369129872344,22.56,36.323,0.172825325215838,2.9762293870799,1,0,0,0
11298,62.5570557659666,33.36,32.21,0.208925960344848,3.02397953809773,1,0,0,0
11299,59.5708712190361,18.62,3.879,0.0891771318661825,3.90002232400488,0,1,0,0
11300,41.2593030523492,3.99,3.147,0.383822957602128,3.18359945408541,0,0,0,1
11301,60.3642967749142,30.08,33.887,0.103031961201744,3.184838894158,0,1,0,0
11302,46.9325792443179,28.57,42.917,0.226235336652485,3.05058171091243,1,0,0,0
11303,67.2042709846452,21.65,35.543,0.104485180667973,3.63142920381421,0,1,0,0
11304,62.7393156150931,20.75,2.554,0.1717170527532,3.14114926466936,0,0,1,0
11305,67.8356812406044,16.4,2.495,0.268443333180288,3.65787779797634,0,0,0,1
11306,61.0058392867957,31.4,31.189,0.136258045532901,3.53124978198999,0,1,0,0
11307,52.8997869531749,33.66,31.885,0.0755778493149732,3.97196318174736,0,1,0,0
11308,64.3330450262512,32.52,27.733,0.0654127224019483,3.7175684480462,0,1,0,0
11309,58.7565561763033,17.61,13.5,0.169871860065666,3.99182115384052,0,0,1,0
11310,70.7486185565425,11.95,13.379,0.270936720445221,4.05246161776918,1,0,0,0
11311,67.5562315964374,37.7,13.808,0.216741886613991,4.0320165216197,1,0,0,0
11312,62.7746963735517,32.6,22.087,0.238969308670701,3.57693811238681,1,0,0,0
11313,60.8115958550515,5.0,7.146,0.348574962549789,3.61019617042868,0,0,0,1
11314,45.1331538481846,34.55,26.964,0.111342707296451,2.5800790824854,0,1,0,0
11315,61.6481746813569,19.71,0.064,0.264570322530788,3.98421528429585,0,0,1,0
11316,53.7806768751056,24.03,11.562,0.113901419776456,3.53689903232003,0,1,0,0
11317,53.1966090036067,30.99,11.113,0.115414364644482,2.73667958830366,0,1,0,0
11318,62.4790773382019,37.28,31.453,0.186861441393395,3.84644996742943,0,0,1,0
11319,58.7735607821305,21.43,12.722,0.274542090521872,3.1684545522438,0,0,0,1
11320,60.99751031563,20.85,18.206,0.151928786897431,3.09286068159403,0,0,1,0
11321,67.8255768243494,25.69,8.456,0.200283556631023,3.3121953974637,1,0,0,0
11322,65.392026335098,14.58,30.651,0.102207123033742,3.58494612566017,0,1,0,0
11323,64.3921789705304,6.86,11.984,0.192475419577854,3.05423804771577,0,0,1,0
11324,67.7147554340257,13.39,14.363,0.110974232784978,3.21633444521297,0,1,0,0
11325,64.7834817716818,14.66,17.213,0.35231551677013,3.6868783617287,0,0,0,1
11326,59.740626769006,33.7,29.786,0.292835460324558,4.1221813272342,0,0,0,1
11327,51.9397477915767,30.26,48.439,0.0903407766281582,2.70648008932711,0,1,0,0
11328,56.5523553487893,14.73,1.357,0.379042344296419,3.34477533464079,0,0,0,1
11329,59.2445008951371,21.31,39.911,0.181067693810323,3.0822264085684,1,0,0,0
11330,57.9665964887331,7.79,6.783,0.330227837300372,3.15249858491575,0,0,0,1
11331,62.2753668244727,18.84,16.907,0.233084057741278,3.37214587222938,1,0,0,0
11332,69.34861576963,30.52,26.398,0.211130831089111,3.97271669949232,1,0,0,0
11333,55.0294484541727,28.12,30.935,0.332462345796323,3.13872422352585,0,0,0,1
11334,67.1245113616704,6.75,27.403,0.31043969434519,3.86014910493216,0,0,0,1
11335,73.0585009321888,10.42,9.475,0.0664207444423732,3.7802902998914,0,1,0,0
11336,46.2063675518098,7.41,9.019,0.34227893953079,3.19078361828478,0,0,0,1
11337,52.0024902300418,26.65,38.293,0.20059484382184,3.2939182299717,1,0,0,0
11338,60.2653467110192,24.4,20.677,0.0850960967611422,3.95441112222371,0,1,0,0
11339,58.1857102162693,7.2,3.671,0.323884316151377,3.06488564353115,0,0,0,1
11340,67.5123829446831,25.82,21.372,0.163020602658511,3.30580696576811,0,0,1,0
11341,57.0352236499574,25.77,16.633,0.19466747135745,3.32283556605239,1,0,0,0
11342,62.7851992763176,27.74,13.743,0.128062313844639,2.72505998987755,0,1,0,0
11343,73.4341307921139,13.73,8.621,0.0988399964291845,4.12296390105368,0,1,0,0
11344,66.2704275520025,17.22,11.069,0.144008422864868,3.80822056903473,0,0,1,0
11345,58.483393303731,15.5,2.297,0.338620918867435,2.52954456517072,0,0,0,1
11346,67.9044398903842,23.71,13.15,0.239846664161439,3.79697508248034,1,0,0,0
11347,65.9280269141355,5.9,14.013,0.081817816798564,3.79418548898116,0,1,0,0
11348,63.9631550893714,31.87,8.218,0.100336898638146,3.30859189136522,0,1,0,0
11349,66.7354310429261,20.05,0.107,0.224573296527992,4.05490003397792,0,0,1,0
11350,57.4744343362802,34.05,19.157,0.309742515886647,3.37458083719324,0,0,0,1
11351,66.0752790384631,8.29,29.141,0.349074643732437,4.34862646256651,0,0,0,1
11352,65.1301335508068,24.49,5.264,0.249374856548447,3.37379855150436,1,0,0,0
11353,65.9940375176249,11.95,18.494,0.123177595099716,3.91008605897606,0,1,0,0
11354,63.1318554990325,12.96,32.441,0.254286305798177,3.58053650783588,0,0,1,0
11355,58.3373027083039,36.19,20.099,0.227399596740854,3.70581889446946,1,0,0,0
11356,45.4220381303496,3.46,9.777,0.21428334949467,3.48442050294,0,0,0,1
11357,53.8861452127179,32.55,8.968,0.223005826044037,2.95142077750369,1,0,0,0
11358,64.7056022537385,30.83,18.91,0.206649869611143,3.84535042562991,1,0,0,0
11359,55.9643822397502,6.15,9.068,0.339533306486859,3.8990399922959,0,0,0,1
11360,67.437463326582,8.17,11.504,0.25974998594872,3.6596441786418,0,0,0,1
11361,51.8046954191252,14.5,7.09,0.346159163070335,3.54971760559272,0,0,0,1
11362,69.9063341452868,7.33,25.316,0.346072319423823,3.93550531182896,0,0,0,1
11363,67.0483390608353,29.41,7.231,0.336782323675636,3.75883315037647,0,0,0,1
11364,69.5919203497083,28.22,27.989,0.131828607427914,4.13160795549406,1,0,0,0
11365,61.2526952022959,6.1,34.652,0.0829031859890715,3.34281696165691,0,1,0,0
11366,58.1270923831652,33.1,38.98,0.180119253295546,4.21856955938963,1,0,0,0
11367,48.5589662164628,3.47,7.055,0.374963609808051,3.18680143278707,0,0,0,1
11368,59.1623444989367,39.51,28.041,0.174400985535446,3.93750342380729,1,0,0,0
11369,64.5180061608664,11.61,34.975,0.191448929254798,3.31125313289564,1,0,0,0
11370,69.1386906921957,6.11,9.696,0.301406502011638,3.24362774417105,0,0,0,1
11371,47.5237507835309,3.04,5.272,0.343915007081234,3.60211704638159,0,0,0,1
11372,58.5498887056273,35.24,30.204,0.201615339018177,3.29406762439239,1,0,0,0
11373,63.4987381506068,5.09,9.045,0.336102976737157,3.48502071529236,0,0,0,1
11374,61.4794160487004,20.53,7.867,0.0970558998123707,3.70960487841112,0,1,0,0
11375,59.2775691234523,20.99,11.186,0.187450079713668,3.52822148603546,0,0,1,0
11376,61.0467850336659,39.32,23.146,0.325147952323699,3.84174461288237,0,0,0,1
11377,63.4221938876279,21.91,2.483,0.0946264587693025,3.84896120235837,0,1,0,0
11378,44.9481655073398,29.18,18.922,0.276283068853043,2.86822848066044,1,0,0,0
11379,73.6176078922753,3.62,4.571,0.0956229390675456,3.29769208920776,0,1,0,0
11380,64.8677463920322,24.21,27.428,0.100799682621168,3.46075067105228,1,0,0,0
11381,60.022480762646,13.99,18.595,0.138617260263454,2.79378409950407,1,0,0,0
11382,61.7220082882462,21.12,3.697,0.189897929159129,3.60992071323192,1,0,0,0
11383,59.7601928974106,9.69,4.813,0.239750168734899,3.59216243306473,0,0,0,1
11384,57.9884719629534,18.21,0.674,0.333508153385029,3.80121458004214,0,0,0,1
11385,58.6516964745572,29.82,31.014,0.0864742764424243,3.40430496126216,0,1,0,0
11386,66.704793356816,9.69,30.909,0.22854048238131,3.86682987087366,0,0,1,0
11387,43.2861171934189,3.69,2.522,0.274325614435895,3.27657878667964,0,0,0,1
11388,64.4712880144335,30.78,24.378,0.254780085268719,2.97271699203742,1,0,0,0
11389,53.599375811449,9.48,8.518,0.128232864171759,3.43066558274941,0,1,0,0
11390,68.302303950628,28.97,19.591,0.0929525860130883,4.39081939348904,0,1,0,0
11391,59.792050313521,22.42,19.644,0.189726458956112,3.04481745063498,1,0,0,0
11392,65.1514344713858,29.91,25.601,0.211091661210575,4.15666645727021,1,0,0,0
11393,67.9013100074038,31.85,30.803,0.106643760089105,3.12576887116352,0,1,0,0
11394,54.2721115297572,7.71,3.778,0.260509523303794,3.03649032428732,0,0,0,1
11395,51.9547720009093,28.91,32.278,0.142396585252528,2.91333105190655,1,0,0,0
11396,61.8549501478476,9.37,6.573,0.183376580368074,3.27665081067294,1,0,0,0
11397,52.4898427931973,25.03,50.068,0.177061635864934,2.82774952102086,1,0,0,0
11398,59.1811167863131,25.4,21.628,0.114900584476595,3.92291330876977,1,0,0,0
11399,50.7967030094205,25.3,36.887,0.178525566239887,3.17924854910461,1,0,0,0
11400,48.2744778381354,10.58,8.243,0.226602031198991,3.1719420233602,0,0,0,1
11401,53.8952230218725,4.35,3.2,0.10482980989579,3.44858968045554,0,1,0,0
11402,52.3565073931493,33.04,38.027,0.115211592760562,3.62755843562271,0,1,0,0
11403,57.2031990123991,38.88,16.287,0.100632345791019,3.18155904733328,0,1,0,0
11404,58.4965261402157,23.96,15.539,0.0574573342475399,3.87051492845452,0,1,0,0
11405,38.8598326016363,7.08,2.944,0.103912400730061,2.75338831964979,0,1,0,0
11406,63.1907324024066,25.71,36.892,0.0650591824864637,3.33138654803852,0,1,0,0
11407,56.6366460256248,4.8,8.61,0.318927502172394,3.95551535625872,0,0,0,1
11408,71.671613365368,27.34,41.385,0.178174172906349,3.05444171415409,1,0,0,0
11409,51.5578659055914,36.78,26.088,0.199109637694728,3.32773320487285,1,0,0,0
11410,61.2195542043079,20.28,34.107,0.230133310074846,2.67939677040292,1,0,0,0
11411,57.3641201500244,33.49,42.779,0.252231989303898,3.55441778601198,0,0,1,0
11412,59.567282396759,26.52,32.336,0.136361939880388,3.38400557224231,1,0,0,0
11413,57.0748126995993,28.04,28.695,0.123900413204411,2.90626608546867,0,1,0,0
11414,60.7631454721524,23.59,19.697,0.246805168927575,4.08788883493805,0,0,1,0
11415,59.8001003530002,14.93,3.502,0.172160591141037,3.69863981628566,1,0,0,0
11416,51.1901509991432,12.13,8.757,0.324482369896848,3.34525248703753,0,0,0,1
11417,62.7745925279807,26.61,7.257,0.114254557323134,3.84985828204975,0,1,0,0
11418,67.4196698141221,14.2,22.95,0.322134598933328,3.65703615179392,0,0,0,1
11419,63.2572463135328,17.49,33.753,0.111337530322149,3.23284496730188,0,1,0,0
11420,63.5308362381399,39.17,14.267,0.0910409115436748,3.66495160466375,0,1,0,0
11421,46.2540899035934,28.79,23.838,0.122177153722918,2.49302822889781,0,1,0,0
11422,68.5762059129999,29.2,42.138,0.155357850441545,4.40905788421034,1,0,0,0
11423,66.3451352404683,7.62,28.635,0.214887303028546,4.08926100061595,0,0,1,0
11424,57.352747181873,8.95,9.331,0.206832333786262,3.5470850566795,0,0,0,1
11425,73.9893134546191,7.29,15.187,0.245479947236522,3.93446572317125,0,0,1,0
11426,63.1909061410844,13.82,30.022,0.209669784299548,3.30347946345435,0,0,1,0
11427,69.9240416536001,34.12,28.816,0.118141599300081,3.22300331175093,0,1,0,0
11428,62.7044136156813,19.61,16.246,0.194110184782621,3.40686458764743,0,0,1,0
11429,66.3328701895482,37.38,33.093,0.28500833038941,4.09355042505479,0,0,0,1
11430,63.4044621172192,32.85,31.078,0.209454491625014,3.77642918068048,0,0,1,0
11431,68.35940196101,22.62,17.054,0.114288057704495,3.36071353122279,0,1,0,0
11432,57.5464807717452,22.67,35.551,0.115690689535233,3.2286709782396,1,0,0,0
11433,59.4513903044137,27.5,23.379,0.244723044187669,3.50085857647755,0,0,1,0
11434,54.5639068775862,24.3,30.119,0.106665047361201,3.61530310096648,0,1,0,0
11435,68.7229582770042,31.09,8.971,0.221417619876403,3.91273380101463,1,0,0,0
11436,50.5885728997796,34.16,48.858,0.100722166791725,2.89716402224888,0,1,0,0
11437,50.7914115413452,34.35,32.353,0.175710174374562,2.3744778515217,1,0,0,0
11438,66.6334719150823,6.68,34.194,0.248285952493413,3.41715897147008,0,0,0,1
11439,62.650000032918,24.87,31.987,0.109837558052679,3.68175617573666,0,1,0,0
11440,46.2018549034477,4.48,3.62,0.347754458268448,3.32893408350777,0,0,0,1
11441,63.7520556973951,22.06,2.547,0.384040680604752,3.46823638180636,0,0,0,1
11442,57.9148565944586,24.11,2.811,0.182283484811368,2.62370913046463,1,0,0,0
11443,38.7662400853816,3.18,1.568,0.381601023736975,3.0671953243068,0,0,0,1
11444,64.1183951281609,24.36,25.83,0.173880036531379,2.9555516685763,1,0,0,0
11445,60.5546504135774,23.7,8.208,0.249380257932101,3.05960010566527,1,0,0,0
11446,73.5322210605426,14.68,17.056,0.0697019785074347,4.18211982544487,0,1,0,0
11447,67.7187278202454,17.9,9.391,0.118658799384097,4.35086511667317,0,1,0,0
11448,63.9780509204191,9.49,24.501,0.201504369473053,3.67715980374569,0,0,1,0
11449,62.6175432641169,32.33,34.364,0.113588811249426,3.30065997664514,0,1,0,0
11450,61.7706805618376,25.82,16.616,0.377400181564869,4.13139656767267,0,0,0,1
11451,61.5187302200284,31.4,3.803,0.231245280280267,2.95077425447493,0,0,1,0
11452,64.7968793768216,23.68,18.626,0.142432812513991,3.70607233908932,1,0,0,0
11453,71.4545253864901,35.11,22.764,0.228778619964795,3.71438019111079,1,0,0,0
11454,67.1734068756204,6.38,16.112,0.123362763743008,3.93411768993113,0,1,0,0
11455,66.3810467282856,36.0,36.414,0.140673204184444,4.60692354941623,1,0,0,0
11456,47.5038456430324,29.87,28.259,0.242116626803755,3.3184625050503,1,0,0,0
11457,66.6642118730241,9.68,11.501,0.212891899613793,3.82810681179744,0,0,1,0
11458,43.7188926123099,30.14,30.878,0.10533999816141,2.59979724861543,0,1,0,0
11459,49.6100331031292,7.64,8.735,0.123968365589985,3.03331092667871,0,1,0,0
11460,48.1553046089547,35.08,32.947,0.223986103985884,3.58023359182114,1,0,0,0
11461,53.7015813601035,9.28,0.233,0.25923453952434,3.06680317209923,0,0,0,1
11462,68.7106728588977,38.79,20.935,0.0993694421351012,3.35499537563224,0,1,0,0
11463,62.421440872518,5.81,6.033,0.411915600531573,3.7362545048136,0,0,0,1
11464,46.6950019975638,40.33,35.113,0.231793947994518,3.53295039992948,1,0,0,0
11465,69.9049124371443,9.98,24.75,0.0756435419008825,2.97529602359517,0,1,0,0
11466,67.6905869909818,14.57,15.382,0.164300389630098,3.98807023067514,0,0,1,0
11467,45.6309028537321,41.22,35.479,0.0839191576284625,3.33721850487488,0,1,0,0
11468,60.9945106787055,16.71,18.113,0.169993220865106,3.49515162068614,0,0,1,0
11469,60.7135473404352,23.06,45.685,0.204719244681629,3.94686997879466,1,0,0,0
11470,49.9078989672139,28.04,28.827,0.236555423324147,3.2571756919564,1,0,0,0
11471,63.1319764973192,14.27,6.456,0.187222583812422,3.58439968300441,1,0,0,0
11472,65.9206497389677,18.71,12.318,0.217849450562075,3.78926661952276,1,0,0,0
11473,64.5656699491939,34.2,47.078,0.0890738889644167,3.41058830898552,0,1,0,0
11474,70.7218948106586,6.15,31.236,0.344237787286312,3.66798859496891,0,0,0,1
11475,65.4004651061045,8.74,31.791,0.226436111983805,3.56129134992576,0,0,1,0
11476,63.55252352623,24.08,32.289,0.320588348394628,3.81677624849901,0,0,0,1
11477,71.2375474834721,10.48,26.47,0.081437202204078,4.01770353152774,0,1,0,0
11478,45.8735649211801,28.35,23.773,0.157003713798066,3.19180445466238,0,0,1,0
11479,54.6267916877603,31.73,11.724,0.0371968376867556,3.52069271688489,0,1,0,0
11480,69.6605777637158,19.49,6.68,0.107225262181701,3.35014357220513,0,1,0,0
11481,57.5333417557621,9.18,8.453,0.281850574493503,4.14870456242136,0,0,0,1
11482,59.6586327006515,29.1,38.718,0.271853224909272,3.41145060403828,0,0,0,1
11483,68.5758185401747,8.48,8.282,0.223269387355961,3.30964707135778,0,0,0,1
11484,46.3363896231778,18.31,41.113,0.243852556724676,3.47952507415069,1,0,0,0
11485,55.2928115664835,22.01,10.69,0.176837268410871,3.25374461616017,0,0,1,0
11486,65.9940534611126,21.19,19.703,0.239255942335134,3.08390078195606,0,0,1,0
11487,73.5764562698205,8.94,22.702,0.183825392559639,3.94900865248343,0,0,1,0
11488,48.3172101728519,5.16,0.611,0.296430166495211,3.50616221504042,0,0,0,1
11489,46.5933518861993,5.88,6.903,0.262016325045631,3.62709877018809,0,0,0,1
11490,64.0805797430447,21.82,2.33,0.318141853277561,3.66060924839441,1,0,0,0
11491,57.23947386279,30.99,44.242,0.296063887577432,3.43873909902256,0,0,0,1
11492,40.0385187849904,6.4,0.441,0.320631391450667,2.82769927107544,0,0,0,1
11493,65.222857528849,29.17,6.683,0.103185116233296,3.55806732486864,0,1,0,0
11494,50.4323348868416,8.37,7.266,0.226349983131834,3.29425361374261,0,0,0,1
11495,64.1414649273539,23.32,6.508,0.273715303131106,3.86076340304998,0,0,1,0
11496,42.86966565585,33.81,33.663,0.0730890544604092,3.0902071514845,0,1,0,0
11497,59.4638468388142,20.93,5.531,0.230690055645197,3.85534459927577,1,0,0,0
11498,64.5979956034304,14.27,0.59,0.163797352652605,3.97083722560207,1,0,0,0
11499,62.6471246508491,37.05,31.77,0.077300719067461,3.63307248012798,0,1,0,0
11500,64.3067816860492,16.32,15.23,0.194782430979092,3.22751203318429,0,0,1,0
11501,57.9222068040996,40.89,23.308,0.245347353059668,3.53626047002674,1,0,0,0
11502,57.8767806891541,29.54,29.999,0.221428688064092,3.62867759901446,0,0,1,0
11503,54.3502263130289,32.46,20.358,0.0922454755762361,3.19546844484381,0,1,0,0
11504,44.8407780955213,38.52,37.74,0.179545612849851,3.21092283323452,1,0,0,0
11505,67.0044521080442,9.92,30.019,0.120246438812916,4.10844151403967,0,1,0,0
11506,66.5944197278003,12.71,12.253,0.198115166498511,3.26109820558668,0,0,0,1
11507,62.2442115644075,38.45,26.579,0.0519772889361223,3.24482352360806,0,1,0,0
11508,62.3619423343392,20.06,49.514,0.0913686983599117,3.34169556372839,0,1,0,0
11509,46.6490716220342,5.18,0.63,0.177320206214263,3.38091924619142,0,0,0,1
11510,59.8311763581353,13.67,8.712,0.245909749753966,3.53487648894723,0,0,0,1
11511,61.7097786203205,34.33,22.463,0.243545804265294,3.7013134948761,1,0,0,0
11512,59.9345027733802,34.73,13.902,0.409634552212513,3.56939825996822,0,0,0,1
11513,67.6585378466843,3.8,0.671,0.33810172706981,3.91102720819341,0,0,0,1
11514,56.2035926894452,6.36,0.646,0.196269098326327,3.54477786990027,0,0,0,1
11515,71.3101116881428,9.47,4.029,0.373284788945794,3.45424891583891,0,0,0,1
11516,50.4770540175725,8.17,1.555,0.456602008800263,3.05743046838134,0,0,0,1
11517,70.2174292668103,30.24,7.648,0.318874208498077,4.22331214986493,0,0,0,1
11518,42.8910628188425,17.94,40.929,0.17520965745168,3.36371603775626,1,0,0,0
11519,50.4317737312479,3.69,5.961,0.330526943982696,3.56233220356548,0,0,0,1
11520,67.3430377052892,13.02,17.336,0.279486459780239,4.11023883864433,0,0,1,0
11521,67.3845763785366,23.75,9.078,0.349783459958279,3.45051558020794,0,0,0,1
11522,66.1526889781519,26.36,32.961,0.105319887492715,3.28492008862645,0,1,0,0
11523,63.5272194354356,16.14,18.555,0.208842506278479,3.89161751397759,1,0,0,0
11524,61.522713117004,5.89,9.084,0.297038555460034,3.22840476133842,0,0,0,1
11525,50.2994616910379,35.48,35.588,0.0596623428800502,2.8697537782344,0,1,0,0
11526,59.9657384758999,14.45,13.196,0.139486765691422,3.63856290559294,1,0,0,0
11527,61.6646565005158,7.14,15.815,0.106597530965233,3.71605065270765,0,0,1,0
11528,60.8027659784252,30.84,27.491,0.142820033411907,2.99400915106573,0,0,1,0
11529,63.7350218448835,31.98,42.026,0.102992693831185,3.98642543986709,1,0,0,0
11530,64.630415482922,34.04,28.802,0.190239151567729,3.99455580080411,0,0,1,0
11531,68.5289479660174,25.43,36.298,0.281476677826484,3.80896495767814,0,0,0,1
11532,64.7631432711947,16.38,23.646,0.0951374207924146,3.30568253585562,0,1,0,0
11533,51.5381118514125,19.91,29.576,0.225108124014846,3.32487377962994,1,0,0,0
11534,58.0858492016283,28.89,25.216,0.146787944677629,3.46406546324361,1,0,0,0
11535,67.4286814440098,32.85,25.826,0.169932753639201,3.7732953830998,1,0,0,0
11536,66.5483461589428,11.26,9.54,0.257907402078995,3.83471328261043,0,0,0,1
11537,61.2423005209464,41.48,26.926,0.0948234637324303,3.8563345143628,0,1,0,0
11538,71.7416682607242,11.44,14.033,0.108446059701309,3.97161651989215,0,1,0,0
11539,69.9534491173137,8.83,18.618,0.0662709627033636,4.03376158350591,0,1,0,0
11540,69.7896489865224,15.56,5.797,0.191206980422496,4.04270754020081,0,0,0,1
11541,56.8236240365263,19.98,18.423,0.0668510007838826,3.47409601118197,0,1,0,0
11542,62.7862798286226,29.82,32.267,0.194051689711371,3.62159068583404,1,0,0,0
11543,65.6690704742437,5.74,14.434,0.153628685983396,3.23238947826507,0,0,1,0
11544,47.2886421895526,39.8,20.763,0.217778823336971,3.25176375519095,1,0,0,0
11545,66.9301557793061,32.77,35.936,0.226164105908236,2.68607779732033,1,0,0,0
11546,59.1478656343875,7.87,6.086,0.272142264091967,3.20865166808153,0,0,0,1
11547,69.706465790694,5.41,21.832,0.320224714908832,3.70412632358961,0,0,0,1
11548,53.9295437358267,30.21,36.614,0.114343245489501,3.38108219350048,0,1,0,0
11549,54.9235513876344,33.2,14.063,0.314677388495295,3.32235999753439,0,0,0,1
11550,62.817817310866,20.8,4.412,0.279195786717895,3.50477439011406,1,0,0,0
11551,56.8241262172415,10.9,3.819,0.231742435494687,4.1034967915365,0,0,0,1
11552,69.5545206093306,12.13,30.158,0.230612190712769,4.26191547793182,0,0,0,1
11553,42.0248121003274,37.01,47.878,0.200965995660421,2.90918760729049,1,0,0,0
11554,64.485426361978,17.23,14.811,0.116751834457382,3.26939564853526,0,1,0,0
11555,72.2161775659457,30.01,37.571,0.103472116355688,3.46379820325935,0,1,0,0
11556,65.7369798620666,19.73,11.692,0.184768420839537,4.13486501917743,0,0,1,0
11557,62.2420156442044,33.82,21.635,0.110693722020231,3.34924282957607,0,1,0,0
11558,58.02254059366,3.84,0.575,0.309971716349249,3.36011734170638,0,0,0,1
11559,69.1987231608215,23.1,12.933,0.265849882499093,2.39561783581964,0,0,0,1
11560,65.794255790732,25.03,26.318,0.143126823168126,3.8673791880301,1,0,0,0
11561,66.3437604695756,11.29,21.22,0.212508657774725,3.50242512914232,0,0,0,1
11562,66.5835834089103,25.99,14.85,0.223147590591418,4.17011271720353,0,0,1,0
11563,60.3785193437504,32.51,34.826,0.112427695805447,2.90314649026117,0,1,0,0
11564,44.9825680953795,46.19,39.309,0.12505595097557,2.60509282972876,0,1,0,0
11565,60.5663608380583,27.9,7.467,0.115284803212507,2.99172506107837,0,1,0,0
11566,67.2718632878894,34.91,7.503,0.39248121794349,3.64506124602272,0,0,0,1
11567,46.6244799985855,4.21,8.173,0.257992586472027,2.86953200156586,0,0,0,1
11568,66.5733498555302,32.53,21.491,0.0896732087731935,3.52990241980191,0,1,0,0
11569,67.0769720115681,5.3,27.326,0.196494050704127,3.90037059417808,1,0,0,0
11570,66.6195301701374,15.08,11.502,0.213823137962001,3.05370452183209,0,0,0,1
11571,64.8987523902118,19.05,15.483,0.372286964599661,3.14979906414482,0,0,0,1
11572,43.9503117340815,26.35,27.89,0.326185325894022,2.93650999299599,0,0,0,1
11573,59.0410495753295,36.09,34.102,0.188464709823901,3.111882211115,0,0,1,0
11574,69.7343544849492,14.17,15.855,0.185935655571774,4.40246375587871,0,0,1,0
11575,61.6968577647313,18.64,18.011,0.120723310642721,3.41013534051568,0,1,0,0
11576,68.8845199865049,8.14,20.864,0.116218492148093,3.66205123361145,0,1,0,0
11577,44.2995803598525,3.74,4.951,0.288699227879561,3.2941217053542,0,0,0,1
11578,71.756891754907,14.91,34.143,0.101665792559673,4.24313663549721,0,1,0,0
11579,65.396662621456,28.6,32.747,0.111407541255602,2.93264473257494,0,1,0,0
11580,49.9899087669546,37.28,32.828,0.178640598795166,3.30197561705468,1,0,0,0
11581,66.2421886855799,18.83,3.573,0.299411840614103,3.77838074286519,1,0,0,0
11582,64.8119223382655,31.29,15.039,0.100931744011828,3.89695611481441,0,1,0,0
11583,67.2701975281006,28.6,7.78,0.326266619379923,3.59661310883169,0,0,0,1
11584,56.3880249081162,36.7,39.871,0.281613376456296,3.71952232883664,1,0,0,0
11585,56.0311364955945,33.13,25.947,0.363842512646796,3.1842145830661,0,0,0,1
11586,64.1558009898648,25.96,21.793,0.140842635031897,4.48962588143123,0,0,1,0
11587,58.051134802492,25.71,9.799,0.188040279090711,3.89644354629864,0,0,1,0
11588,59.9578921765118,30.34,43.915,0.243263428219091,3.54935877320044,0,0,1,0
11589,61.7420665147083,19.3,4.548,0.119884197625405,3.37918759818865,0,1,0,0
11590,72.8553610190264,36.89,5.749,0.318493009075728,3.54727286878868,0,0,0,1
11591,64.232152114376,9.95,25.355,0.260966009037674,4.02183211642204,0,0,0,1
11592,60.916527034458,31.22,27.796,0.132003892098565,3.16075649800306,1,0,0,0
11593,64.6676091150589,28.47,28.009,0.178512287977476,3.63171442294433,1,0,0,0
11594,55.3869904650889,28.83,14.488,0.170965026943291,3.25871370539177,0,0,1,0
11595,66.2002317511234,27.02,23.0,0.329311354405295,3.93016998497323,0,0,0,1
11596,58.3014644917274,25.83,42.459,0.0969263367207621,3.43864142522335,0,1,0,0
11597,59.8486566217879,3.72,4.97,0.109686909137008,3.21025382459036,0,1,0,0
11598,71.6011366871557,11.89,34.642,0.115429560817056,3.41977414712106,0,1,0,0
11599,42.4846445235358,24.36,28.59,0.125557382506684,2.93115586239706,0,1,0,0
11600,67.9827239892414,28.45,36.675,0.245223606059428,3.68917223188344,0,0,1,0
11601,68.1925839086344,12.35,18.618,0.280178112654948,3.30177189552906,0,0,1,0
11602,58.4296686385667,16.22,11.335,0.17217220678306,4.00714065820975,1,0,0,0
11603,61.0718322494064,28.08,24.593,0.244428337082646,3.03436359112254,0,0,0,1
11604,55.8350137344776,26.51,18.068,0.161567355012493,4.22911480280476,1,0,0,0
11605,59.379862057163,18.73,19.153,0.239723096332485,3.55985222208684,0,0,1,0
11606,53.0693875786443,18.51,20.119,0.106787009960522,2.75451106646628,0,1,0,0
11607,60.0045333497213,14.08,7.168,0.0723968262019726,3.68064495933807,0,1,0,0
11608,60.5858227038423,24.93,34.386,0.242520310447946,3.05543964515328,1,0,0,0
11609,62.7208150605562,20.82,6.57,0.224216670029389,3.63419307295259,0,0,1,0
11610,62.4682407762908,36.47,38.093,0.29097863020881,3.3650179735115,0,0,0,1
11611,63.6308804562927,14.17,11.523,0.183308063610219,3.46581669974878,1,0,0,0
11612,51.854413684291,34.4,13.442,0.283403189299948,3.020437514544,1,0,0,0
11613,60.7751448414205,34.06,36.12,0.0769709169695519,2.70297675886318,0,1,0,0
11614,51.8301083274394,8.55,2.983,0.319034990527254,3.56356266036225,0,0,0,1
11615,66.2798914440885,14.34,5.205,0.334358333943883,3.57621785203261,0,0,0,1
11616,69.5330390007868,27.86,5.876,0.170057714570775,3.40918666296116,1,0,0,0
11617,42.9679032145278,6.07,6.581,0.292420069421049,2.70953004332575,0,0,0,1
11618,73.8885311893724,36.63,16.205,0.174438552431888,3.87212527537752,1,0,0,0
11619,48.8192340607993,37.08,33.401,0.182511278601003,3.36285699762563,1,0,0,0
11620,64.0784621031177,4.58,8.134,0.319753908407283,3.63344829836272,0,0,0,1
11621,49.2123710071348,31.56,30.019,0.174943987219058,3.37547765706078,1,0,0,0
11622,70.443396085667,12.34,13.331,0.209168705315796,3.75740102675959,0,0,1,0
11623,43.3431398463774,29.48,22.537,0.0870244878149863,3.21669994051705,0,1,0,0
11624,51.3194834341281,23.95,30.214,0.264591119842587,2.9438857097758,0,0,0,1
11625,66.1447951076648,20.55,17.995,0.20775970176825,3.71362784398862,1,0,0,0
11626,63.3280914063766,23.43,17.589,0.188140202658568,3.45760697266548,0,0,1,0
11627,46.788222038939,32.39,33.752,0.108063076754623,3.23645151882695,0,1,0,0
11628,64.6706912354571,9.32,28.819,0.264550222793764,3.67052292847074,0,0,1,0
11629,68.7077248952221,38.46,6.893,0.152803009498104,4.30243660698167,0,1,0,0
11630,62.1636464249698,34.95,44.51,0.211943887161818,3.45237360877216,1,0,0,0
11631,65.7670954477031,7.24,13.728,0.170329241773297,3.85191930077743,0,0,0,1
11632,30.1858975745222,5.76,6.247,0.247147728996016,2.83808894521947,0,0,0,1
11633,58.6470387501464,26.05,29.451,0.193350717672778,3.03899049383305,1,0,0,0
11634,64.6485188456124,5.86,21.44,0.108238987663219,3.52847508594728,0,1,0,0
11635,63.1943263512796,17.67,18.859,0.245950828425023,2.71059922115317,0,0,1,0
11636,62.0709811091424,26.22,3.907,0.262687255991597,3.85961292198534,1,0,0,0
11637,48.133312522317,35.01,31.474,0.17694689528883,3.59665571292121,1,0,0,0
11638,71.7906368393283,16.23,1.988,0.15234573849698,3.50347174042262,1,0,0,0
11639,62.0727802571315,20.89,13.032,0.234885250184973,3.35791073220812,1,0,0,0
11640,55.7270052672504,17.96,0.474,0.238870716626616,3.33925047690835,0,0,1,0
11641,67.8634160699363,12.14,11.376,0.304410409504645,3.84554430810153,0,0,0,1
11642,76.1335090900769,11.57,25.428,0.102387355024684,3.47646200437402,0,1,0,0
11643,51.7978364333993,29.59,28.52,0.100689783610059,2.99278612235905,0,1,0,0
11644,67.6604116171554,25.65,2.593,0.123567467554598,3.56911202065459,0,1,0,0
11645,63.2166357524937,16.24,19.444,0.124585477051995,3.28550689777188,1,0,0,0
11646,60.606243790005,29.49,20.993,0.197313962554739,3.87288822586213,0,0,1,0
11647,61.633811740363,23.43,13.83,0.161205521688205,2.99116180922719,1,0,0,0
11648,60.8837510779857,28.2,36.268,0.222772506779153,4.28259938050562,1,0,0,0
11649,62.8907285264322,21.35,19.719,0.163581747050288,3.4613236206126,0,0,1,0
11650,67.4807520995259,7.94,30.607,0.110157676915191,3.43497682851163,0,1,0,0
11651,64.894729060071,16.31,2.026,0.211497046642877,3.38336608938877,1,0,0,0
11652,67.2115200591129,30.34,19.805,0.283594069542174,3.93932829493732,0,0,0,1
11653,59.9202345997396,18.08,15.554,0.0983576002332101,3.08362651342084,0,1,0,0
11654,69.7354979411087,5.17,12.562,0.261096019289224,3.51746177349696,1,0,0,0
11655,72.8374466608509,9.83,27.506,0.10954754607021,4.13913630412319,0,1,0,0
11656,63.9461865039445,18.48,6.585,0.184591680184866,3.63389625448196,1,0,0,0
11657,61.6260677270159,30.95,29.79,0.191319337343918,3.70528443734852,1,0,0,0
11658,53.2495537882181,17.63,31.188,0.225683495513413,3.49384350972493,0,0,1,0
11659,66.9624705329635,14.8,17.844,0.122066659056131,3.85674260021046,0,1,0,0
11660,65.0469612674702,9.57,19.192,0.213897905540822,4.25362194441628,0,0,1,0
11661,59.3727480443526,8.68,4.001,0.168613098469262,3.15762038655861,0,0,1,0
11662,58.1366561577994,6.69,7.415,0.305405558227172,3.63356610148859,0,0,0,1
11663,69.7217433235966,5.78,14.968,0.236937806724973,3.91705862606525,0,0,1,0
11664,61.4109046818153,26.15,17.61,0.0717422803695715,3.26767558904785,0,1,0,0
11665,69.0408151914775,35.5,40.972,0.2115054463254,4.20646704172271,1,0,0,0
11666,45.6283339995658,8.37,5.833,0.328487326737102,2.83340885225212,0,0,0,1
11667,58.6969450426418,17.52,17.918,0.318779728190903,4.32035756251502,0,0,0,1
11668,62.4891764690987,26.04,31.525,0.19705863884122,3.55942052660318,1,0,0,0
11669,52.0386503501262,12.47,8.873,0.31947015661029,3.58406911753658,0,0,0,1
11670,62.7827394817768,26.68,23.127,0.140447750242003,2.63327011568783,1,0,0,0
11671,65.6213214026005,14.01,11.62,0.200935212010678,4.21579830505171,0,0,1,0
11672,71.1252817124407,8.83,26.582,0.344125375143171,3.72547049186868,0,0,0,1
11673,67.4767717662152,9.94,13.702,0.140210422561008,4.18055754019091,0,1,0,0
11674,50.1075738683365,3.99,9.073,0.330721805136967,2.97741997191146,0,0,0,1
11675,68.3948641699664,13.9,21.473,0.187523933720946,3.29998079644615,0,0,1,0
11676,48.80696080522,28.91,25.601,0.263524886953702,3.05567567511311,1,0,0,0
11677,72.285990759494,34.61,33.655,0.194078099230674,3.55343792988691,0,0,1,0
11678,55.2231403055205,5.94,8.334,0.121939845280428,2.97440396721953,0,1,0,0
11679,48.5930967891793,36.05,37.629,0.191971987916794,3.28517866564264,0,0,1,0
11680,54.19360570816,32.39,30.634,0.119217809006488,3.18596515492045,1,0,0,0
11681,57.6782039913771,26.8,26.914,0.165157507203633,3.48006172023292,1,0,0,0
11682,36.6918812435094,11.03,3.559,0.278833011648093,2.09650933190032,0,0,0,1
11683,54.3690030400717,4.68,6.908,0.253898838365044,3.43556164000422,0,0,0,1
11684,48.3735678444769,25.8,32.398,0.204306403390667,3.14921715496242,0,0,1,0
11685,60.8689404689162,26.69,42.758,0.135535586029064,3.69409090198902,0,1,0,0
11686,45.8921033411677,31.57,34.17,0.0732185816237145,2.80013377160244,0,1,0,0
11687,57.7534753063852,16.66,9.943,0.206868637969758,3.24323035835663,0,0,0,1
11688,63.4083916617241,39.25,31.215,0.304786834450359,3.20830145147553,1,0,0,0
11689,55.9354218296805,20.43,14.317,0.322837042893585,3.37488361047976,0,0,0,1
11690,64.0181626563455,33.04,22.759,0.0931672136247515,4.15858815477807,0,1,0,0
11691,53.15803351882,6.19,1.23,0.32439205862039,3.20359544053889,0,0,0,1
11692,44.8037146002872,29.26,32.776,0.110250990659405,3.22623181270053,0,1,0,0
11693,57.5872661873441,25.86,12.734,0.329656673236855,4.09576199634185,0,0,0,1
11694,49.1272635714376,26.33,30.778,0.186005401223181,3.39172080775482,1,0,0,0
11695,35.5141600587376,15.78,3.072,0.142073017722677,2.41872178140809,0,1,0,0
11696,62.6736256021277,17.31,3.061,0.215386912395619,3.53029092068979,1,0,0,0
11697,68.7629685348659,10.19,12.426,0.219987017934335,3.42386387506125,1,0,0,0
11698,69.3350161472306,13.75,16.234,0.24627880528093,3.77339808927895,1,0,0,0
11699,59.7544330268943,39.17,29.654,0.0985616794307184,3.53802605238519,0,1,0,0
11700,65.2050701269488,8.05,21.75,0.0761537904088957,3.29394605190182,0,1,0,0
11701,49.5084599653543,22.88,24.505,0.154471129973374,3.05420653628538,1,0,0,0
11702,64.3043671481924,9.69,22.92,0.20589169791355,3.60729446473572,0,0,1,0
11703,48.4837488018632,29.16,23.579,0.326160847093179,2.30440293426514,0,0,0,1
11704,59.2126552539898,34.57,35.811,0.174909765770656,3.74463090009487,1,0,0,0
11705,68.0449316161228,10.74,29.83,0.0874095339585018,3.54725036911361,0,1,0,0
11706,64.5472254805815,32.12,36.493,0.0653934388077346,3.44180930294876,0,1,0,0
11707,67.8483337694983,28.4,32.484,0.208605390870839,4.04653880570444,1,0,0,0
11708,64.0982184676086,27.7,16.231,0.207692024822321,3.82054011247154,1,0,0,0
11709,51.6137176924724,7.09,0.806,0.332070116218578,2.74858838571564,0,0,0,1
11710,69.5544978060092,9.93,10.843,0.120833622816722,3.88009348435371,0,1,0,0
11711,62.9064979931676,4.48,9.157,0.290417733267492,2.98419217239179,0,0,0,1
11712,63.6604497981603,32.4,41.9,0.100488922338126,3.6937435707621,0,1,0,0
11713,68.9315288499834,5.71,24.246,0.101723635276471,4.26885941809694,0,1,0,0
11714,69.8501275119783,8.97,8.477,0.195582013164915,3.44622611438483,0,0,1,0
11715,73.1323113780325,13.57,12.243,0.330631272566078,3.95297383622314,0,0,0,1
11716,62.2305930781902,19.38,0.698,0.219240924861348,3.3672855775081,1,0,0,0
11717,58.5974179587318,4.94,1.566,0.325658070116143,3.56362069860732,0,0,0,1
11718,59.6782647795262,5.35,1.173,0.393182679159028,3.91231642574601,0,0,0,1
11719,56.431238326845,15.13,3.999,0.336726002862204,2.6675406302611,0,0,0,1
11720,58.7597928003785,30.51,4.581,0.290982344112797,3.56430900462139,0,0,0,1
11721,66.7841767247212,20.45,17.183,0.0982570036534617,4.03362767740587,0,1,0,0
11722,62.2879970431995,18.73,3.741,0.278898338673707,3.07148744246928,0,0,1,0
11723,53.5727132462771,20.95,8.527,0.199243902999319,3.34535156075006,0,0,1,0
11724,65.1082024405807,36.71,24.101,0.113754184616193,3.63083267327425,0,1,0,0
11725,61.3910392728918,27.65,11.859,0.355114773732713,4.13636665741715,0,0,0,1
11726,59.300628360961,20.41,9.195,0.179587204982514,3.49185272174619,1,0,0,0
11727,66.7408537764557,13.8,6.6,0.302747356894349,3.47958728982309,0,0,0,1
11728,66.3233050849142,15.81,0.226,0.256182273751052,2.95279132184352,0,0,0,1
11729,63.0158296384925,24.35,11.402,0.0865663842342042,3.22768110838978,0,1,0,0
11730,65.8867521593898,13.84,9.641,0.246792809273047,4.03334373835872,0,0,0,1
11731,55.5870589265568,35.38,37.007,0.202471499019344,3.36256644473618,1,0,0,0
11732,64.7315285738512,10.16,17.719,0.147477028440631,3.25347988478398,0,0,1,0
11733,66.3715328255318,31.75,26.262,0.0775351409400234,4.46652292840881,0,1,0,0
11734,63.7928929829278,16.21,18.782,0.313101887264737,3.56426770827033,0,0,0,1
11735,70.9124921808795,8.88,21.437,0.141978958231084,2.49760675048321,0,1,0,0
11736,50.0654842311,34.33,33.157,0.104798329203635,3.49782855896072,0,1,0,0
11737,70.2424938852214,14.35,12.138,0.0843426134145691,3.89158050781987,0,1,0,0
11738,73.3695625401577,11.55,12.668,0.136279705436716,3.4047444952432,0,0,1,0
11739,67.3642889104084,13.5,18.963,0.207598214940152,3.68063206023004,0,0,0,1
11740,61.4528886561262,24.9,28.439,0.26340232980681,3.80195541683895,0,0,0,1
11741,49.944350095725,33.36,34.339,0.122895269568825,3.45863125865504,1,0,0,0
11742,57.5564835803693,18.45,17.833,0.150143042691757,3.28705714033715,1,0,0,0
11743,58.9507010920755,9.63,9.855,0.200414929681745,3.959343807569,0,0,0,1
11744,67.9084242210241,8.74,12.551,0.0987184438027329,4.2152617640604,0,1,0,0
11745,46.9075393769117,6.11,5.468,0.308808367751807,3.17824995233594,0,0,0,1
11746,61.5308103347954,17.98,8.891,0.190601103248728,2.9764004387466,1,0,0,0
11747,45.5323852982149,34.74,36.521,0.146765890364651,3.07882273771774,1,0,0,0
11748,69.7657737491726,21.89,23.551,0.0909536099946867,4.28308525729567,0,1,0,0
11749,56.9772670658358,30.04,25.908,0.140454390888003,3.01514362400277,0,1,0,0
11750,63.1665982449605,25.11,29.223,0.1009719737331,4.0132271302676,0,1,0,0
11751,60.2725624081927,23.98,25.677,0.0955906593013699,3.05015576047454,0,1,0,0
11752,63.2443119428027,9.56,32.531,0.120238796706497,3.79436954013077,0,1,0,0
11753,58.5156520126462,11.31,4.072,0.281250769880512,3.1666707705073,0,0,0,1
11754,65.6700222006349,12.07,8.089,0.110613080016955,3.66333522498192,0,1,0,0
11755,57.3779656331092,37.23,30.71,0.214104512417777,3.14079512043472,1,0,0,0
11756,60.4200169406338,29.57,31.85,0.227745420676045,3.68751399326941,1,0,0,0
11757,61.1767869842844,23.1,12.705,0.103399593861271,3.77672560988279,0,1,0,0
11758,54.9839824752176,22.22,16.582,0.153479108560682,3.54827464873161,0,0,1,0
11759,59.5555085830163,26.07,19.213,0.324963443567769,3.42906756195633,0,0,0,1
11760,68.4949428087724,18.45,8.898,0.24356907456404,4.04149960378545,1,0,0,0
11761,57.8727141512965,17.17,9.055,0.126050716935512,3.52974535677315,0,1,0,0
11762,59.5121482917744,20.37,13.9,0.278013065836965,3.31129154105631,1,0,0,0
11763,58.8877908777945,6.95,0.705,0.201948161060643,3.53023099331496,0,0,1,0
11764,49.0338378066747,28.2,37.037,0.167232282910695,2.96722909747418,1,0,0,0
11765,59.0622833201238,13.49,6.533,0.129797246785137,3.36665428162269,0,1,0,0
11766,60.7994953782406,4.63,1.598,0.0963545127953633,3.44528854874685,0,1,0,0
11767,61.7216911663365,24.33,1.205,0.0736291000297844,3.42436838591137,0,1,0,0
11768,59.3094663424098,4.07,0.298,0.130541784153225,3.86562277300522,0,1,0,0
11769,67.7610626339188,6.95,8.23,0.181510437745551,3.43298795077128,0,0,1,0
11770,64.2527702037399,3.97,5.653,0.302801098226999,3.91460811275001,0,0,0,1
11771,49.4051416853944,30.72,30.332,0.120070779585856,2.73028119399937,0,1,0,0
11772,72.5102230518725,9.54,32.767,0.12979327123868,4.0551582905824,0,1,0,0
11773,61.8238423763736,27.03,2.803,0.246002200931336,2.96627157876696,1,0,0,0
11774,67.8708248714236,28.35,33.432,0.191200891342551,3.42230042787803,0,0,0,1
11775,46.3217880171393,8.75,4.249,0.334117033778403,3.6098762382522,0,0,0,1
11776,64.7986253027603,24.47,17.36,0.0663779406004665,3.41390881658759,0,1,0,0
11777,65.1221008561872,31.47,18.244,0.0812553248042001,3.2244455480771,0,1,0,0
11778,65.1849520019754,20.84,16.978,0.194538320377507,3.9974081669563,1,0,0,0
11779,68.2006953526883,8.25,24.27,0.288722996718292,4.21228105821189,0,0,0,1
11780,56.2165536787917,33.94,27.527,0.187512635466041,2.64856226258865,0,0,1,0
11781,65.1251951785444,17.56,40.244,0.186175377791508,4.28858005993877,1,0,0,0
11782,66.3119318198834,10.18,31.982,0.285857691927337,4.13159271512972,0,0,0,1
11783,66.0232789129671,29.17,19.98,0.104448014383188,3.72248267698097,0,1,0,0
11784,63.7207738625378,37.31,35.177,0.164850451801805,3.63775895729793,0,0,1,0
11785,66.4313944431784,14.07,8.66,0.265954565774602,3.58908329587137,0,0,0,1
11786,57.9596068557019,29.65,19.187,0.205698485241848,3.24656646566655,0,0,1,0
11787,46.9884906979036,31.62,39.927,0.196117136574266,3.03512382085446,0,0,1,0
11788,41.8673056801159,3.87,4.531,0.200203541878116,2.87487453384751,0,0,1,0
11789,62.1289308247113,32.82,36.964,0.212740478838665,3.15686669963695,1,0,0,0
11790,68.5169635839246,11.19,25.48,0.0784523827811792,3.81334873373678,0,1,0,0
11791,54.0503806647116,32.83,39.707,0.242168124749387,2.77721273776942,1,0,0,0
11792,63.7028477260058,34.49,13.078,0.118201337923865,3.86034734405764,0,1,0,0
11793,51.7626096926114,17.26,16.184,0.187976982906243,3.22715729619268,1,0,0,0
11794,67.828143961172,34.55,24.643,0.1890110050781,4.12841043356767,0,0,0,1
11795,66.0058981276164,27.96,25.147,0.234871715204614,3.35233289082472,1,0,0,0
11796,63.028054856016,24.29,7.199,0.129094924965571,3.73880169138586,0,1,0,0
11797,63.9187661847728,18.22,0.228,0.202460896519114,3.5657518082417,0,0,1,0
11798,60.5199352218473,33.44,26.638,0.0841251399874862,4.10749016099694,0,1,0,0
11799,62.3620913505137,20.05,7.835,0.167740816792753,3.48598783302513,1,0,0,0
11800,63.811278419649,26.59,42.362,0.10370620688272,3.90133101985123,0,1,0,0
11801,67.0562024594277,7.45,7.136,0.397338601491311,3.81511196525707,0,0,0,1
11802,64.4296986669182,11.52,12.156,0.0983432301622442,3.91698770945377,0,1,0,0
11803,59.352000285859,16.37,7.84,0.101993230771418,3.14575377444641,0,1,0,0
11804,43.0300535207413,32.19,26.314,0.0946981299362658,3.01482619179496,0,1,0,0
11805,54.1282278301887,12.45,18.133,0.252165964135156,3.29975051888757,1,0,0,0
11806,50.4369858105393,9.22,8.09,0.355678042949783,3.72181081027156,0,0,0,1
11807,57.2424124254529,12.9,16.36,0.166681595871257,3.60928503314529,0,0,1,0
11808,61.9676634584276,29.8,20.201,0.227821598628328,3.76859978047124,1,0,0,0
11809,66.9187092432221,28.65,24.731,0.139374902547135,3.04059217490466,0,1,0,0
11810,62.8332886042513,31.28,32.464,0.287590403365095,4.21989325668159,1,0,0,0
11811,64.3478128076168,26.37,29.069,0.375851988239151,3.32800464679997,0,0,0,1
11812,65.8611996548461,42.71,33.536,0.300069285424765,3.46018538818314,1,0,0,0
11813,73.1021615578885,34.09,31.489,0.110744709278875,4.58051466019189,0,1,0,0
11814,62.4480883483498,23.78,18.452,0.340260635114577,3.26456796759662,0,0,0,1
11815,44.7330684792034,40.02,29.325,0.205066873631984,3.38337726785951,1,0,0,0
11816,66.8881012195457,25.35,11.563,0.331800376011377,3.39232029011771,0,0,0,1
11817,61.6987653780887,11.17,4.257,0.268753778813832,3.97214047768454,0,0,0,1
11818,45.450497590427,39.17,24.427,0.227379360965105,3.04544498918084,1,0,0,0
11819,58.7578263494192,34.62,37.074,0.156154128989201,3.79647993499606,1,0,0,0
11820,48.4197243915585,42.6,32.995,0.212674053515523,3.06948574389735,0,0,1,0
11821,69.2055940397931,28.18,13.46,0.24372914209607,3.71810890283351,1,0,0,0
11822,68.0381739844527,6.65,26.316,0.361842069386604,3.83834465556467,0,0,0,1
11823,59.3615339833525,34.54,8.288,0.241671731732376,3.28306896301306,1,0,0,0
11824,61.2304767529849,21.58,42.798,0.179155410419875,3.77525644242579,0,0,1,0
11825,45.4588383158745,23.61,23.533,0.20491339309394,2.77607801449293,1,0,0,0
11826,65.5475654928086,28.91,29.191,0.233482509791946,3.55033247675031,1,0,0,0
11827,49.2814132007855,26.69,17.266,0.228213876849504,2.65837203679323,1,0,0,0
11828,61.8936848868546,31.98,25.967,0.201986739513611,3.4817289058674,1,0,0,0
11829,51.3597193767112,9.78,7.681,0.295982860413023,2.75100309788102,0,0,0,1
11830,49.5159218905808,15.26,0.911,0.355885739461672,2.65106831388831,0,0,0,1
11831,65.1747119454735,33.16,19.956,0.0982084615916057,3.53666736424483,0,1,0,0
11832,63.0214559580673,33.71,30.541,0.208136374966793,3.60954987266046,1,0,0,0
11833,61.0425413619337,28.68,29.878,0.22750516993419,3.95855295586866,1,0,0,0
11834,62.2326951480498,28.84,24.585,0.101898187744978,3.92405443154897,0,1,0,0
11835,60.2833723392516,17.77,4.94,0.0980382914205416,3.58290095742917,0,1,0,0
11836,44.1848007930449,28.11,31.519,0.262347257757046,3.50481512885363,0,0,0,1
11837,59.1110837403916,23.06,4.005,0.389475722838645,3.55130376322908,0,0,0,1
11838,62.4662125994868,22.78,4.304,0.0730001772939688,2.85820563149243,0,1,0,0
11839,53.8714513301673,5.89,6.234,0.384450020837726,3.29612805103199,0,0,0,1
11840,59.5048899753654,33.95,29.291,0.129891805101606,3.15155004231724,0,1,0,0
11841,64.0933442243932,33.27,23.169,0.286044242784786,3.20472493026183,0,0,1,0
11842,66.164554850985,22.85,15.07,0.201346802805786,3.33925346837847,1,0,0,0
11843,65.5700851265145,19.63,38.996,0.158392410141037,4.00999159994353,1,0,0,0
11844,71.4682857686449,14.03,9.527,0.143055369984288,4.3184798227799,1,0,0,0
11845,64.3175584462109,27.41,2.712,0.0849895374917119,4.18613428714811,0,1,0,0
11846,57.0043151966446,23.54,33.191,0.223212407520339,3.43170390998015,0,0,1,0
11847,67.3036720239544,24.83,39.438,0.189395557933625,3.54979332971495,1,0,0,0
11848,64.7927726875958,25.1,39.532,0.204752364484946,3.53707462253757,1,0,0,0
11849,63.3543806474068,32.84,31.594,0.113411571479339,3.92791413372745,0,1,0,0
11850,61.8451431298177,18.57,19.506,0.220039417980798,3.49205701038165,0,0,1,0
11851,62.1396113012384,20.3,6.341,0.247561435687369,3.95257524959501,0,0,1,0
11852,38.0747475821204,25.98,28.034,0.181658745784294,2.69022907400189,0,0,1,0
11853,54.6677655714182,4.53,4.092,0.247512080478305,3.08070486557251,0,0,0,1
11854,64.8869284145919,27.68,35.052,0.196697927362773,3.69670500756142,1,0,0,0
11855,60.699272335609,22.93,24.941,0.176605423184456,3.20986314858077,1,0,0,0
11856,65.3474717846249,22.26,23.901,0.125273006502959,3.93624933229917,0,0,1,0
11857,56.2819942106436,23.28,2.754,0.145426816338304,3.11955500460726,0,0,1,0
11858,55.9308439292845,26.15,8.726,0.216394676795338,3.21937724306482,0,0,1,0
11859,63.9278756517673,13.01,0.031,0.257839768086629,3.03387595003656,0,0,0,1
11860,45.1813836905507,4.02,3.385,0.31964680251565,3.25011267304046,0,0,0,1
11861,60.1627465382927,15.82,6.43,0.209357843235584,3.59595657068376,1,0,0,0
11862,59.8187629475338,32.12,38.039,0.10117070047228,3.32248452050257,0,1,0,0
11863,75.2947282304278,39.74,29.849,0.192026881435454,3.68273874490344,1,0,0,0
11864,54.0138603748216,17.8,2.245,0.223820886449578,2.78768232539987,1,0,0,0
11865,66.1304888373054,22.95,36.844,0.238863117821681,3.53064326708287,0,0,1,0
11866,42.5951009876734,4.41,1.524,0.253952649566368,3.18303851141895,0,0,0,1
11867,65.3028325016388,7.71,12.685,0.302423479893163,3.55937976225248,0,0,0,1
11868,64.7360935715868,22.5,5.002,0.191805776432963,3.54913856637334,1,0,0,0
11869,67.7371525997131,10.16,30.034,0.234408542059114,3.7262589284225,0,0,1,0
11870,61.0762087963012,37.4,24.728,0.103350774246933,3.41148979785365,0,1,0,0
11871,61.7429515290185,18.25,13.162,0.290811944100581,3.26756447924988,1,0,0,0
11872,61.2603126358237,17.16,12.143,0.174327899521952,3.52890352247766,1,0,0,0
11873,60.0062141150353,14.77,1.166,0.0854585564430608,3.15520385024715,0,1,0,0
11874,63.3078078494594,26.23,50.723,0.114463878491317,3.97935221811647,0,1,0,0
11875,60.0417620188725,34.91,28.234,0.366110928011052,3.58203378870838,0,0,0,1
11876,62.2428928516553,18.65,17.622,0.11824721598928,3.23618152894857,0,1,0,0
11877,65.2084063252604,32.84,24.73,0.0799810135749586,3.34673455940957,0,1,0,0
11878,70.2638956734344,34.36,15.347,0.0830761264804809,3.86519824032685,0,1,0,0
11879,66.5604099793542,10.85,10.711,0.0818134685409053,3.57827163705496,0,1,0,0
11880,65.496316228183,12.16,16.087,0.099666978099817,3.3085387809034,0,1,0,0
11881,65.4755054554317,30.38,32.445,0.0915889455552787,3.24735814394932,0,1,0,0
11882,49.9211217807141,18.36,35.055,0.0893381829240075,2.9551335587829,0,1,0,0
11883,62.677754710284,39.66,21.0,0.141114657352128,2.97402380123789,1,0,0,0
11884,49.764929153707,26.95,41.082,0.155669086261959,3.70815748361119,1,0,0,0
11885,44.2393443472145,31.4,25.723,0.247637571550279,2.92066201139721,1,0,0,0
11886,68.926822293794,6.13,33.404,0.0641181445228796,3.92998091705302,0,1,0,0
11887,60.9064803935906,31.18,36.55,0.408108370166146,3.23392513450733,0,0,0,1
11888,51.1112561576466,8.62,1.043,0.229221878460841,3.71005541752663,0,0,0,1
11889,71.7899249905325,12.01,11.032,0.146641879021248,3.82350038926335,1,0,0,0
11890,60.3891109894038,21.83,7.107,0.0975117965561206,2.9818043743135,0,1,0,0
11891,67.0526759361047,34.71,36.526,0.128262465507025,4.12956103918174,0,1,0,0
11892,60.2911028001931,15.0,9.133,0.35282923376524,3.29129895483439,0,0,0,1
11893,59.7069216008291,19.32,7.286,0.105405900299844,3.52783571190483,0,1,0,0
11894,61.0076421460411,30.33,41.106,0.198406500862916,3.74992173516638,0,0,1,0
11895,59.8572056930472,33.29,2.524,0.371315394269876,3.72090286793967,0,0,0,1
11896,57.2017604358627,17.04,1.913,0.108332798353144,3.7003316696542,0,1,0,0
11897,59.5266034760718,16.0,11.503,0.244552321592538,3.54672488063303,0,0,0,1
11898,61.5596607581997,34.54,28.034,0.210817876333838,3.40910939709992,1,0,0,0
11899,49.5789000277374,8.88,2.875,0.12560544534634,2.81604629468045,0,0,0,1
11900,49.8381575915453,21.42,14.603,0.202709076178305,3.09754774140416,1,0,0,0
11901,66.9607029188489,5.88,8.409,0.370182273886959,4.21722028719161,0,0,0,1
11902,62.5744804433557,30.96,12.26,0.109544483832845,2.816614805911,0,1,0,0
11903,70.3757427458693,14.73,21.073,0.227778177024753,4.56269330210255,0,0,1,0
11904,48.308135243143,24.72,23.249,0.23750052669541,2.75497559684041,1,0,0,0
11905,49.0907266243616,36.21,39.513,0.191635851479967,3.09228597717421,0,0,1,0
11906,65.8507045345248,10.75,12.923,0.0665431635685716,3.81289730782591,0,1,0,0
11907,65.6174151533044,8.01,30.95,0.0962541455564462,3.90916640544422,0,1,0,0
11908,68.7507089380666,6.54,6.062,0.336587312344315,4.04602358437517,0,0,0,1
11909,55.1894214395007,25.43,31.035,0.234188306789118,3.67863871629003,1,0,0,0
11910,45.7531854652885,25.45,11.662,0.196357371129164,2.78146343146116,0,0,1,0
11911,42.9573719831681,4.82,7.243,0.12239790240838,2.35778393850626,1,0,0,0
11912,65.2624082207908,22.7,17.922,0.201074684718142,3.54735283361228,0,0,1,0
11913,61.962897399854,14.47,12.095,0.139783652319228,3.73429287584792,1,0,0,0
11914,59.6411178718648,27.95,12.189,0.206156144379945,3.36500013789612,1,0,0,0
11915,56.8487969674601,10.73,6.64,0.373606030233711,3.61936225443518,0,0,0,1
11916,63.5690637888241,29.48,24.648,0.100614359480562,3.16712672565284,0,1,0,0
11917,60.1211717446379,15.05,10.13,0.179095800806509,3.94654676531788,1,0,0,0
11918,64.872496227393,36.08,20.264,0.202221844016047,3.33824029605651,1,0,0,0
11919,71.248605816948,6.12,31.247,0.298221973021398,3.68968619843624,0,0,0,1
11920,56.6639243578721,37.19,24.689,0.114071513416608,2.54912840009182,0,1,0,0
11921,56.8306410339036,16.68,4.353,0.218304646800025,3.24946730258144,0,0,1,0
11922,54.612803095836,8.11,4.502,0.162183967060797,3.31852652109007,0,0,0,1
11923,53.2033397062664,30.45,33.675,0.0825444631307553,3.20827772442351,0,1,0,0
11924,46.3855099199022,3.36,2.425,0.329257439924518,3.17169172658353,0,0,0,1
11925,57.039005789846,15.61,5.466,0.19759029625577,3.60443810064624,1,0,0,0
11926,44.0660364080012,4.93,9.48,0.173134239882949,3.25252286264595,1,0,0,0
11927,72.8191019877415,16.6,10.376,0.0972838461620908,3.71462556768198,0,1,0,0
11928,50.6583252983477,24.59,30.358,0.272123524365755,2.9531608257992,0,0,1,0
11929,50.4050538361984,3.75,1.213,0.423982762128914,3.26735609792191,0,0,0,1
11930,62.18192852748,38.93,4.788,0.0719926294692388,3.68184419376177,0,1,0,0
11931,66.8811588695017,28.98,15.331,0.150931232193615,4.17700948276861,1,0,0,0
11932,59.7850260303603,33.94,44.276,0.225374033568002,3.55053217807404,1,0,0,0
11933,60.4748208633706,11.58,7.461,0.13319318287749,3.08908543118066,0,1,0,0
11934,43.3739730812147,5.11,4.273,0.248519821772939,3.17198931979974,0,0,0,1
11935,43.4480582076313,30.24,27.049,0.414785007440927,2.9091616587383,0,0,0,1
11936,67.4971441734858,9.82,25.998,0.0869002759179603,3.27391278246606,0,1,0,0
11937,62.3646522604988,13.37,5.413,0.111980294324307,3.97740290679967,0,1,0,0
11938,64.0387122500054,31.9,33.839,0.224469158420622,3.18434204951403,1,0,0,0
11939,62.6642051444886,5.71,5.74,0.332307222193474,3.6961582580247,0,0,0,1
11940,59.7992334271304,24.44,40.336,0.205487422038242,3.23117443324236,0,0,1,0
11941,62.6794248101866,18.76,19.226,0.1111594689061,3.66194118748631,0,1,0,0
11942,61.0480205040559,12.12,6.64,0.191040175004313,3.68573094205865,1,0,0,0
11943,59.0488885960215,7.88,4.972,0.194039960189716,3.51695623323966,0,0,0,1
11944,43.8733795049143,32.04,29.129,0.145373593537962,3.01288380886458,1,0,0,0
11945,73.4694584196294,34.5,23.202,0.205284633893455,3.37862866139918,1,0,0,0
11946,58.5646473624657,26.18,7.807,0.184456229399861,3.48015773343471,1,0,0,0
11947,61.5263486039415,37.47,28.622,0.137373967284217,3.89530067516755,1,0,0,0
11948,59.0002647199222,18.96,2.117,0.209991187837835,3.10674275941824,0,0,1,0
11949,70.2818957528717,26.13,3.88,0.222476371005677,3.05561279425249,1,0,0,0
11950,63.3344282198443,20.88,10.134,0.202643901114978,3.47466969197904,1,0,0,0
11951,62.5571098513479,25.89,17.358,0.108386612812449,3.41220852317485,0,1,0,0
11952,66.4134903537038,20.19,2.341,0.121170567645785,4.09747372966473,0,1,0,0
11953,54.6060517409488,29.23,24.156,0.100929749851449,2.79042881195427,0,1,0,0
11954,63.561269553695,34.01,14.32,0.327450395879594,3.56856252113954,0,0,0,1
11955,65.9677751311764,28.51,31.896,0.16142063050432,2.94524960813241,1,0,0,0
11956,65.8201023652648,12.01,28.059,0.288160573062108,3.2112394192056,0,0,0,1
11957,57.3273228324441,18.09,3.335,0.197267758959471,3.67480662006134,0,0,1,0
11958,67.7250256605894,27.46,28.4,0.0924686227615168,3.70900558710963,0,1,0,0
11959,58.1579428948923,20.36,15.088,0.232852755484364,3.81358139025062,0,0,1,0
11960,61.9042421572237,31.88,24.268,0.109394102049278,3.16650582491289,0,1,0,0
11961,72.8637106204984,10.9,15.998,0.135883299168497,3.78729656152907,0,0,1,0
11962,58.2855369595315,18.6,11.572,0.216177969569476,3.20778396740874,0,0,1,0
11963,69.8809387840898,20.16,13.222,0.197878066040151,3.5494170579105,1,0,0,0
11964,65.5815875414171,27.6,31.314,0.15950125210604,4.17780587709685,0,0,1,0
11965,59.3343187265725,6.59,5.454,0.208550474071131,3.64529255264194,1,0,0,0
11966,53.4280420125349,10.9,6.5,0.102028756188374,3.88665195778417,0,1,0,0
11967,47.1134400490065,29.93,19.132,0.126153277429408,2.76191222894754,1,0,0,0
11968,59.9110219597149,38.33,35.071,0.174101928046998,3.20518302487194,1,0,0,0
11969,61.4722123635315,22.79,6.114,0.311404339493165,2.96061490468572,0,0,1,0
11970,60.0712101273654,35.28,13.118,0.240223471555116,3.64209561379679,0,0,0,1
11971,66.4569539099579,10.92,14.896,0.211644167818695,3.63311677478849,0,0,1,0
11972,51.5404607225492,10.7,0.361,0.168744173422006,2.76642892462115,0,0,0,1
11973,63.7588582234814,28.11,36.946,0.125704089999745,3.78393518032854,1,0,0,0
11974,48.5572838932142,30.48,30.782,0.0766747066335742,3.38642910443235,0,1,0,0
11975,66.0429298154895,21.05,14.467,0.209151621160334,3.90447130049083,0,0,1,0
11976,69.7900856558282,7.62,21.527,0.0628624281042418,3.67246438186337,0,1,0,0
11977,64.5691973870614,29.14,18.597,0.132752221036143,3.62061191852267,0,0,1,0
11978,68.9673147081574,13.05,13.803,0.276441776885073,3.52606668843141,0,0,1,0
11979,54.57546771946,18.15,9.724,0.185131693865189,3.09558234986563,0,0,0,1
11980,66.9235312535027,19.78,18.4,0.261113777727802,3.52336650298874,1,0,0,0
11981,53.3043963912745,18.83,8.066,0.218795357728212,3.06835233561356,1,0,0,0
11982,65.5520953293594,21.83,22.854,0.205515866278428,3.63950422171253,1,0,0,0
11983,61.1462297827268,9.14,34.45,0.109000904006429,3.63726075214112,0,1,0,0
11984,66.7401374881538,23.24,3.786,0.243639251069222,3.21810992963361,1,0,0,0
11985,43.8117314307957,37.35,31.236,0.202525292447364,2.49450644267954,1,0,0,0
11986,62.760899460208,34.23,40.439,0.148703050141644,3.27472982749248,0,0,1,0
11987,52.6458772404451,8.18,1.284,0.208334191393745,2.80760224755223,1,0,0,0
11988,56.2661749482455,22.71,18.637,0.0866269959783319,2.98281257557738,0,1,0,0
11989,69.5252413328288,4.58,0.522,0.116046789676905,3.30126572051535,0,1,0,0
11990,65.1687848545067,18.35,7.245,0.0792309009508917,4.17422694159127,0,1,0,0
11991,63.8776359113215,21.04,2.353,0.162854640208702,3.3111387034571,1,0,0,0
11992,65.7674768809105,36.34,17.278,0.112310917575917,3.97917555874241,0,1,0,0
11993,45.5536559227799,18.71,29.594,0.246771275190437,3.09968679055896,1,0,0,0
11994,61.1670157450317,16.66,11.503,0.188511658649295,3.58273159602256,0,0,1,0
11995,62.5266307741401,16.52,8.701,0.215410423055195,3.09771893250296,0,0,1,0
11996,64.4561862767636,26.43,16.002,0.0693134533646627,3.79981954246976,0,1,0,0
11997,66.1422102040354,5.03,29.322,0.100773277639403,3.84377536675325,0,1,0,0
11998,57.9465144569537,4.43,5.86,0.371709094447031,3.28029614736909,0,0,0,1
11999,66.1127640501473,28.58,25.259,0.105065236528553,3.91590472887876,0,1,0,0
12000,68.3063089144688,11.94,21.871,0.114725739900522,3.395536778017,0,1,0,0
12001,40.9087028047976,29.03,29.826,0.189454639885537,3.49596356198325,1,0,0,0
12002,66.2512706786702,5.23,28.74,0.101109005699555,4.16263592960149,0,1,0,0
12003,52.1312950151331,6.74,3.007,0.311141655358765,3.382257714828,0,0,0,1
12004,60.8202106001055,31.12,30.681,0.320055928580402,3.25335222172516,0,0,0,1
12005,55.6259975971656,18.99,9.005,0.119442982265923,3.10227905196145,1,0,0,0
12006,67.6556624650659,24.67,21.94,0.169118068534002,4.03675604565128,0,0,1,0
12007,61.240220325474,7.55,1.975,0.237824567165565,3.11638447028987,0,0,0,1
12008,69.8979381676574,13.05,12.04,0.191830869072384,3.68940304093797,0,0,1,0
12009,62.0606668504164,32.88,32.876,0.0775003143959511,3.28234041640634,0,1,0,0
12010,40.9918960718681,8.62,0.416,0.242611980375068,2.81503397389962,0,0,0,1
12011,62.5217736145568,30.66,39.616,0.283487965311021,3.61991381408582,0,0,0,1
12012,44.3538449579559,32.26,23.33,0.23132768906219,3.29959592302083,1,0,0,0
12013,56.3359478200331,3.63,8.406,0.337552387580657,3.1905643707997,0,0,0,1
12014,43.2828931428402,30.04,26.043,0.121464234066847,2.36681730055341,0,1,0,0
12015,66.3396821933187,10.21,10.592,0.229907399587682,3.922008253751,0,0,0,1
12016,63.1424553433883,27.86,25.49,0.0473693693564235,3.6571673237585,0,1,0,0
12017,72.497536132686,10.35,19.011,0.119793299413988,3.83753097133517,0,1,0,0
12018,62.4914061947874,22.33,29.072,0.0960041586121788,3.36322837901339,1,0,0,0
12019,62.0444978368494,33.4,20.738,0.39479660566796,3.28386525277006,0,0,0,1
12020,67.8943782151545,6.41,4.103,0.331684573463697,3.33771650625346,0,0,0,1
12021,55.1673103274691,9.18,6.553,0.259094555133697,3.52265351778943,0,0,0,1
12022,60.3298718399799,18.77,10.701,0.149596141262422,3.42780256167518,0,0,1,0
12023,72.6400062045408,8.56,12.13,0.2515303894775,3.53115354646213,0,0,0,1
12024,57.974529246451,6.51,3.166,0.390929499246341,3.14911194884729,0,0,0,1
12025,64.9143973778379,24.96,32.054,0.350699292107504,3.42079828475572,0,0,0,1
12026,64.4496371577898,29.1,32.91,0.258889294931746,3.36700112795367,1,0,0,0
12027,58.4131017185987,24.74,21.927,0.267006509379939,4.1676422437675,0,0,0,1
12028,57.0087872015524,4.11,7.672,0.200472913647799,3.76015139162158,0,0,0,1
12029,63.3552847574712,38.51,28.828,0.105083053607626,3.37763890640714,0,1,0,0
12030,63.559794085925,7.3,8.771,0.253970774023468,3.3101163003345,0,0,0,1
12031,45.713916496114,4.52,8.797,0.320930559004729,2.68737450513084,0,0,0,1
12032,63.6775698952099,22.29,6.397,0.24507129131138,3.98670493435978,0,0,1,0
12033,60.8217150287371,20.52,3.572,0.103930002153584,3.83826668095795,0,0,1,0
12034,60.6038045918509,23.96,31.776,0.113874081992085,3.49811262240758,0,1,0,0
12035,65.0429073479715,21.66,15.025,0.210583309972569,3.34111052826115,1,0,0,0
12036,73.0955326756996,10.72,10.511,0.0882312430463055,3.5372482068565,0,1,0,0
12037,62.6939128745234,30.43,33.19,0.0950744629884342,3.53246487790143,0,1,0,0
12038,73.0372322278532,39.74,16.706,0.232193594310856,3.73061385932834,0,0,0,1
12039,66.6549284630964,31.39,34.451,0.133938406215341,3.62153834628836,1,0,0,0
12040,63.7460950907962,37.71,24.613,0.0799486054465193,3.80353641817076,0,1,0,0
12041,47.1537741560536,11.86,7.307,0.302282644778957,3.63156460857018,0,0,0,1
12042,61.4791737053153,22.57,39.884,0.105708032613441,3.00683741199457,0,1,0,0
12043,70.012683748004,5.07,9.131,0.256608830041877,3.53477687138706,0,0,0,1
12044,61.3406496026154,5.63,5.109,0.205365717446613,3.79427189193429,0,0,0,1
12045,64.762161855769,8.44,18.287,0.0918700293802999,3.69091301599714,0,1,0,0
12046,65.1960727667703,32.2,31.068,0.186219674793358,2.9850924554746,1,0,0,0
12047,51.8139077837804,39.53,16.365,0.206457773629587,2.84942795716973,1,0,0,0
12048,66.0159802482473,11.66,25.747,0.374854464787384,4.06389370421321,0,0,0,1
12049,62.5139358600532,35.29,30.865,0.0689217228461212,4.08994211375553,0,1,0,0
12050,62.9151554547897,26.06,35.481,0.217785639430033,3.6829204048544,1,0,0,0
12051,53.0757230210073,24.18,38.827,0.0932627088480894,3.35165310718047,0,1,0,0
12052,54.7965116362003,9.05,5.09,0.0739317226393001,2.98111116819806,0,1,0,0
12053,68.6223097763832,11.83,17.1,0.224342358831083,3.9461135693252,0,0,1,0
12054,65.7539860779058,22.67,15.143,0.191040540184075,3.47553965469345,0,0,1,0
12055,61.6425968404332,31.36,31.165,0.100046340512943,3.25734570914221,0,1,0,0
12056,49.5489951101513,31.28,40.364,0.0585554150404994,3.15130475944433,0,1,0,0
12057,49.099522139379,27.83,19.563,0.128688961413978,2.95064444870471,0,1,0,0
12058,61.168245818726,31.01,24.753,0.257561702980362,3.68808722880645,1,0,0,0
12059,56.6584688282625,29.21,23.061,0.0548466363172963,3.63939752691598,0,1,0,0
12060,68.614306602394,16.18,23.076,0.269233960563665,3.80897796857617,0,0,0,1
12061,59.0195436985196,37.85,30.165,0.259374418296806,3.53897438614696,1,0,0,0
12062,65.2417868503804,27.13,21.618,0.456284652697019,3.40895050630222,0,0,0,1
12063,47.264917888605,34.35,25.648,0.216762640844602,2.99159277077352,1,0,0,0
12064,59.5110593279323,7.76,2.546,0.238108165087456,3.77666805307788,0,0,0,1
12065,49.1979602115471,22.69,21.679,0.183833942634728,3.62007496070732,1,0,0,0
12066,46.9334424253867,38.71,39.025,0.166442625937163,3.413308548072,1,0,0,0
12067,60.9527488688489,24.02,35.074,0.28752392970698,3.15183394913655,0,0,0,1
12068,52.1017369775213,39.58,14.555,0.080981521078363,2.99845206113188,0,1,0,0
12069,52.7651632742622,27.36,29.296,0.291939344378276,3.25547431047883,1,0,0,0
12070,67.6850363186782,14.51,1.919,0.169318796416278,3.65476517118349,1,0,0,0
12071,64.3027625686802,28.54,33.244,0.112964061306082,3.65270353671296,1,0,0,0
12072,62.9624790479136,21.13,12.263,0.183088057829466,2.84314673923738,1,0,0,0
12073,56.9166436422574,13.35,18.037,0.112254583734929,3.80754089249382,0,1,0,0
12074,70.6812254391399,8.67,24.597,0.305035528010909,3.56304690844503,0,0,0,1
12075,66.9821034411344,10.48,26.374,0.128317789430403,3.86990249929016,0,1,0,0
12076,44.2455879384849,7.39,4.787,0.141142777413155,2.93048339202003,0,1,0,0
12077,66.7026321105878,6.04,7.508,0.324714802000472,3.4927135451603,0,0,0,1
12078,40.6150108694337,9.33,6.854,0.397672196020214,3.67216203778621,0,0,0,1
12079,61.8798075413694,23.33,10.775,0.101920475504354,3.73311130018369,0,1,0,0
12080,66.924978497319,33.4,23.444,0.215811090650316,2.97497364119035,1,0,0,0
12081,62.3328043537893,7.26,32.371,0.0847351256165727,3.85028567891947,0,1,0,0
12082,45.4713703889822,32.85,32.261,0.297820014965687,3.37156961459164,0,0,0,1
12083,49.9990431573531,6.46,4.111,0.22345101879756,3.47822085860741,0,0,0,1
12084,66.1054064118818,6.05,6.269,0.228906828470549,3.79957303594079,0,0,0,1
12085,67.8669416505287,13.18,30.821,0.0895297094812516,4.2416203801851,0,1,0,0
12086,56.3048035031766,4.33,1.52,0.0516931220828573,4.2528467649133,0,1,0,0
12087,63.7837756410123,5.99,4.475,0.380511932282688,4.14497712790003,0,0,0,1
12088,65.200700501027,26.16,19.658,0.155548341458782,3.32960860075979,1,0,0,0
12089,68.1504214039657,17.63,9.159,0.158333252308801,3.18877256049309,0,0,1,0
12090,72.2545902495533,9.95,16.794,0.191020008989496,3.54704252143051,0,0,1,0
12091,59.0755963395576,34.73,49.174,0.0902572232721041,3.53762684936639,0,1,0,0
12092,67.7229282260167,10.42,11.138,0.204659337099587,3.61012054366893,0,0,1,0
12093,42.5277894586854,27.8,31.504,0.115498672750388,2.86684232861059,0,1,0,0
12094,63.3208505145359,22.91,18.102,0.185756007804181,2.80640031917785,1,0,0,0
12095,47.2501286261346,12.52,2.534,0.353469498545839,3.2756248492482,0,0,0,1
12096,64.291386939617,11.93,7.417,0.324411238770546,3.21351778846869,0,0,0,1
12097,65.0964600810865,26.17,34.903,0.149566930297176,3.62639863982851,1,0,0,0
12098,68.3784958832216,15.12,14.194,0.142959374636239,3.65727022632578,0,0,1,0
12099,59.8327264794562,3.88,1.52,0.351983535924138,3.20589788234792,0,0,0,1
12100,67.1650118138111,11.67,9.835,0.250767405083891,4.42898785316484,1,0,0,0
12101,55.7303064546773,25.56,1.994,0.217361231672915,2.54737724903821,1,0,0,0
12102,63.5907532555045,16.39,5.149,0.0946536022493486,3.09135276610756,0,1,0,0
12103,56.6138406316107,20.7,13.804,0.200651586569936,3.2253427210158,0,0,1,0
12104,48.5112707322828,25.39,28.048,0.142573706873146,3.25321370215684,0,0,1,0
12105,70.0976492481433,22.02,5.145,0.221008383282481,3.76647431260762,1,0,0,0
12106,61.4454199140984,32.38,27.695,0.118667219497245,3.53784103891152,0,1,0,0
12107,51.9722419278313,32.13,21.851,0.199514813997557,3.36855645636048,1,0,0,0
12108,52.3219945387737,28.78,26.75,0.184551932735961,3.00844554742508,1,0,0,0
12109,69.5639178873539,8.75,33.377,0.0978533976529175,3.84494525598876,0,1,0,0
12110,59.6316152916045,26.24,13.93,0.204091604302663,3.87683012540851,1,0,0,0
12111,69.7638673646045,30.32,21.818,0.177606800067041,3.86467778703063,1,0,0,0
12112,64.6725153216068,8.82,18.931,0.250343727887649,3.41812445571133,0,0,0,1
12113,65.652206599901,13.24,22.334,0.0806879105546936,3.6860092867465,0,1,0,0
12114,61.5099144460868,21.91,19.935,0.181728640236093,3.52869624465258,1,0,0,0
12115,64.8341014187798,9.9,17.075,0.256176492566921,3.09993199849825,0,0,0,1
12116,55.9829925820087,15.65,14.38,0.141626490253649,3.30411129646734,0,0,1,0
12117,60.6012045628414,25.09,23.752,0.216657925422104,3.55853783010629,0,0,1,0
12118,61.5758504962802,36.74,18.967,0.197066380393858,3.65878912719861,1,0,0,0
12119,66.5661252070916,21.62,12.927,0.285305883539106,2.93922526979017,0,0,0,1
12120,52.2118691275297,9.01,6.45,0.31013528082271,3.18071424940844,0,0,0,1
12121,47.2325465273782,24.7,27.579,0.248954590165464,3.31841963266026,1,0,0,0
12122,63.1136393704311,4.57,8.252,0.272736108711704,4.10253601301654,0,0,0,1
12123,60.6932793710585,6.68,3.568,0.230592426555309,3.65730803082361,0,0,0,1
12124,59.3666988327803,35.58,35.011,0.210485649692548,3.67877087460918,0,0,1,0
12125,46.6043161546446,26.82,9.78,0.122425501561667,2.94793624476054,0,1,0,0
12126,43.5495182860399,29.32,34.235,0.223849543136001,2.97303382543437,1,0,0,0
12127,63.7465929027771,32.92,30.222,0.180848869348239,3.32554637479601,1,0,0,0
12128,53.6518637371146,5.63,6.387,0.38921503946485,3.27827362797808,0,0,0,1
12129,51.8131463034255,4.14,5.82,0.266286584876448,3.99833153225311,0,0,0,1
12130,48.6165451575735,26.47,33.121,0.170689192570078,3.27429008338004,1,0,0,0
12131,58.2307617387731,33.5,48.351,0.272773650206784,3.39890636105253,1,0,0,0
12132,62.7843018407655,22.78,33.889,0.382812681963982,3.29020351116792,0,0,0,1
12133,66.3964838891895,8.67,29.67,0.276527158849722,3.05633014428588,0,0,0,1
12134,65.3655861717971,20.44,39.939,0.17451038472945,3.08858056280694,1,0,0,0
12135,69.4767842952532,7.24,4.525,0.219225358162979,4.00447364150815,0,0,0,1
12136,50.5493811722398,29.13,22.383,0.319724264085553,2.91420201725978,0,0,0,1
12137,68.5203968687609,27.42,25.994,0.158549462356854,3.10113980771914,1,0,0,0
12138,63.1011595697839,31.08,7.228,0.210167314670007,4.0223436067596,1,0,0,0
12139,65.4249556507419,29.42,35.185,0.162279147242241,3.34714065027083,1,0,0,0
12140,59.1478926472705,33.2,32.111,0.270656090684575,3.55370883102497,1,0,0,0
12141,60.7337975410745,8.39,0.287,0.336382775705677,3.14022892200666,0,0,0,1
12142,67.5716568618659,19.91,1.073,0.160928659883893,3.51924558139851,0,0,1,0
12143,59.5931058786885,35.28,24.656,0.238652978720149,2.87267407530191,1,0,0,0
12144,59.3359929371067,32.92,21.064,0.177701899570248,3.57393958090484,1,0,0,0
12145,59.6500394741537,24.98,41.964,0.155871952465134,3.23521098292165,0,1,0,0
12146,59.338937720975,13.29,2.586,0.283797929358236,3.80437811140571,0,0,0,1
12147,68.0984605968923,16.86,5.218,0.244785796277465,3.46829669693903,1,0,0,0
12148,49.4748667573204,27.26,46.296,0.217782050641713,2.8487609488852,0,0,1,0
12149,62.2776886826102,27.51,29.234,0.241335576253237,3.48169788993494,1,0,0,0
12150,65.5730843202165,17.09,34.752,0.113403902758402,3.00987581519702,1,0,0,0
12151,52.7229835603775,6.3,5.321,0.279798181497073,2.84799278309701,0,0,0,1
12152,48.1018392334717,5.28,9.432,0.149313332507273,3.12351380633675,0,0,0,1
12153,65.0666904686677,17.51,12.592,0.115130795806066,3.16733575239336,0,1,0,0
12154,47.0650628820513,7.22,9.087,0.237426531721058,2.95839151757444,0,0,0,1
12155,51.1226459809594,34.47,25.336,0.100086253955013,2.99644409891972,0,1,0,0
12156,63.3595341756402,10.94,11.198,0.0579601236530714,3.37829553959881,0,1,0,0
12157,59.9860149729216,18.57,12.129,0.0651928735586997,3.76425319818087,0,1,0,0
12158,61.5441193982705,35.01,41.825,0.200195172841646,4.07212504403817,1,0,0,0
12159,66.8943556941842,15.54,5.998,0.0923258162079175,3.58566602604527,0,1,0,0
12160,44.4210426137414,35.17,38.728,0.214656168985944,2.54486269852277,1,0,0,0
12161,53.1830283846999,29.1,23.314,0.0762900735068976,3.17659336884592,0,1,0,0
12162,63.3598172324546,8.12,7.404,0.316618985963186,3.42893200759818,0,0,0,1
12163,47.6621933492737,36.72,20.249,0.140545504812638,2.37775435216076,1,0,0,0
12164,43.7660443980881,6.24,3.86,0.249341667875201,3.1405049517494,0,0,0,1
12165,60.7418414798839,11.28,5.574,0.261584427603771,4.01059803345424,0,0,0,1
12166,53.6039264870135,4.55,5.152,0.362302747412403,3.18529422367993,0,0,0,1
12167,49.104321154256,32.37,40.572,0.430818299747656,3.60534863585056,0,0,0,1
12168,67.4387609675907,37.47,33.908,0.233743177731638,3.94880791959465,1,0,0,0
12169,78.6514298268319,29.14,12.439,0.1482004040065,3.09525535689819,0,0,1,0
12170,38.693593278646,9.76,8.33,0.179553136323804,2.12962277100483,0,0,0,1
12171,49.7306618867767,4.14,4.967,0.310277655028778,3.16907094131894,0,0,0,1
12172,63.0246633381023,41.42,34.582,0.217214803894923,3.75196505807385,1,0,0,0
12173,64.0271497638635,40.9,23.476,0.203546448852119,4.16771504450649,0,0,1,0
12174,56.0320609548971,34.04,17.037,0.261514116719692,3.29954692008439,0,0,0,1
12175,61.6537136772133,27.77,40.069,0.120900496820674,3.92727574322906,0,1,0,0
12176,53.0843726120343,21.95,3.306,0.210294226995721,3.55874082072003,0,0,1,0
12177,69.1372169407115,6.13,8.206,0.364174221581236,4.24697122924135,0,0,0,1
12178,63.7277307586037,36.22,31.869,0.389782270451768,3.39313902276915,0,0,0,1
12179,56.0822315926907,25.0,10.976,0.211230149551792,3.36839122301166,0,0,1,0
12180,64.8830214278871,36.22,21.152,0.178359745233055,3.87323777245666,0,0,1,0
12181,47.9430926936211,26.88,32.929,0.182303642482822,3.20911372594996,1,0,0,0
12182,65.4887313347752,34.72,20.157,0.168320556502926,3.5591763235138,0,0,1,0
12183,62.0977300669226,23.16,8.143,0.101064770325869,4.00061914049565,0,1,0,0
12184,63.4649943166409,11.66,15.705,0.213237080098244,3.72910866491335,0,0,1,0
12185,49.2415973438437,32.69,40.45,0.101620579307541,3.01429579350657,0,1,0,0
12186,69.960687686185,29.04,28.5,0.202109592357058,3.77413650363661,1,0,0,0
12187,65.7196749368449,33.11,37.231,0.137597900289777,3.17332460271944,1,0,0,0
12188,57.2649039327172,22.99,31.766,0.157546281084781,3.50794599100564,1,0,0,0
12189,70.9593086920199,11.08,18.611,0.267070267050012,3.53131505191893,0,0,0,1
12190,62.6129144916697,37.76,10.527,0.199375117460692,3.55882290520644,0,0,0,1
12191,69.2768359238087,37.62,16.832,0.0937644842758289,3.80628694212334,0,1,0,0
12192,62.8805805967802,21.68,1.336,0.0868020960075317,3.82306018744793,0,1,0,0
12193,69.8625407383354,10.64,14.132,0.089054130748344,3.56110332630062,0,1,0,0
12194,61.7810659689713,28.65,36.338,0.218663160488783,3.52885021231384,1,0,0,0
12195,55.707490088997,11.81,0.522,0.207750624367385,3.26432487283772,1,0,0,0
12196,68.6527221911024,10.46,33.022,0.0693204881033242,3.96062827848977,0,1,0,0
12197,62.2261758523168,6.62,29.057,0.1288206158952,3.90514324100384,0,0,1,0
12198,60.9212810390629,28.56,37.979,0.107069895696286,3.6228777069515,0,1,0,0
12199,47.8831900541246,25.82,59.504,0.100577041010048,2.88237904364196,0,1,0,0
12200,65.5383952940169,11.95,31.677,0.08980709625425,3.90487845168598,0,1,0,0
12201,45.9601849667579,27.12,29.503,0.185409286503665,3.30252529250576,1,0,0,0
12202,68.8079112199956,5.73,9.143,0.208585120105627,3.49214580530196,0,0,0,1
12203,64.4772388948282,30.64,35.578,0.0857649503633212,4.42256004812918,0,1,0,0
12204,59.8664845606474,34.91,38.631,0.38220009261813,3.17890838513253,0,0,0,1
12205,45.5187036633738,21.21,29.797,0.179990771868797,2.94233436681742,1,0,0,0
12206,48.7400692748702,20.04,33.102,0.178867373523379,2.87738245304268,1,0,0,0
12207,57.8953682975578,27.15,46.35,0.210787355404023,3.42186960709542,1,0,0,0
12208,67.2009349211452,37.16,15.023,0.329130165368567,3.21786528410554,0,0,0,1
12209,59.8189200710087,30.21,11.102,0.26344369005299,3.54833439016422,1,0,0,0
12210,54.6755339548704,15.56,3.726,0.11292626887877,3.23329574249743,0,1,0,0
12211,64.6120783652382,14.76,31.174,0.385466766658349,3.870500330139,0,0,0,1
12212,56.7521951399719,13.48,4.55,0.354629653149756,3.06932396707014,0,0,0,1
12213,65.8028985909306,30.02,37.151,0.16595981030634,3.57008270212292,1,0,0,0
12214,73.3372004206543,23.1,30.913,0.101501499641476,3.46595530406813,0,1,0,0
12215,64.6574265835309,32.43,10.661,0.171178772603185,3.05484215654257,1,0,0,0
12216,59.2222429986067,20.33,9.642,0.122201435934138,4.10453311515395,1,0,0,0
12217,63.1942882202357,4.17,6.18,0.128024993744206,3.71960055703972,0,0,1,0
12218,62.6264897403817,5.18,8.272,0.251813870674836,3.64814131221633,0,0,0,1
12219,63.7465609833561,7.49,21.308,0.0472724185217857,4.21467973951295,0,1,0,0
12220,65.0154001219631,27.28,39.52,0.252636033966262,3.45578667911609,1,0,0,0
12221,66.7033417390245,41.01,28.597,0.0745066713679105,4.00148767730922,0,1,0,0
12222,66.9239796461672,7.92,9.89,0.108808801609922,3.43212791926652,0,1,0,0
12223,69.9193418695388,5.55,8.278,0.26203047304348,3.51736203337513,0,0,0,1
12224,63.6710569470297,28.91,35.02,0.209611547512572,3.64145076386963,1,0,0,0
12225,71.9682359187962,20.44,15.662,0.0815741777045225,4.06079130288188,0,1,0,0
12226,53.2829629652364,16.74,15.737,0.0707033503119325,3.82309661589745,0,1,0,0
12227,60.3279109766997,23.77,26.446,0.101602855827547,3.442340501227,0,1,0,0
12228,45.4825573269249,6.84,4.071,0.0881263268647361,3.3067699463913,0,1,0,0
12229,65.1633654224618,8.04,7.176,0.345958503017095,3.32046177355857,0,0,0,1
12230,64.7031955633187,27.63,24.348,0.079887502034787,3.96832747876986,0,1,0,0
12231,67.9057555637452,18.88,14.73,0.357232121846457,3.37284402545366,0,0,0,1
12232,51.2156282922866,11.04,0.215,0.238182427881413,3.2349002649854,0,0,0,1
12233,57.2682063298991,20.27,7.682,0.213583100478194,2.98733323754301,0,0,1,0
12234,56.8336989410686,10.17,7.278,0.131832623723884,3.45087927691443,0,1,0,0
12235,44.767340844726,28.72,29.875,0.136295931220212,3.15892768732186,1,0,0,0
12236,65.3592897817961,20.87,0.952,0.229730174458004,3.44167387994298,0,0,1,0
12237,53.8473672400671,15.17,2.062,0.293013956995761,3.0443558294722,0,0,0,1
12238,52.1466653655628,24.97,36.899,0.270699179551321,2.84030761207214,1,0,0,0
12239,64.8870032959437,3.76,9.626,0.192156415878428,3.64056275632296,0,0,1,0
12240,66.4398548976032,31.56,32.551,0.268664580698121,3.54768226480373,0,0,1,0
12241,58.8842782501273,25.47,8.49,0.153253418822214,3.56375849934698,1,0,0,0
12242,70.3699806187814,23.9,37.52,0.184544361401971,3.54626342112303,0,0,1,0
12243,46.3714691708115,22.88,32.164,0.240390030170592,2.77704770441013,1,0,0,0
12244,40.3801826904394,27.87,28.648,0.29327672741822,2.66376889137875,0,0,0,1
12245,64.4967799087494,33.59,25.146,0.103215711860979,3.32335832292992,0,1,0,0
12246,61.8521453403878,38.37,33.019,0.0925903635275387,3.83830797831634,0,1,0,0
12247,63.7256545299391,24.51,7.876,0.0828709072266327,3.34201719110615,0,1,0,0
12248,51.7215123339055,30.88,39.602,0.296060987570302,3.0723124573225,1,0,0,0
12249,65.4261922131979,22.44,9.506,0.107741190006217,2.50188219476406,0,1,0,0
12250,51.4270254556254,23.8,34.199,0.260185336957046,3.11995957375965,1,0,0,0
12251,50.4241223983179,33.9,27.399,0.0963980892130115,2.81847510808623,0,1,0,0
12252,71.8112167390347,15.16,10.972,0.200993233099901,3.93987868611884,1,0,0,0
12253,68.6993644709369,9.6,2.227,0.265605301822965,3.06592044830647,0,0,0,1
12254,59.0858744853251,10.59,19.836,0.204852238669402,3.06988452064092,0,0,1,0
12255,62.7792186532643,8.13,3.018,0.285234798355278,3.83254651857906,0,0,0,1
12256,58.3412881124081,28.75,37.969,0.217599246480594,3.41706518312288,0,0,0,1
12257,56.9442523009612,22.11,10.272,0.214530970535761,2.97073694386257,0,0,1,0
12258,66.1511870310801,18.65,7.349,0.256045673825221,3.45457131977494,1,0,0,0
12259,61.599220042027,17.01,18.772,0.255143796849146,3.89823478823421,0,0,0,1
12260,71.7990203478796,26.58,25.326,0.294828238254077,3.67670907785403,0,0,0,1
12261,56.1679383832094,40.2,28.073,0.0784286542024525,3.139194162547,0,1,0,0
12262,52.7907260968853,18.59,13.347,0.185578865340899,2.43111634752438,0,0,1,0
12263,60.8836018622549,30.24,31.001,0.313281991450908,4.0859484117053,0,0,0,1
12264,56.1078273744727,24.24,2.682,0.21895689601108,3.01736434517171,0,0,1,0
12265,72.701601541013,25.29,6.272,0.156800506582655,3.28085974226712,1,0,0,0
12266,63.2501500454895,31.22,19.494,0.127300732289911,3.72809968959842,0,1,0,0
12267,66.537948955232,13.83,32.591,0.297536014395091,3.34546607575697,0,0,0,1
12268,65.3828731844264,28.8,25.442,0.150354169318686,3.13524817814244,1,0,0,0
12269,57.6947116145648,36.59,41.318,0.116943969488063,3.16992553440027,1,0,0,0
12270,55.6704469035392,26.22,42.932,0.104403729037935,2.49035851571058,0,1,0,0
12271,50.3037672585045,19.22,6.5,0.164143745771412,3.86760420787079,1,0,0,0
12272,61.00394213821,39.89,24.96,0.0901537346799145,3.40917747581178,0,1,0,0
12273,61.9148594254032,28.14,30.945,0.23420665123611,4.23056570417981,1,0,0,0
12274,66.9097278237983,34.69,17.663,0.151498608857078,3.91039620534691,1,0,0,0
12275,61.8808321923745,16.42,18.564,0.151504380250827,2.70032281651942,1,0,0,0
12276,65.1028450677418,18.32,10.891,0.180374199744159,3.81006058348235,0,0,1,0
12277,69.7822026064741,24.96,41.64,0.0895123928107988,4.44385841073826,0,1,0,0
12278,57.6865873696359,8.57,6.043,0.313937698288824,3.51416911504996,0,0,0,1
12279,66.1122582062157,20.55,5.895,0.213396517748656,4.02603295853142,0,0,0,1
12280,65.2363063684272,9.68,21.093,0.203708558949404,4.35466399652803,0,0,1,0
12281,60.2434671743729,21.37,1.661,0.254052848314052,2.92830104480753,0,0,0,1
12282,65.8983756420371,14.95,13.05,0.227812855136267,3.73475415182786,0,0,0,1
12283,54.8911384512446,10.93,6.466,0.355824279613086,4.00731555354422,0,0,0,1
12284,42.0958460413756,7.64,6.706,0.152068224693587,2.26581789400037,0,0,1,0
12285,60.1700546617531,5.55,2.463,0.088994773699073,3.65729384583091,0,1,0,0
12286,63.0473098094602,29.83,26.978,0.205791568320571,3.49189766987567,1,0,0,0
12287,70.9856671211564,11.69,12.075,0.244197462862837,3.35026004076489,0,0,0,1
12288,63.1630452767496,32.12,30.008,0.187289141473432,3.09834334617076,1,0,0,0
12289,65.5945772820875,6.88,30.272,0.353160859304455,3.1256335035261,0,0,0,1
12290,63.8783039944055,32.42,48.524,0.135985244190699,3.02312497861172,1,0,0,0
12291,69.8360396020245,12.3,29.269,0.173093137232484,3.68514623919373,1,0,0,0
12292,65.4419523715109,15.15,17.833,0.252610571995984,3.58182612158974,0,0,1,0
12293,61.3019527735458,13.42,19.925,0.226538739837697,2.88524824718805,0,0,1,0
12294,62.033627094531,37.87,23.611,0.179946650812051,3.90724399451788,0,0,1,0
12295,44.0042595611147,24.98,22.915,0.16068663767402,2.94240147221561,1,0,0,0
12296,60.3204908648113,32.99,21.518,0.222911281754786,4.04156047855832,1,0,0,0
12297,60.1281452386658,24.29,4.17,0.120711929260173,3.37816111988417,0,0,1,0
12298,68.8722775490975,13.35,23.404,0.318351267878497,3.73050818814575,0,0,0,1
12299,72.1927908469403,30.12,19.454,0.349629590757986,3.28834489981261,0,0,0,1
12300,66.7944800314935,12.71,15.783,0.174974329352644,3.40449908373285,0,0,1,0
12301,57.6993116345746,18.42,19.268,0.337041321743435,3.30258328100557,0,0,0,1
12302,67.1571700546072,14.53,10.118,0.171839028569337,3.70373360835134,0,0,1,0
12303,62.4898360938322,26.29,1.079,0.119523498182464,3.37163974010602,0,1,0,0
12304,62.5928078552747,22.1,8.562,0.187192760662325,3.37085049535535,0,0,1,0
12305,64.4714036546845,15.61,2.375,0.232873495296919,3.93084749177216,0,0,1,0
12306,65.873081270916,33.23,36.312,0.173226572930895,3.65810180283433,1,0,0,0
12307,68.7985884089134,31.9,30.071,0.229937835077826,3.75876988825464,1,0,0,0
12308,68.5804549998956,34.04,36.698,0.2478019345335,4.66266652461346,1,0,0,0
12309,59.3772342948992,24.85,8.642,0.22396730010842,3.66927980119876,1,0,0,0
12310,60.5324207177944,31.66,32.975,0.221504472344697,3.03487916858905,1,0,0,0
12311,69.9946665444709,20.71,15.646,0.0980493257664586,3.56387800094306,0,1,0,0
12312,59.0823690670192,25.27,2.542,0.157115419696049,3.7554034812739,1,0,0,0
12313,61.29150584752,13.1,12.092,0.163180783362538,3.22439488292247,0,0,1,0
12314,67.9696950695872,30.38,21.919,0.0945416930067376,3.6329636610937,1,0,0,0
12315,64.5613018111544,35.6,21.317,0.0841173665766493,2.847765765591,0,1,0,0
12316,41.9943055615948,39.03,22.697,0.193569536219585,2.93425414565649,1,0,0,0
12317,63.8410230186977,8.98,4.358,0.397018071727395,3.85051894172864,0,0,0,1
12318,69.3712669973202,19.02,14.488,0.338368717560918,4.07413355644008,0,0,0,1
12319,63.6381304187307,22.11,24.052,0.136423861316278,3.25698586159524,0,1,0,0
12320,70.3840224105612,10.66,21.823,0.214321206316871,4.27606827575186,0,0,1,0
12321,62.9293983012388,5.56,9.827,0.335080285366007,3.60744267416503,0,0,0,1
12322,49.7798282324937,33.23,20.919,0.341786043852735,2.68795302539594,0,0,0,1
12323,59.9317744275986,22.42,5.154,0.113958629867101,3.57395605916388,0,1,0,0
12324,65.5610341866168,5.21,27.557,0.0625609078475219,3.72259739321312,0,1,0,0
12325,59.363648227774,23.72,37.673,0.17289756883867,3.40026023098264,1,0,0,0
12326,64.5795857985686,12.38,16.24,0.0813113623303082,3.73424131713652,0,1,0,0
12327,63.3881195254299,18.98,14.235,0.153763536793382,3.2878432489759,1,0,0,0
12328,63.8745614445966,36.11,15.477,0.244756172519496,3.8304565713812,1,0,0,0
12329,67.4957129816998,13.03,12.084,0.0955619739141955,3.99654022063466,0,1,0,0
12330,56.9137530036071,5.23,5.853,0.292889038066587,3.3308241162905,0,0,0,1
12331,49.0753268438012,3.68,9.586,0.364699045135252,3.27457060098189,0,0,0,1
12332,64.1824559532147,26.67,21.463,0.169022065594185,3.28535303787045,1,0,0,0
12333,70.4264082648976,6.62,16.87,0.193226960266481,3.8894129940663,0,0,1,0
12334,49.7375693551608,29.41,21.03,0.128145105456679,3.28057897279894,0,0,1,0
12335,67.6602732584165,25.09,34.0,0.120663692238058,3.75388366950848,0,1,0,0
12336,66.8676207773199,19.74,6.56,0.213943291645141,3.44555410097769,1,0,0,0
12337,60.1484195478032,24.75,35.841,0.0853966732007461,3.58459772168752,0,1,0,0
12338,63.5550583549965,28.08,50.195,0.110383644464623,3.67324191637468,1,0,0,0
12339,69.849361024176,29.67,2.545,0.211845802302815,4.08256639312406,1,0,0,0
12340,61.7905231333375,35.98,24.186,0.0959222080265493,3.64003200648105,0,1,0,0
12341,50.9243498812825,5.91,3.683,0.217908162344615,2.6148253674888,0,0,0,1
12342,66.5795712496979,5.29,12.105,0.365706564480297,3.52239981903884,0,0,0,1
12343,68.1906730551232,14.69,33.402,0.10811630480793,3.74006315057175,0,1,0,0
12344,54.9452241898611,27.23,42.301,0.0816788827061253,2.99633278296167,0,1,0,0
12345,65.5749127774557,13.02,22.53,0.352173195780919,3.57979230848129,0,0,0,1
12346,53.3766531126978,5.93,2.237,0.174513447611118,3.67536230262632,0,0,1,0
12347,66.0291377371639,32.87,8.699,0.204187401683527,3.92672998634242,0,0,0,1
12348,69.3528023238186,33.33,30.083,0.338321414275532,4.22318361192257,0,0,1,0
12349,68.9970887614621,27.02,28.321,0.151205516469874,4.02339253877831,1,0,0,0
12350,68.6795526264354,5.82,8.361,0.0933714646050051,3.58429189558852,0,1,0,0
12351,50.6908996136496,29.94,25.21,0.26051552683358,3.46922330382862,1,0,0,0
12352,67.0766732464228,23.13,6.82,0.0964108765533298,3.19451559387931,0,1,0,0
12353,60.8653083616211,28.16,19.783,0.213844205503619,3.27771864725291,0,0,1,0
12354,64.4351532076542,16.62,10.963,0.204682145267949,3.64161837563757,1,0,0,0
12355,69.2657811342231,26.5,16.873,0.16179642869952,3.37538437646077,1,0,0,0
12356,63.6583234898535,32.73,11.54,0.222040372283229,3.02507452108391,0,0,1,0
12357,56.0943599060534,17.37,1.795,0.307602973897642,3.13619096054279,0,0,0,1
12358,71.1017628558693,7.45,1.608,0.375115114316725,3.05424978167223,0,0,0,1
12359,70.6434116732305,14.28,21.593,0.117573830069541,3.82318469485774,0,1,0,0
12360,63.4547880854787,8.87,32.526,0.379543521252209,3.43442892796173,0,0,0,1
12361,58.1840890680921,9.69,2.054,0.183691651612775,2.81640883852125,0,0,1,0
12362,63.4675456803897,35.58,28.652,0.17837069989763,3.80562137590342,1,0,0,0
12363,62.4279099157205,26.53,15.741,0.208632419529087,3.76232277375164,0,0,1,0
12364,63.7333369019896,9.08,4.522,0.109982823032657,3.64011220338453,0,1,0,0
12365,64.9307618558423,31.28,17.672,0.236664177177991,3.28383513626319,0,0,0,1
12366,66.695225326025,5.12,16.291,0.135809552247404,3.30931635603953,1,0,0,0
12367,67.1591576092246,36.03,26.678,0.161682704414057,3.44790428730426,0,0,1,0
12368,71.0566488164879,13.06,17.533,0.409823987133534,3.88125464889387,0,0,0,1
12369,65.198467112823,19.96,22.338,0.242366587847216,3.47471570499475,0,0,0,1
12370,64.6603968769018,23.19,9.756,0.225078186968452,3.69551981231616,0,0,1,0
12371,46.2386859218763,6.0,0.507,0.288448415676786,3.07873268553821,0,0,0,1
12372,65.9522612507786,20.1,10.288,0.202804421555731,4.08092290011608,0,0,1,0
12373,67.4197182397116,35.51,24.91,0.113993309795709,4.09040684381359,0,1,0,0
12374,66.896013866553,11.29,16.085,0.0864580009049515,3.90920144769335,0,1,0,0
12375,60.7733867284292,20.61,16.69,0.191901509409901,3.91564341901306,1,0,0,0
12376,58.0550247981759,5.22,6.237,0.295480457986814,3.62208026281877,0,0,0,1
12377,69.396130520101,5.15,3.985,0.297941723516321,4.12017016499233,0,0,0,1
12378,51.3802034163217,33.27,28.189,0.113347502352672,3.04122347069678,0,1,0,0
12379,66.2107915259364,31.34,26.936,0.196093401766438,3.35169864291844,1,0,0,0
12380,61.6318186718619,26.18,20.883,0.208916582430939,3.91084794034993,1,0,0,0
12381,63.6854544380997,21.69,17.907,0.194250933464352,3.67159813202679,1,0,0,0
12382,62.023001868389,16.68,3.619,0.23152444026122,3.80625493231838,0,0,1,0
12383,62.5020589037018,36.52,11.191,0.0718012577748108,3.3183130959287,0,1,0,0
12384,65.5201492871461,31.46,34.659,0.122333062302303,4.28937835029068,0,1,0,0
12385,70.3536393609852,30.46,26.418,0.223011617739985,3.91018808069296,1,0,0,0
12386,61.306944130893,24.55,40.187,0.0922711227413303,3.57160517311887,0,1,0,0
12387,73.4764035028872,7.74,27.546,0.121744506628397,3.55928164056871,1,0,0,0
12388,69.7767971010924,14.44,22.057,0.118148713391454,4.3672198374565,0,1,0,0
12389,64.6530912014022,10.49,15.532,0.103061266618711,3.42057861836079,0,1,0,0
12390,59.7155809733428,31.67,17.915,0.136373272746891,3.91446741092615,1,0,0,0
12391,60.6230622270529,12.91,5.813,0.237299521893463,3.52005465495154,0,0,1,0
12392,68.2005064084197,11.77,32.79,0.231648491662452,3.5392446254976,0,0,1,0
12393,56.8155335237562,33.39,2.926,0.314980328248901,3.47752378286583,0,0,0,1
12394,60.9936481661832,25.39,14.562,0.186372327052514,3.56538086424669,0,0,1,0
12395,52.392874615016,13.39,2.989,0.262066885411859,3.43522185774645,0,0,0,1
12396,67.6260541164513,24.73,28.049,0.128817252692154,3.46576291565246,0,1,0,0
12397,58.1650202906379,27.41,18.964,0.178939913264128,3.59343320374968,0,0,1,0
12398,58.4963824607306,26.65,10.915,0.100358985060042,3.30906026559421,0,1,0,0
12399,52.0228517743959,41.87,28.919,0.110918632939091,3.04526014100849,0,1,0,0
12400,62.1137148310857,10.37,8.556,0.262977194883884,3.73718708738664,0,0,1,0
12401,54.3794883277249,10.78,8.559,0.253459815500623,2.69656995895779,0,0,0,1
12402,60.2514951206354,32.19,36.036,0.100192687946726,3.21220303983558,0,1,0,0
12403,49.4530627157896,32.54,30.374,0.206834301460712,2.71869784180689,1,0,0,0
12404,62.0873391159808,10.92,10.746,0.381798239274011,3.45124714899996,0,0,0,1
12405,51.8788222066407,5.25,6.597,0.309062865675634,3.64756737395098,0,0,0,1
12406,59.6625257931728,16.13,16.813,0.220860409835294,4.03268534504908,0,0,1,0
12407,67.6265118941793,7.26,10.463,0.177128366240245,3.75067303143237,0,0,1,0
12408,44.7533405736619,5.01,5.173,0.298214482421968,2.78213606785856,0,0,0,1
12409,64.1009061307548,32.43,38.807,0.253244543901356,3.99564196561925,1,0,0,0
12410,41.385229490138,31.98,35.949,0.153807968309797,3.39036124409733,1,0,0,0
12411,66.8660140953604,17.39,15.107,0.0755406439261125,3.04806949093744,0,1,0,0
12412,64.3816480391973,17.32,23.096,0.0653629207300028,3.23858552019716,0,1,0,0
12413,61.558097277001,32.43,30.81,0.249978363700493,3.30323143155848,0,0,1,0
12414,64.2198218025079,35.88,25.078,0.202037199841641,3.19872561149036,1,0,0,0
12415,62.6277181587007,27.66,36.011,0.089951926411619,2.9904449720563,0,1,0,0
12416,53.5883797608007,16.17,2.935,0.392170050172721,3.34593802704862,0,0,0,1
12417,56.2006099697511,22.51,3.013,0.180841184232914,3.22839987369412,0,0,1,0
12418,61.5411026182394,23.62,18.018,0.278771807801954,3.42130443781718,0,0,0,1
12419,69.7457930906447,22.32,4.97,0.218082664260794,4.12125712115445,1,0,0,0
12420,46.2939636258305,30.4,27.376,0.101942168219558,3.28174352837872,0,1,0,0
12421,39.6669968882619,8.81,0.166,0.259526865169622,2.89254773837239,0,0,0,1
12422,55.6204357937396,30.36,38.308,0.20040024672652,3.36517268608444,1,0,0,0
12423,63.2548920795755,23.81,14.679,0.236936303914084,3.8388125001255,0,0,1,0
12424,64.4300405748822,28.1,0.324,0.244069960995441,3.13864768453673,0,0,1,0
12425,62.7936343739492,10.06,29.703,0.152475636332113,3.77081150831281,0,0,0,1
12426,63.1387575525255,30.91,30.433,0.185149252401327,3.56984677002651,0,0,1,0
12427,66.4143161818659,32.96,27.815,0.10561683968945,3.90844286424436,0,1,0,0
12428,56.0745092616122,16.15,1.914,0.296068941700141,3.34809591384356,0,0,0,1
12429,67.2522561902482,5.7,3.152,0.207933338990621,3.7782761853214,0,0,0,1
12430,58.5859651921761,10.3,14.389,0.104645447935142,3.60437787118149,0,1,0,0
12431,44.1631867185383,30.72,31.737,0.102089985562213,3.04482438603845,0,1,0,0
12432,67.7978864884657,36.25,27.009,0.103940121372954,3.39486358087033,0,1,0,0
12433,61.0722706857524,26.23,24.556,0.0692772104465563,3.64172089924825,0,1,0,0
12434,63.0949072752121,27.5,19.518,0.24346796531087,3.35642835830799,0,0,1,0
12435,48.3949466243306,8.09,5.233,0.118622608190675,3.4015474605593,0,1,0,0
12436,53.697622440415,32.33,35.606,0.202614559572684,3.2264518953342,0,0,1,0
12437,59.1747463370752,33.93,19.933,0.260361682384579,3.48696065839592,0,0,0,1
12438,60.3024604826947,22.4,38.591,0.396809384603662,3.31570682833062,0,0,0,1
12439,61.3811792272989,11.84,3.814,0.207254084551719,3.74097450856901,1,0,0,0
12440,62.6583789283064,17.58,16.889,0.161038545772733,4.01705329700857,0,0,1,0
12441,64.0209102192332,28.13,34.108,0.229433650956176,4.01239232027096,1,0,0,0
12442,65.1092008440487,7.51,8.369,0.333763095265711,3.43212405496313,0,0,0,1
12443,72.0803964791135,18.6,7.415,0.224885823009183,3.837494287865,0,0,1,0
12444,59.1029280176439,17.86,16.769,0.170543039300589,3.16937936861731,0,0,1,0
12445,48.3837041730114,27.51,18.595,0.207057154268264,3.30189754168041,1,0,0,0
12446,72.6983419743715,22.92,4.04,0.0813650646208726,4.00629194940451,0,1,0,0
12447,57.2442597328451,35.3,27.717,0.105441429529706,3.57017831255648,0,1,0,0
12448,54.9647544794159,25.32,18.543,0.246690388046395,4.63408476057869,1,0,0,0
12449,68.5104547178433,11.14,16.093,0.238696786739215,3.88112677952095,0,0,0,1
12450,49.3469635366327,26.0,15.656,0.165994469193985,3.29985239612396,1,0,0,0
12451,39.9980131122685,31.26,38.007,0.143789118324059,2.96260991981768,1,0,0,0
12452,59.8468824338831,30.77,8.943,0.0913611262423495,2.81702787629787,0,1,0,0
12453,62.3073070440192,15.11,12.149,0.231188328121076,3.39585009695051,0,0,1,0
12454,53.0580780895156,35.04,25.808,0.106846879511019,3.54062943604344,0,1,0,0
12455,62.8695712884603,24.12,28.651,0.102781100055196,3.04462401316732,0,1,0,0
12456,57.8751159306827,4.59,9.397,0.247782124825173,3.66957214035171,0,0,0,1
12457,62.9999516193828,14.25,24.751,0.207743790071313,3.80977047210749,0,0,0,1
12458,52.8439989231133,7.14,4.021,0.0961490356233629,3.75267358184755,0,1,0,0
12459,62.5390695968498,33.36,35.399,0.227302808060736,3.34780853416107,1,0,0,0
12460,55.0282280306673,6.97,7.539,0.35119098038245,3.31902000795172,0,0,0,1
12461,51.3953549380004,11.75,10.487,0.17923606326503,3.03641943569764,0,0,0,1
12462,56.9487401615944,32.98,19.761,0.116582541884629,2.92479523095332,0,1,0,0
12463,68.558447985925,10.15,32.707,0.1928776235166,3.65335172452953,1,0,0,0
12464,52.7997575596106,31.13,16.054,0.0841525694708732,3.29910875414237,0,1,0,0
12465,60.3092677568659,24.14,2.958,0.177650916647899,3.51134740077218,1,0,0,0
12466,58.0928262688141,21.86,14.836,0.151785611674676,3.12930748052535,0,0,1,0
12467,64.2956223609372,18.33,2.622,0.181618645143717,3.42231534852226,1,0,0,0
12468,63.7659329838014,10.33,17.509,0.0920847914097483,3.29892437003181,0,1,0,0
12469,62.2228281453758,6.03,8.181,0.155690259127522,3.5589090870567,1,0,0,0
12470,66.5405406482167,38.05,42.757,0.126558536271035,3.30465044749376,0,1,0,0
12471,73.1619484453112,4.09,7.34,0.290176227791029,3.57840431789611,0,0,0,1
12472,60.5752606939452,18.08,17.033,0.164627003337884,3.44896974693852,1,0,0,0
12473,68.8713685048036,31.03,23.843,0.244912833638567,3.68910825595867,0,0,0,1
12474,66.2472775090375,27.72,14.48,0.178491810643382,3.67643598229488,1,0,0,0
12475,67.4782767673713,24.56,15.996,0.170565221030537,3.21160621185538,1,0,0,0
12476,68.5317679818305,17.13,19.928,0.121979130008176,3.21696534490738,1,0,0,0
12477,66.5718663924467,27.24,22.378,0.16555481120936,3.55336516875699,1,0,0,0
12478,53.1037606781664,8.93,3.483,0.283338127190565,3.52012797941266,0,0,0,1
12479,61.1453088582887,28.27,36.504,0.228211080865151,3.31750381976376,1,0,0,0
12480,67.0912282026959,5.11,25.204,0.217974543662081,4.01583398455064,0,0,1,0
12481,57.630843328312,5.19,8.008,0.301407987539572,3.53957803689216,0,0,0,1
12482,47.4622423719817,8.54,4.267,0.0938247433405495,3.102593814386,0,1,0,0
12483,68.5730281369137,6.59,14.312,0.285748797259139,3.89234853429961,0,0,0,1
12484,58.842384515846,11.71,4.873,0.196531103056551,3.52497819320899,0,0,1,0
12485,55.2588384476627,3.65,6.231,0.1136240212779,2.57940873185047,0,1,0,0
12486,40.6958942135147,26.15,26.141,0.219877423651365,2.93305567168318,1,0,0,0
12487,63.6077428734438,25.16,15.097,0.410710564710478,3.52942338112208,0,0,0,1
12488,44.4454834167353,23.89,23.157,0.153771851609112,3.05144858379669,1,0,0,0
12489,43.6076609269096,30.93,3.505,0.211363754887875,3.33108774343105,0,0,1,0
12490,68.1709807170482,16.83,14.836,0.146289777771616,3.94974106365542,1,0,0,0
12491,60.6672022277214,21.72,2.575,0.184165690814563,3.10258728156743,1,0,0,0
12492,59.5022045531301,5.71,3.521,0.379472526996643,2.96351097956142,0,0,0,1
12493,60.5320336637442,29.72,10.027,0.184555216601414,3.69696089935267,0,0,1,0
12494,43.9116269272084,27.68,40.11,0.221442639269583,3.14757215814132,1,0,0,0
12495,55.8078499779083,17.26,15.507,0.227849996616879,3.29821028732644,1,0,0,0
12496,71.6262620156139,27.26,22.994,0.157278737594666,3.68373129060399,1,0,0,0
12497,63.9581510511213,12.62,8.876,0.216513998862663,3.43471476438538,0,0,1,0
12498,63.872646722182,28.04,15.908,0.165616583325826,3.43236391373098,1,0,0,0
12499,65.8797594215674,26.36,5.622,0.129282326466017,3.1829208495245,0,1,0,0
12500,44.9812500978143,37.21,31.937,0.13052565771789,2.84951815447317,0,1,0,0
12501,62.2218304200982,14.48,6.209,0.120121806597425,3.15658890123448,0,1,0,0
12502,64.7205691014442,30.19,41.954,0.0797038894763588,4.13447363947338,0,1,0,0
12503,65.9705712099699,7.69,20.469,0.277974312059654,3.36876197685401,0,0,0,1
